date,c_open,c_high,c_low,p_price,p_volume,p_5_SMA,vol_5_SMA,p_10_SMA,vol_10_SMA,p_20_SMA,vol_20_SMA,p_30_SMA,vol_30_SMA
2020-05-31,0.015456803753795212,0.03669334805409874,-0.023185205630692707,,,,,,,,,,
2020-06-01,-0.029603476371537263,0.018196632265073287,-0.03503530689842471,-0.01602390005431842,0.2841454881823464,,,,,,,,
2020-06-02,0.03933054393305424,0.03933054393305424,-0.009762900976290179,0.02705718270571822,-0.2623305047677369,,,,,,,,
2020-06-03,0.002286367533580913,0.028865390111460387,-0.13975421549014,0.024578450985996092,-0.5559181453531852,,,,,,,,
2020-06-04,0.0014306151645206988,0.012875536480686511,-0.022317596566523656,0.0011444921316166035,2.6594233803898155,,,,,,,,
2020-06-07,0.006808510638298015,0.03619290780141826,-0.020141843971631213,-0.008510638297872242,0.11539955758877962,0.014695035460993155,1.01277918288709,,,,,,
2020-06-08,-0.024556616643929052,0.021282401091405223,-0.028646657571623546,-0.038199181446111785,-0.385501724709138,-0.029413369713505833,0.1487244947674078,,,,,,
2020-06-09,-0.02396166134185318,0.0013312034078807322,-0.02396166134185318,-0.024227902023429282,0.11630082450453583,-0.05383386581469629,0.3221397959405661,,,,,,
2020-06-10,-0.01813941435605082,0.043016325472920336,-0.05415910857735173,-0.02669085255247472,-0.2161587224446121,-0.07022544700699651,-0.001808392270210124,,,,,,
2020-06-11,-0.023809523809523836,0.0096552579365079,-0.044642857142857095,-0.042906746031745935,0.21086184468625468,-0.09226190476190455,-0.08064875802688365,,,,,,
2020-06-14,0.004789513486261665,0.015881018401814773,-0.010083186286866663,0.016385177716158328,0.13596462937661613,-0.050315099571464295,0.10655634847569728,-0.07433829089992416,0.2975911385798975,,,,
2020-06-15,-0.008829465186680152,0.03140766902119063,-0.02699293642785061,0.0007568113017155653,-0.39344565491878203,-0.027295660948536526,-0.29722254825595673,-0.06495963673057492,-0.2293117368587657,,,,
2020-06-16,-0.00358056265984652,0.023017902813299296,-0.02813299232736577,0.013810741687979577,0.2978972879399884,0.001432225063939141,-0.01778742065781891,-0.04483375959079261,0.05221234852856327,,,,
2020-06-17,-0.043672456575682306,0.022168734491315067,-0.043672456575682306,-0.02977667493796521,0.3295505459366235,-0.020744416873448746,0.3461109303938479,-0.06521091811414359,0.39160749028729946,,,,
2020-06-18,-0.014457831325301207,0.006746987951807171,-0.04445783132530112,-0.028915662650602525,0.6138333382858387,-0.04081927710843325,1.03047573767569,-0.07944578313252992,0.8972810744955875,,,,
2020-06-21,-0.00974103112378244,0.0038013779995247354,-0.030408648134949035,-0.014017581373247934,0.08200885249766898,-0.04865763839391746,0.9981544792995165,-0.07678783559040137,1.0103025496479363,,,,
2020-06-22,-0.016886421466574042,0.06037473976405283,-0.028915105250983064,-0.026370575988896472,-0.29858072857937545,-0.06254915567892616,0.2854314194217671,-0.08531112653250028,0.38539308105182446,,,,
2020-06-23,-0.010009310986964559,0.011638733705772841,-0.039338919925512084,0.006284916201117152,2.2567693286980366,-0.03994413407821196,2.4610390246290947,-0.06424581005586572,3.335080546442736,,,,
2020-06-24,-0.00936548817607119,0.006321704518847948,-0.06298290798407857,0.005853430110044577,-0.48032417715238107,-0.016249121985483228,0.3513378032799399,-0.04612502926715034,1.0708724029567804,,,,
2020-06-25,-0.0034762456546928444,0.006025492468134441,-0.025840092699884187,-0.010196987253765832,-0.023614906832298166,-0.015110081112398088,0.10990559006211176,-0.04630359212050983,0.8282124223602485,,,,
2020-06-28,-0.04701784936874176,0.0,-0.06863517631693505,-0.06073138876795814,0.6448376616742608,-0.06774053112755729,0.7420077235855418,-0.09806269046582494,1.775764696266934,-0.14936874183717863,2.6486381561471974,,
2020-06-29,-0.0066225165562914245,0.005981627857295502,-0.044648579363383956,-0.018585772270882428,-0.44769331467521334,-0.06861781670583167,-0.1380129102153208,-0.1014313180944244,0.3958504491490995,-0.15480666524246933,0.9205835552746806,,
2020-06-30,-0.02665573098216123,0.0252204223908139,-0.03834324379741649,-0.04018864055771998,-0.5643354064750854,-0.09136764404346898,-0.6681354015585437,-0.12284191101086728,-0.4865429337004351,-0.17853188435513623,-0.18294427099977884,,
2020-07-01,-0.021547502448579725,0.10851909892262501,-0.040940254652301555,-0.04466209598432902,-0.038112308114294335,-0.10918707149853035,-0.5270394506606638,-0.14307541625857012,-0.5123686475545508,-0.20256611165523974,-0.2200488049410274,,
2020-07-05,0.06723891273247484,0.0956468424279584,-0.015532393214796603,0.04332720212548535,0.7836242018337789,-0.03650112405477168,0.06771148768905033,-0.08397711015736775,-0.08931954484492177,-0.15160433272021234,0.2631966293556469,,
2020-07-06,0.007787834140181138,0.03136181856451281,-0.014100189433803423,0.02988844453799211,-0.4328394624669304,0.016628078299305793,-0.35802687665347865,-0.04095979793727633,-0.47508096962622415,-0.11153441380761941,-0.2888580053485402,,
2020-07-07,0.06476916181084724,0.08597489914836398,-0.02913267593007618,0.06476916181084724,0.020559716431173047,0.08951142985208471,-0.1885058930367448,0.0333034513671,-0.40778886621293053,-0.04025100851636032,-0.253999160230058,,
2020-07-08,0.01534296028880866,0.01534296028880866,-0.07002933212996398,0.006768953068591932,-0.2571845124976426,0.0870036101083036,-0.31292051702377677,0.04343411552346543,-0.5340595215644177,-0.024763086642599186,-0.44593772213598704,,
2020-07-09,0.01382488479262678,0.059447004608294884,-0.006958525345622135,0.021198156682027625,6.148501503681427,0.08953917050691285,4.286663901275537,0.06868663594470026,2.939730892875661,0.0036981566820277756,3.0797962252411075,,
2020-07-12,-0.0011544677903487788,0.03832833063957497,-0.022165781574694066,0.002078042022627402,-0.792036662622995,0.05647656430385628,-0.0869885429303141,0.07250057723389491,-0.20226122118883938,0.011336873701223826,-0.204389540369322,,
2020-07-13,0.014632995043663,0.029738022185508806,-0.05593580363464712,0.022185508614585903,0.14845201238390082,0.05338683030446112,0.1314253869969042,0.096672173707812,-0.01883529411764706,0.03730233655888604,-0.08883343653250775,-0.019573597671308285,0.0641777089783282
2020-07-14,-0.035674717482827356,0.010192776423664895,-0.06525592732107244,-0.06115665854198993,1.6820114255347418,-0.0338134278750275,1.8766341171781584,0.021692887214712853,1.8184203533944467,-0.02314424994460451,1.4362553142022052,-0.07499815348253214,1.82365428900403
2020-07-15,-0.03958728153295432,0.01073910296904601,-0.07433143819751531,-0.049694672562644704,-0.46884482393620774,-0.07967993261739292,0.27283713217133587,-0.03261739313539702,0.4719709265401171,-0.0659086123394399,0.19658545621339352,-0.11513301045834212,0.46791716651377224
2020-07-16,-0.02020408163265308,0.02734693877551031,-0.04591836734693877,-0.03081632653061217,-0.274996962313502,-0.09510204081632612,-0.28485697292941703,-0.06504081632653058,0.00960996105366152,-0.08613265306122453,-0.1654890035748774,-0.13448299319727874,0.0396760227410804
2020-07-19,-0.01622509755596635,0.02382419387964685,-0.03758471965495991,0.006366810433353853,-0.06975817246200067,-0.06633805709591256,-0.1945887742050626,-0.0632984185664408,-0.09358874445997789,-0.07138016019716564,-0.22565483803801423,-0.11938111864174694,-0.10392992058062411
2020-07-20,-0.00020673971469920005,0.02480876576390334,-0.00516849286747989,0.0066156708703741796,3.1309102526295094,-0.03791606367583178,2.2416592942101645,-0.057597684515195424,2.8660522952914578,-0.05780442422989451,2.281243241914873,-0.10408655502722053,2.7240407614928404
2020-07-21,0.021489361702127674,0.05765957446808523,-0.029787234042553123,0.029148936170212636,-0.6362433625945327,0.015659574468085413,-0.036811899951727955,-0.028297872340425467,0.25582125042461534,-0.023659574468085198,0.17005703252105198,-0.06866666666666665,0.32918700349823315
2020-07-22,-0.06657107742728385,0.03215895124948798,-0.06964358869315856,-0.03727980335927894,-0.16466169343697967,-0.014543219991806411,-0.11827475227192963,-0.059647685374846326,-0.020374560362015237,-0.05619623105284732,-0.030506955800981173,-0.09631981428376357,0.0870760744839465
2020-07-23,-0.035354573484069896,0.024859198355601242,-0.04472970195272352,0.003494347379239482,-0.24308605341246292,-0.0056320657759504344,-0.3093808110781404,-0.04711202466598152,-0.3386632753991804,-0.04687564234326813,-0.23987480570863362,-0.08544707091469672,-0.1865879138994867
2020-07-26,-0.0016430478537686755,0.028137194495789775,-0.020332717190388094,-0.0008215239268843932,-0.14650618683518657,-0.00788662969808962,-0.3907281892954485,-0.037112343397001535,-0.36881111459514215,-0.04155884165126311,-0.32752140669094765,-0.0793112891079617,-0.31502769804706654
2020-07-27,0.003909465020575986,0.03456790123456788,-0.011934156378600735,0.0018518518518517713,-0.18642438038423048,-0.0060493827160491564,-0.47354147451873074,-0.024259259259259314,-0.477916364135874,-0.034084362139917834,-0.42800604407464815,-0.07186556927297649,-0.44094782079711137
2020-07-28,0.005586592178770999,0.024725843161597316,-0.024415476929443458,0.005586592178770999,0.2962444801693087,0.0004552038071594655,-0.09973545511894344,-0.0059176494930685,-0.27578905598176684,-0.02593627146699773,-0.20619289391750273,-0.06052141527001853,-0.26104322256364343
2020-07-29,-0.02032773283551137,0.019290603609209755,-0.02509852727649864,0.002489110143123696,-0.36346679447157415,0.008462974486621144,-0.37209621637025425,0.003194358017008847,-0.49486211318506235,-0.021935283136279016,-0.47723636999520735,-0.05217451427781239,-0.5387607241702397
2020-07-30,0.043010752688172005,0.04344086021505378,-0.048387096774193505,0.03677419354838718,0.482510633803493,0.04292473118279583,0.09879403546841536,0.041634408602150286,-0.15730251850713872,0.013430107526881674,-0.1996949082564402,-0.010788530465949742,-0.30145672706090954
2020-08-02,-0.013452914798206206,0.04825966260943848,-0.013452914798206206,-0.007046764894298452,-0.12548543791222866,0.02639333760410012,-0.012745447904377594,0.02895579756566291,-0.2412470034048877,0.0014307068118726285,-0.3007840478279671,-0.01334614563314096,-0.38276480244513766
2020-08-03,-0.037173202614379064,0.0,-0.05004084967320266,-0.04350490196078438,-0.2320363432359408,-0.02585784313725481,-0.22190395738891,-0.019607843137255054,-0.39470617822114185,-0.04428104575163394,-0.44374133494973467,-0.05264161220043573,-0.5112374282883128
2020-08-04,-0.0480109739368999,0.04546345287086018,-0.06104252400548704,-0.040564373897707284,0.06825148619884414,-0.06396237507348612,-0.13066357142365104,-0.05822065451695102,-0.260584215638325,-0.08162845385067596,-0.3883608070593584,-0.08658305571885816,-0.4529827304727594
2020-08-05,0.09178433889602045,0.13072314933675644,-0.02652973898160038,0.09178433889602045,0.4558099421362456,0.0335044929396664,0.3596287493606909,0.036842105263157565,0.16593810483668792,0.009520753102267854,-0.08812890480058566,0.002817001854229062,-0.17735374443007046
2020-08-06,-0.03885310617078752,0.00509038022023689,-0.03885310617078752,-0.028880116351547858,0.288216827935458,-0.002451693330562832,0.6102045034686787,0.00257635570330339,0.5443009030191068,-0.01712029918969471,0.15004586148539545,-0.02352656001108111,0.09389267120544642
2020-08-09,-0.04620329449578153,0.004620329449578131,-0.05202892728003217,-0.03314584170349533,-0.1975805197632351,-0.02896745680996371,0.23661666683943738,-0.03169947770188852,0.22771673214674437,-0.04494777018883078,-0.04705598805809241,-0.05226329181732958,-0.10907149595198362
2020-08-10,0.1366473988439305,0.15537572254335252,-0.0053179190751444505,0.15098265895953755,-0.06479820845168738,0.13128323699421984,0.1126154860350359,0.11701734104046224,0.1412017333811597,0.10672832369942187,-0.10699726614380856,0.09593834296724468,-0.1486354955356709
2020-08-11,-0.009534883720930143,0.020000000000000018,-0.009534883720930143,0.005813953488372103,-0.4976563203864819,0.11130232558139563,-0.4916603965627656,0.11106976744186015,-0.43853252783804386,0.11418604651162778,-0.5459510956245632,0.10022480620155028,-0.5595499972809258
2020-08-12,0.014184397163120588,0.019385342789598026,-0.021749408983451457,0.01654846335697413,2.096379455938235,0.09172576832151336,0.7554783159418541,0.11685579196217466,0.8999517461849327,0.13010638297872346,0.5380262681705772,0.11542947202521692,0.44474284737720415
2020-08-13,0.04528206425499626,0.08778143182393117,-0.01340753857829502,0.07007336200354142,-0.2784837670815563,0.14576271186440692,0.19392571155017846,0.18016696180116343,0.2750087039777178,0.2027321022008599,0.11495071372617294,0.18813559322033901,0.029573758957843754
2020-08-16,0.03236664940445366,0.06292076644225797,-0.014241325737959554,0.023562920766442286,0.1387861554568488,0.12822371828068402,0.39556934971286273,0.1899274987053341,0.4368006641019446,0.21881149663386834,0.27819459673772307,0.20618850336613148,0.16675876538162115
2020-08-17,-0.026923076923076827,0.0379487179487179,-0.05769230769230771,-0.009743589743589798,-0.2374219333138068,0.060000000000000275,0.0344561078619412,0.1572820512820512,0.059407212842147006,0.1940256410256409,-0.026853286595678316,0.18562393162393143,-0.10350485170872747
2020-08-18,-0.028463476070529015,0.016624685138538986,-0.028463476070529015,-0.017632241813602123,0.09429943599208013,0.019899244332493904,0.13756313425042777,0.11178841309823673,0.10840015095354039,0.16117128463476038,0.10911071821833462,0.1575734676742231,-0.01850938548467973
2020-08-19,-0.013170974155069626,0.02882703777335971,-0.0248508946322068,-0.013419483101391627,1.9122867767724063,-0.010188866799204721,1.6587735806446755,0.06871272365805181,2.082090001656103,0.13651838966202767,2.2914530043209225,0.1379638833664678,1.852670591128308
2020-08-20,-0.06749764816556925,0.0037629350893695346,-0.06749764816556925,-0.05362182502351842,-0.3123906539540565,-0.07295390404515512,0.6911104899738088,-0.0038805268109124436,0.9815749971531209,0.06548682972718689,1.228296945039701,0.07374568830354344,0.889294698593124
2020-08-23,-0.026751303559283568,0.008614826569938838,-0.05917025617773741,-0.036046248016322724,0.10563364160791133,-0.09281342099297196,0.6700714220309494,-0.05250510088415328,1.1242617434300888,0.020131489458172558,1.4177090010072337,0.034376180760220754,1.1110059365747946
2020-08-24,-0.03564399737590196,0.02777170347692981,-0.03783074568117206,-0.035425322545375004,-0.23875577241439405,-0.10094030177126578,0.1422863117539428,-0.09846927618631096,0.5251015073625511,-0.02101465121364543,0.7882203537509802,-0.001683796195057874,0.5784972844239202
2020-08-25,0.045609257998638464,0.05491263898343557,-0.03539823008849563,0.03766734740186051,0.2170215473362742,-0.03653278874517796,0.18466448931116397,-0.058883594281824325,0.7590208262639975,0.012604946675742967,1.1020614183915844,0.03846153846153855,0.9045477038796517
2020-08-26,-0.007734303912647955,0.025682438580527656,-0.04276615104640591,0.002502274795268322,-0.022766603454886458,-0.014240218380345726,-0.04776116309675549,-0.05409463148316651,0.3911275530823517,0.010293448589626664,1.001220712738728,0.04025629360024241,0.8729622836378208
2020-08-27,-0.05125408942202836,0.0165757906215922,-0.05125408942202836,-0.04122137404580151,0.40024957557641794,-0.03864776444929108,0.42066543813572843,-0.08946564885496189,0.8954989334997172,-0.03598691384950958,1.6481804199254175,-0.005190839694656613,1.614456520161934
2020-08-30,0.03803486529318545,0.050939551731944865,-0.008263527280960026,0.03803486529318545,-0.2243793188826615,0.012995245641838293,0.039593040268305346,-0.040525243377858455,0.34086704031332293,-5.65995019246035e-05,0.9755509037297139,0.030269413629159914,0.9950191700242343
2020-08-31,0.06870599660111698,0.07598931779558149,-0.047827142510318055,0.07234765719834924,0.31905228467088276,0.08657441126487031,0.37568955791098846,0.04236465161446956,0.6609468246192214,0.06905802379218229,1.495011282325347,0.10114914623290439,1.5923230703759788
2020-09-01,0.04141566265060237,0.04141566265060237,-0.0007530120481927804,0.033885542168674565,0.7290041067761808,0.10060240963855427,1.135205338809035,0.08318273092369455,1.5013629363449694,0.09553212851405557,3.002293377823409,0.13245481927710823,3.5049555099247094
2020-09-02,-0.0022477522477521994,0.01948051948051943,-0.053946053946053896,-0.004995004995004937,-0.5202502185718332,0.07397602397602432,-0.11193586917706166,0.07812187812187799,0.009806794813382647,0.07608641358641322,0.7653271189153914,0.12083749583749581,1.1313261666399868
2020-09-03,0.059285327558202594,0.10422306442880358,-0.009745533297238707,0.08391987005955603,0.027597813433213547,0.14288034650785075,-0.12612744849926616,0.16805630752571732,0.05638760945487675,0.15732268543584138,0.7392468492179989,0.20697527522107917,1.1679143257242157
2020-09-07,0.0,0.014962593516209433,-0.04128567470213362,0.023552230534773955,-0.06677845612460587,0.12042116929897495,-0.16060366307287166,0.18010529232474348,-0.03490310924270512,0.16907730673316657,0.5783557502686489,0.22458668144453653,0.9846096619156148
2020-09-08,-0.05026315789473679,0.0031578947368420263,-0.07894736842105265,-0.05026315789473679,0.5005936242978399,0.021578947368421142,0.24481066042918131,0.0996842105263156,0.4434603866531994,0.09230263157894703,1.2725594953307464,0.15198245614035066,1.905669259712107
2020-09-09,0.004989495798319421,0.024159663865546355,-0.05173319327731085,-0.0021008403361344463,-0.12099500007788044,0.002678571428571752,0.06014859581626464,0.07707457983193278,0.1779427111727232,0.0831144957983192,0.8808725720783164,0.1402836134453782,1.4511077189867243
2020-09-10,-0.009824198552223384,0.019906928645294864,-0.04989658738366076,-0.015511892450879028,-0.37481376167336966,-0.0219751809720784,-0.2880505594453262,0.0448810754912099,-0.292880583498067,0.05995346432264714,0.0071963463205149125,0.11376249569114094,0.489433997786239
2020-09-13,0.039091131199609164,0.07329587099926704,-0.02052284387979464,-0.05497190324945023,-0.5225029177768168,-0.08238455900317598,-0.6400686316905436,-0.02545809919374542,-0.6594742886901855,-0.002736379183972848,-0.5260277316668294,0.04477563319488542,-0.32074605189535377
2020-09-14,0.0031933185949399867,0.021984770326700875,-0.04814541881601575,0.0054040776222057385,0.6165016799332537,-0.05782363055760231,-0.21367247690561553,-0.03227708179808397,-0.33969077201764875,0.004372390076148092,-0.22208341789373198,0.0458609678211741,0.09970961332721995
2020-09-15,-0.049894092727700734,0.00447164038597303,-0.05624852906566247,-0.04189220993174869,1.568904593639576,-0.07554718757354639,1.2067504682461525,-0.08096022593551433,0.7815926161926277,-0.0352435867262888,0.9709938403908167,-0.002753589079783403,1.7573731873563885
2020-09-16,-0.051953818827708664,0.00022202486678501998,-0.09813499111900537,-0.056616341030195305,-0.4950665912680615,-0.10794849023090558,0.10520640368153189,-0.130106571936057,-0.11559776144141332,-0.08599023090586166,-0.08272380710956839,-0.06400236826524563,0.30832277102873573
2020-09-17,-0.014285714285714235,0.015164835164835022,-0.04043956043956054,-0.010109890109890163,0.7622418473591972,-0.08637362637362622,1.0794749321329165,-0.12747252747252757,0.6678155389849145,-0.08936263736263772,0.538397305934504,-0.07785347985347979,1.1980407317045234
2020-09-20,-0.021657458563535847,0.020994475138121693,-0.07325966850828725,0.005524861878453136,-0.3362376689285511,-0.05118232044198867,0.27880253178992986,-0.11058563535911614,0.08079489080230373,-0.07851933701657487,0.01644351941609168,-0.0736721915285451,0.40528748740757625
2020-09-21,0.2392091339459761,0.2392091339459761,-0.009746588693956948,0.2600946811473128,-0.8409446276524345,0.21966026176552522,-0.8428100840580026,0.1438874965190753,-0.8265234379251423,0.16495405179615674,-0.8391374894337966,0.1645873944119558,-0.7805404091524182
2020-09-22,0.08108899297423888,0.08108899297423888,-0.07201405152224816,0.05122950819672134,-0.20222219971144395,0.2540398126463703,-0.7535471117626373,0.20196135831381712,-0.7940811285231981,0.21263173302107696,-0.8381001755358329,0.21071428571428585,-0.8076340480666215
2020-09-23,0.02268656716417894,0.025373134328358304,-0.029253731343283462,0.019701492537313348,-0.5220597796166115,0.2290149253731344,-0.7937860516072273,0.21417910447761157,-0.8576921853256645,0.2192537313432832,-0.902693513269758,0.22552238805970148,-0.8968854408451626
2020-09-24,0.012507444907683185,0.029481834425253206,-0.01244192972007141,-0.002382370458606231,5.244575357611775,0.15735556879094714,1.4480374542187824,0.1976474091721261,0.4853811070416696,0.20061048243001722,-0.10049841061433207,0.21317252332737757,-0.2070647041208854
2020-09-27,0.026363636363636367,0.03931212121212124,-0.02077575757575756,0.017575757575757578,-0.06951996302770913,0.10545454545454547,1.417166395402576,0.20324242424242378,0.4338967588964575,0.20598484848484788,-0.13589828601281972,0.2256868686868687,-0.2489405965130843
2020-09-28,0.003954974140553791,0.019774870702768732,-0.017949498022512778,0.003954974140553791,0.1327312372255629,0.0352905384849409,1.8847152865343206,0.18387587465774224,0.639594040341046,0.19120778825676865,0.019745581012122315,0.223912382111348,-0.13938691806606973
2020-09-29,0.0036374658987570196,0.015156107911488359,-0.03000909366474691,-0.0036374658987573527,-0.1559519875819354,0.013094877235526159,1.1800150615139895,0.15580478933009956,0.4171835737284164,0.1697484086086687,-0.11415321248261401,0.21365060119228052,-0.2661401540475258
2020-09-30,0.02830482115085542,0.04199066874028001,-0.006531881804043516,0.026127527216174284,0.14452443041147567,0.032286158631415596,1.1162246428115972,0.15645412130637615,0.7136793593695718,0.18755832037325004,0.056288230922467264,0.23912908242612763,-0.15295725759048262
2020-10-01,-0.013333333333333308,0.011472868217054177,-0.03131782945736439,-0.0031007751937984773,0.01903626659735691,0.020713178294573975,0.06448490497551007,0.11289922480620107,0.8022428557984882,0.17195348837209257,0.11861839186567069,0.22748320413436707,-0.13175937585423458
2020-10-04,-0.03419316136772643,0.011697660467906212,-0.03419316136772643,-0.032693461307738536,-0.15109312172130052,-0.020635872825434776,-0.10272947567438018,0.03677264547090542,0.5926861464368454,0.12195560887822388,-0.023398358890862836,0.17936412717456518,-0.24307017510489937
2020-10-05,0.00656520441659203,0.05550581915846009,-0.02745449119665755,-0.005073112503730104,-0.6552515996700332,-0.02357505222321654,-0.6869858531333073,-0.004028648164727366,-0.4279488158048318,0.11089227096389109,-0.6512628835896608,0.16424947776783072,-0.7317808544950541
2020-10-06,0.003896882494004883,0.01288968824940051,-0.03747002398081534,0.004496402877697703,5.198388827469597,-0.015347721822541738,1.8227092410743322,-0.006744604316546998,2.717492846458997,0.1120203836930449,1.4371081810496196,0.1588928856914471,0.8454656304870911
2020-10-07,-0.07379349046015715,0.019360269360269244,-0.09147025813692478,-0.06397306397306401,-0.46425102889619585,-0.07626262626262614,0.39271563268950205,-0.07253086419753108,0.7442675783376522,0.034371492704825535,0.3201770354724214,0.07318555929667037,-0.01009661099376502
2020-10-08,0.06294326241134729,0.0771276595744681,-0.007092198581560294,0.05319148936170204,-0.3315585080987925,-0.006501182033096908,-0.06776203174307438,-0.016873522458629164,-0.18812050956600723,0.08578605200945555,-0.09346172432665312,0.12196611505122168,-0.3251771914094189
2020-10-11,-0.01655532965437123,0.02599477200116196,-0.040656404298576754,-0.017136218414173565,0.4721729366487524,-0.014289863491141364,0.47557664120959653,-0.03296543711879185,0.24321487652892415,0.060151031077548156,0.3861846109011118,0.09294220156839983,0.02874248930717349
2020-10-12,0.03233605318827415,0.06255666364460533,-0.0006044122091267701,0.040495618011483714,1.0834695025581955,0.032215170746449084,2.021570991044083,0.010516772438803113,1.5763592367380106,0.09326080386823743,1.8962314608948776,0.12569759242470036,1.1922902919527707
2020-10-13,0.07400194741966915,0.10028886725089259,-0.0012982797792924217,0.07400194741966915,-0.6675670621480665,0.10587471600129872,-0.3817156392758445,0.08601103537812382,-0.1754975674480319,0.1617981174943195,-0.04032114435318457,0.19701395650762743,-0.2689210194851519
2020-10-14,0.1265590608950844,0.13041085840058697,-0.0157740278796773,0.1302274394717533,-0.2970876905999883,0.23118121790168789,-0.47615194585165965,0.21944240645634583,-0.4044598519433479,0.29167278063096025,-0.295687140603744,0.3402054292002934,-0.4673701583221359
2020-10-15,-0.009376126938334006,0.027046520014424758,-0.024161557879552875,-0.016949152542372836,2.012893289328933,0.14987378290659992,0.8921892189218923,0.18113956004327414,0.9526361779035044,0.23772087991345048,1.2404258997328306,0.3023680730857077,0.6970227879930853
2020-10-18,-0.024432809773123898,0.03595113438045372,-0.07225130890052356,-0.032111692844677076,-0.42526555386949927,0.07029668411867407,-0.04576414480815083,0.12743455497382183,0.09909603295035763,0.16696335078533964,0.3058725341426405,0.2462245491564865,-0.015284943517113403
2020-10-19,0.031740370898716064,0.04636233951497859,-0.003209700427960094,0.021754636233951574,1.284096817052741,0.05235378031383786,1.2512737565709662,0.13523537803138352,1.5219200013203826,0.16274964336661846,2.0607635937512896,0.2634807417974325,1.3035820879099722
2020-10-20,0.11243072050673009,0.1137688044338876,-0.006136183689627872,0.11005542359461584,-0.48145818356098735,0.12818685669041985,0.17523963575365453,0.2385193982581153,0.03328497826161381,0.27513855898653916,0.49510757933655136,0.3919107944048563,0.19970915636803488
2020-10-21,-0.049819494584837476,0.005415162454873723,-0.08122743682310474,-0.0880866425992779,0.20404977200711039,-0.011263537906136989,0.3087008269572611,0.10018050541516232,0.3011489811165211,0.146750902527075,0.6823646855759076,0.2539711191335743,0.4749523834058962
2020-10-22,0.014540167211922972,0.014540167211922972,-0.034532897128317086,0.006906579425663306,2.07038220591027,-0.0012359142130132783,2.1158798962222365,0.07891675754271144,2.938816996772765,0.14412940748818537,3.175374928810985,0.2500545256270448,3.59715876732266
2020-10-25,0.01833832335329344,0.04827844311377261,-0.02657185628742509,0.029565868263473183,-0.15189245032401755,0.026646706586826552,1.3853648719359208,0.0871257485029937,1.9644707713361864,0.16659805389221494,2.428247890196289,0.2730788423153696,2.8812288963725243
2020-10-26,-0.02030269472129942,0.021040974529346723,-0.03543743078626804,-0.013658176448874126,-0.3883166870470829,-0.0016242155777038692,0.1271245558026739,0.043816906607603734,0.6829912432601004,0.13907345884089994,1.0254782558740736,0.23820598006644533,1.335639739896648
2020-10-27,-0.06974323386537129,0.007945870922970055,-0.09333795975017356,-0.06002775850104092,-0.15588392182942967,-0.06814712005551682,-0.047644976480938905,-0.039659958362249004,0.427467769533983,0.06066967383761224,0.6758533020207689,0.14812630117973646,0.9689666160954893
2020-10-28,0.005862068965517331,0.020000000000000018,-0.030344827586206824,-0.006206896551724128,-0.10133911062136969,-0.049379310344827454,-0.2553897490490509,-0.05248275862069007,0.16294442473027915,0.046896551724137314,0.46994222711963607,0.1252873563218393,0.7886415279930772
2020-10-29,0.00975949808295562,0.02753572673405369,-0.016019518996165938,0.010805158591843833,0.2840355883834145,-0.030045311955384846,-0.09738203154352221,-0.03617985360752929,0.23854209133712234,0.05271871732310851,0.860770042447061,0.11881027070988748,1.3121508376166764
2020-11-01,-0.014477766287487093,0.012409513960703222,-0.032747328507411355,-0.011030679076180605,0.3684365975321606,-0.03260944501895868,0.37056751553338585,-0.043502240606687725,0.6576977771943644,0.03497069975870337,1.492714076310493,0.0871538549925317,2.1884239812140835
2020-11-02,-0.019480519480519543,0.015037593984962294,-0.03007518796992492,-0.008544087491455965,0.2975090483287204,-0.02522214627477759,0.8262493790362642,-0.05044429254955607,0.8877822723724365,0.018728639781270706,2.1126421119863745,0.05936431989063595,3.1387741584462896
2020-11-03,-0.06090055069646916,0.03287981859410438,-0.06090055069646916,-0.05215419501133789,-0.7039991933552641,-0.062001943634596546,-0.5026127727152419,-0.09601554907677379,-0.4625246299727337,-0.04128603822481414,-0.22402919045638447,-0.0030666234747864785,0.1577437194444795
2020-11-04,-0.029558182949595446,0.020846297448662066,-0.062286869943995016,-0.039514623522090786,0.6656846142003388,-0.08630989421281876,-0.040406443757085464,-0.11428126944617312,-0.10170191325280975,-0.08304293714996935,0.3327635796162298,-0.04587222567931937,0.8227651891559014
2020-11-05,-0.02246153846153842,0.011827692307692317,-0.03784615384615386,-0.011076923076923095,0.2951754266706548,-0.0771076923076921,0.21070052840996634,-0.11043076923076944,0.11705957527802702,-0.09858461538461583,0.6868640726541044,-0.05783589743589701,0.9671530817872283
2020-11-08,-0.0033082706766917047,0.06902255639097743,-0.02462556390977455,-0.022556390977443663,-0.6098400192372977,-0.0750075187969923,-0.5380764116781713,-0.11548872180451142,-0.5475055165780243,-0.12093233082706811,-0.38308196361887525,-0.08017042606516256,-0.2467827034061334
2020-11-09,0.033363942454851525,0.033363942454851525,-0.017141108050199083,0.017753290480563066,0.7760359749280878,-0.0326293235384143,0.060771752647247324,-0.07979797979797987,-0.06556066372737446,-0.10713192531374394,0.11119725917272727,-0.06358534843383301,0.3448482831099553
2020-11-10,-0.044130372079607794,0.02970868185751363,-0.056244591866166815,-0.0576867608883761,-0.15614913745130776,-0.06876261897894398,-0.010776691310914965,-0.11678684741851741,-0.1916654742030368,-0.15924430343236284,-0.04979993110210135,-0.11779636573406382,0.12417132610788695
2020-11-11,0.02090694935217896,0.03297997644287398,-0.022379269729092988,0.02090694935217896,0.22217975956057612,-0.026914016489987813,0.14509275572598201,-0.0810954063604239,0.016646802777489977,-0.135983510011779,0.11331679448647525,-0.09770318021201396,0.3584842557087091
2020-11-12,0.019881305637982072,0.03086053412462908,-0.008560830860534274,0.007715133531157159,0.4257060007757236,-0.00860534124629031,0.653779805330329,-0.059287833827893044,0.44367231221025794,-0.11937685459940706,0.4372467354967402,-0.08895153313550919,0.914322565551718
2020-11-15,0.006733021077283574,0.024004683840749497,-0.017271662763465923,-0.013466042154566593,-0.6666379336883909,-0.014929742388758105,-0.4499516670258289,-0.05728922716627616,-0.5239097374011021,-0.1224970725995318,-0.5286942400640335,-0.09980483996877398,-0.3736248704450533
2020-11-16,-0.009651945013161689,0.019888856390757548,-0.018280198888563914,-0.0008774495466511434,0.20555215350071454,-0.01047089792336875,-0.30567870994080426,-0.04305352442234556,-0.3394206609883279,-0.1152091254752855,-0.42289984969103156,-0.0997952617724478,-0.2372070985420649
2020-11-17,0.021791044776119373,0.036119402985074656,-0.002388059701492473,0.020597014925373136,2.226461184754104,0.018985074626866494,1.5041731029445224,-0.008626865671641615,1.3696135838392545,-0.08780597014925395,0.95076277376633,-0.08057711442786042,1.2643188721645453
2020-11-18,-0.017497034400948852,0.007413997627520708,-0.02164887307236052,-0.006524317912218192,-0.7891626187855347,0.0053973902728357,-0.5251325449643012,-0.007295373665480276,-0.5394059965866516,-0.08153914590747346,-0.6076636236025974,-0.0864373270067218,-0.5259215030851419
2020-11-19,-0.05383542538354258,0.0044630404463039675,-0.06108786610878669,-0.05941422594142265,-0.6129994176798645,-0.055676429567642405,-0.7689939931137713,-0.061868898186889676,-0.7970116034126304,-0.12771269177126943,-0.8382970751114811,-0.1425011622501161,-0.8111094826990994
2020-11-22,0.0022117777163395136,0.04119159524467797,-0.0212883605197679,-0.008847110865358054,0.6128855354475142,-0.05214265966270337,-0.3389654759428402,-0.060906828863699025,-0.5287010772615244,-0.12390102294719396,-0.6635280945267046,-0.14823518569717065,-0.6596224436838267
2020-11-23,0.008953553441522155,0.01888640179071066,-0.026720761052042685,0.01203133743704532,1.3468940929331183,-0.029490766648012867,0.7804872997322367,-0.04143816452154436,0.23619354409219362,-0.1001398992725242,-0.10677396925899074,-0.13636448423801517,-0.1517054504391221
2020-11-24,-0.011207621182404037,0.012608573830204639,-0.022415242364807964,0.0014009526478007128,2.657747355320473,-0.019445222751470315,5.515124049673981,-0.031493415522555024,3.6720665025296935,-0.08676099747828536,2.3676652417412947,-0.13267955543102616,2.174271529449961
2020-11-26,0.041449275362318794,0.04492753623188395,-0.019275362318840528,0.034492753623188266,-0.5342762639785793,0.027072463768116783,2.022165380374862,0.004869565217391569,1.1035892266498664,-0.04530434782608728,0.5462157820129154,-0.09804830917874374,0.42310873103375846
2020-11-29,-0.0648619673009917,0.004553738943982699,-0.09581881533101055,-0.07531492897346559,-0.547379377209992,-0.04610024122219181,0.2325191057374243,-0.06936478155990333,-0.046634253450439145,-0.10983650495845654,-0.300422322345158,-0.1595104082908959,-0.38634110870309113
2020-11-30,-0.01814834297738044,0.008416622830089482,-0.05140715412940566,-0.01867438190426096,2.2861359696387575,-0.056233561283534406,1.7892742351122148,-0.07724881641241421,2.3600309234877948,-0.11512361914781732,1.404601508691374,-0.16680694371383475,1.076415999000453
2020-12-01,0.002106926520937469,0.002106926520937469,-0.041875164603634385,0.0013168290755860568,-0.38396217701526314,-0.04524624703713398,0.10886230863370816,-0.06586779036081092,0.9439940425335396,-0.10209375823018207,0.48574133511903383,-0.15748397857958019,0.2464260973976493
2020-12-02,0.06627351867452957,0.06627351867452957,-0.012075259758494772,0.06627351867452957,-0.24705084627889384,0.030553215388936295,-0.24954578251458281,0.00665543386689138,0.42190719184929537,-0.030356641392867645,0.14102322811714907,-0.09235233548628641,-0.05396306567101039
2020-12-03,-0.011715481171548192,0.014504881450488005,-0.04295676429567641,-0.006694560669456173,1.5325114205514887,0.023207810320781785,1.2442930265837413,0.005801952580195335,2.7623204359073146,-0.030237099023710412,1.8852749188177662,-0.08880520688052052,1.3945203368374703
2020-12-06,-0.038650129795212096,0.015575425439861457,-0.05249495240842228,0.034035188924141924,-0.7432734507247236,0.06582059417363784,-0.46219595940756064,0.04617825209114512,-0.1203747820459562,0.008119411595038484,-0.26662837457857513,-0.0499567349293335,-0.3949882109352407
2020-12-07,-0.028908223407241085,0.014875105248385978,-0.04013471793432499,-0.026943586865001423,1.598503429335135,0.022284591636262174,0.4021545330376419,0.014678641594162212,0.7939755320242623,-0.01599775470109499,0.9950840076958098,-0.06885583309944798,0.6432691036731337
2020-12-08,0.02737332556785077,0.05416423995340702,-0.017472335468841083,0.03756552125800816,-0.7434993322747675,0.04676761793826478,-0.6292473069671336,0.0512230634828188,-0.6337200300617623,0.0244321490972621,-0.5020667461532811,-0.02522811104639866,-0.574629957161361
2020-12-09,0.019781517567168727,0.05019191024505476,0.0,0.013876586950103409,0.6870686258309713,0.03985828166519112,-0.14719471737444867,0.0616770002952467,-0.2992751642876209,0.04111307942131659,-0.10089706760896366,-0.004566479677196811,-0.23904261945012895
2020-12-10,-0.011918604651162679,0.016279069767441978,-0.03866279069767442,-0.015406976744186118,0.6630308411017396,0.013720930232558937,0.5076849092100535,0.040029069767441916,0.2925650537975353,0.023909883720929948,0.5285309256558224,-0.01500968992248053,0.29550189894377854
2020-12-13,0.00029205607476634476,0.026285046728971917,-0.021466121495327117,0.004672897196261516,-0.510932605526781,0.009988317757010146,-0.21178550383028882,0.044596962616822555,-0.3599649536333468,0.029337032710279987,-0.2479425766833111,-0.005149922118380057,-0.3639484194674468
2020-12-14,0.06982543640897765,0.09039900249376553,-0.023379052369077336,0.06733167082294278,0.2056162129823511,0.0753117206982552,-0.0291149416691594,0.10536159600997519,-0.21707236514109085,0.09948566084788002,-0.04989732899591193,0.06760182876142973,-0.20597195217203446
2020-12-15,0.02668360864040653,0.04291931385006342,-0.04034307496823375,0.019059720457433205,0.9458908843966385,0.07325285895806921,1.1132762572305155,0.1075603557814484,0.6533760595661084,0.11713786531130843,0.8476131719680342,0.09120076238881825,0.5914788046356143
2020-12-16,-0.03260207190737352,0.050883607556368116,-0.03564899451553938,-0.04082876294942106,-0.31602018853135483,0.012004875076173649,0.1418795904233039,0.04256550883607568,0.12743284659121534,0.06739792809262624,0.24205709024704825,0.048903107861060224,0.10159901905081825
2020-12-17,-0.01193673530289463,0.021784541927782897,-0.02924500149209186,-0.020590868397493245,-0.21668269293241682,-0.015099970158161113,-0.15334212612238007,0.012772306774097464,-0.11326909832763754,0.04440465532676807,-0.0014738750211157337,0.02924500149209197,-0.1367623044903864
2020-12-20,-0.020178041543026715,0.010979228486646786,-0.020771513353115778,-0.005637982195845881,0.18906683353805986,-0.025934718100889875,0.0983575528619216,0.00011869436201772388,0.13819771169876627,0.03820474777448046,0.17026714873958015,0.024797230464886244,0.047683500591003014
2020-12-21,-0.06916666666666671,0.006666666666666821,-0.07750000000000001,-0.06388888888888877,0.4408188026291624,-0.09116666666666617,0.4400184776014737,-0.06647222222222227,0.5870768100535961,-0.0311111111111112,0.47336943515308016,-0.039564814814814664,0.5370809842105555
2020-12-22,0.0,0.012328767123287676,-0.02452054794520553,-0.013698630136986356,-0.41559332838947216,-0.08213698630136923,-0.25032850656362615,-0.07824657534246582,-0.058353499082783755,-0.04461643835616447,-0.21293128683501816,-0.0502100456621003,-0.11289827355164384
2020-12-23,-0.013246823465801638,0.02054609353879422,-0.02568261692349294,-0.013246823465801638,0.042507018947768094,-0.06715328467153237,-0.12180688738488243,-0.084617464179508,-0.09409594596427462,-0.056244931062449544,-0.1731915189409866,-0.05934036226007011,-0.05843630050590676
2020-12-27,0.04786179552534686,0.07108467856131395,-0.02921268762390261,0.047578589634664326,0.09737002693973529,0.0008496176720482751,0.0037321207971781067,-0.03222883035967139,-0.013246610207331755,-0.009501557632398794,-0.051569686099989576,-0.012394977815538333,0.04641981831802777
2020-12-28,0.08783783783783772,0.08783783783783772,-0.011363636363636465,0.08445945945945943,1.1039001706618232,0.09643734643734736,1.0505644365811269,0.05230343980343988,1.1382830481141086,0.0753992628992628,1.0384685841331476,0.07239967239967249,1.231406211672851
2020-12-29,0.01814768460575711,0.053814142678348054,-0.0029724655819775014,0.018773466833541974,0.20736490893108628,0.1098873591989995,1.2278679382602862,0.06680225281602015,1.3367158479758787,0.08815707133917372,1.3558143271675536,0.09134334584897785,1.700250159894391
2020-12-30,0.010621680724773652,0.03623867541393322,-0.006560449859418838,-0.0015620118712901254,-0.6225858464787426,0.08291159012808591,-0.21187974001698018,0.06476101218369279,-0.19483280180932205,0.076991565135895,-0.1110457110649744,0.08734770384254942,-0.006932167072146944
2021-01-03,0.007138423339540845,0.01227498448168829,-0.017380509000620714,-0.0065176908752327956,2.6411648568608093,0.047982619491000245,1.7992076687275937,0.059466170080695324,2.081639995843508,0.06072315332091871,2.3063841118096327,0.07800537968135735,2.6206348175473235
2021-01-04,0.07468184862692584,0.08004018754186215,-0.0023442732752846362,0.07903549899531148,-0.6819676465242321,0.09886135298057686,-0.28981063798146045,0.14119223040857332,-0.08774351856441776,0.13888144675150693,0.01991936416662532,0.1617771824067873,0.1505808093326062
2021-01-05,-0.017127799736495364,0.042984189723320076,-0.04117259552042163,-0.016469038208168696,0.07448456468186149,0.044861660079052346,-0.26058989325107085,0.11037549407114611,-0.04897933820102529,0.11026021080368897,0.12945049823564658,0.13840579710144918,0.2134940115552204
2021-01-06,-0.015822784810126556,0.012658227848101111,-0.030696202531645622,-0.03924050632911402,0.3325151559958599,-0.01006329113923965,0.10067603134703518,0.05623417721518997,0.24738429690965558,0.059873417721518996,0.4669900931539257,0.0879430379746835,0.45963369313421065
2021-01-07,-0.013463892288861579,0.034577723378212966,-0.04222766217870255,-0.033047735618115026,-0.6642659422793578,-0.044981640146878,-0.605336002128682,0.007864137086903478,-0.5833158590780743,0.018681150550795556,-0.5042152669391062,0.04732762137902902,-0.5407626718136291
2021-01-10,0.013707165109034136,0.0255451713395638,-0.03161993769470406,0.018068535825545018,3.9933864138895228,-0.02355140186915805,1.413477040841621,0.014174454828660643,1.2751519538337979,0.034501557632398594,1.462105738054396,0.06307372793354094,1.370228616567347
2021-01-11,0.04503055644901899,0.04535220328079759,-0.010292698616918616,0.0324863300096494,-0.23746408589142598,0.007397877130911112,0.8764509299863903,0.03139273078160221,0.5881566611220324,0.0652621421678996,0.7966036594586421,0.09376005146349309,0.8141718332577248
2021-01-12,-0.010069225928256764,0.006922592825676421,-0.03960981749528003,-0.021711768407803644,-0.02471757661563878,-0.006733794839520968,0.6681134412883816,-0.0042794210195089555,0.4482553166386454,0.036925739458779194,0.7311919299177063,0.06643591357247747,0.7628248237619091
2021-01-13,-0.031515151515151496,0.013333333333333197,-0.031515151515151496,-0.036969696969696986,0.20640512409927947,-0.03484848484848413,0.8528565074281649,-0.04345454545454519,0.7541873498799041,-0.005136363636363606,0.9767387243127836,0.021424242424242346,1.062906028526525
2021-01-14,0.022126613398893547,0.05869698832206516,-0.012599877074369936,0.0141364474492931,-0.4857260499588252,-0.01259987707436927,-0.09897245859639492,-0.026736324523662924,-0.09484262055082815,0.010341118623232948,-0.03111309360417247,0.030721163695964115,0.06176731631439303
2021-01-18,0.013707165109034136,0.05171339563862909,-0.017445482866043638,0.013707165109034136,0.09259953512783992,6.230529595074863e-05,-0.300477368723601,-0.011744548286603984,-0.04188998025542967,0.025841121495326913,0.07201519582114924,0.03921079958463114,0.16764306482384006
2021-01-19,0.02974683544303791,0.03575949367088582,-0.030696202531645622,0.015822784810126667,1.1917350482596931,0.01588607594936753,0.7505329929774203,0.0035126582278484086,1.2347513612410572,0.040933544303797254,1.327074728573463,0.05195147679324896,1.54820454952142
2021-01-20,-0.016062992125984277,0.014173228346456845,-0.03937007874015752,-0.0047244094488188,-0.1977341044526869,0.014299212598425814,0.332350097561833,0.004251968503937498,0.6603222177298855,0.033007874015747785,0.7717655176050768,0.04251968503937009,1.0444641716619496
2021-01-21,-0.0539568345323741,0.0011990407673860837,-0.062350119904076684,-0.0482613908872902,-0.38887366990562444,-0.034832134292565264,-0.20922592670179563,-0.04004796163069502,-0.04523583157419797,-0.019769184652278393,0.04380086049921861,-0.010711430855315673,0.20643942038949858
2021-01-24,-0.021732745961820732,0.01045521292217333,-0.021732745961820732,-0.02026431718061672,-0.5321596132051054,-0.05227606461086576,-0.5929722544020788,-0.054331864904551774,-0.5490266047138115,-0.043509544787077914,-0.510851843382244,-0.03298091042584428,-0.4313912336207323
2021-01-25,0.018321513002363954,0.018903664302600376,-0.004137115839243477,0.00620567375886516,0.2645927875020657,-0.03747044917257647,-0.3712809365823896,-0.04441489361702111,-0.46328000864381147,-0.04119385342789639,-0.3670492824365379,-0.027265563435776352,-0.29502684242416544
2021-01-26,0.04216682056017218,0.0495537088334872,-0.009849184364419838,0.04155124653739617,-0.008041560144628312,0.013234841489689453,-0.30407247806775595,0.0006463527239153333,-0.40019229132450895,-0.006201908279470869,-0.3690247047067242,0.013121986252180085,-0.3006976077067841
2021-01-27,0.08338870431893675,0.09368770764119594,-0.02657807308970106,0.0794019933554817,0.12109796049632271,0.09960132890365503,-0.06009308703319538,0.08475083056478461,-0.2621884287940741,0.0680232558139533,-0.2840485084516947,0.09145071982281294,-0.20093499339720544
2021-01-28,0.04235211760588031,0.0948547427371369,-0.0021001050052502634,0.05355267763388172,0.5995534200113057,0.14693734686734383,0.6947111362351612,0.1369618480924053,0.263464104013567,0.12091354567728363,0.18907574901074042,0.1450705868626765,0.25855888449218023
2021-01-31,0.05375953505266984,0.06721031601888838,-0.011986923356338552,0.037776970577551694,-0.6530270399617133,0.1554667635306941,-0.41561790215715577,0.1638212858699606,-0.5489630039345832,0.15710134398837616,-0.5804499664599343,0.18407797554183314,-0.5727306843873283
2021-02-01,-0.007077140835102691,0.020700636942674988,-0.016280962491153628,-0.02583156404812459,0.6474020938348197,0.07947629157820302,0.035027788548533056,0.11602972399150757,-0.16284864934729226,0.1192852087756544,-0.27175213260953857,0.14883227176220815,-0.2589660074964456
2021-02-02,0.04145454545454541,0.04145454545454541,-0.030181818181818088,0.02763636363636368,-0.08616041504876581,0.06872727272727319,-0.05721920870255914,0.1329090909090913,-0.20266669422634576,0.1430181818181815,-0.30017288777206574,0.17505454545454535,-0.31608599407270044
2021-02-03,-0.03125,0.012019230769230616,-0.06988324175824179,-0.055631868131868156,-0.5188764753683803,-0.024999999999999578,-0.5403164121768681,0.05580357142857162,-0.5812393094395163,0.07537774725274682,-0.6564360725793161,0.10280448717948709,-0.6694928578058377
2021-02-04,-0.020462046204620443,0.007755775577557689,-0.034653465346534684,-0.038943894389438904,3.3368740141955833,-0.06943894389438898,1.5122843552839118,0.006006600660066086,1.179700438682965,0.03145214521452111,0.6374319178824921,0.05481848184818472,0.5247621746845426
2021-02-07,-0.009784735812133127,0.028701891715590344,-0.023972602739726012,-0.011741682974559686,0.0689709679119026,-0.06908023483365888,1.6663325254228356,-0.015786040443574567,1.314317139996839,0.01722113502935385,0.7481374150376734,0.03623613829093264,0.6261124137204277
2021-02-08,0.014841688654353646,0.018308047493403645,-0.02704485488126651,0.01121372031662271,-0.06585043221459996,-0.03799472295514461,1.0502254898944843,-0.015930079155672572,1.0105017380871812,0.02529683377308678,0.5248094256621649,0.0414357959542655,0.4871170312035358
2021-02-09,0.014861294583883744,0.0217965653896961,-0.05779392338177014,0.0013210039630118242,-0.46051129197148133,-0.02311756935270748,0.008525073354664903,-0.02625495376486109,0.034144107064618456,0.023712021136063077,-0.1671457401186951,0.03546895640686909,-0.21236385684001824
2021-02-10,-0.011456628477905073,0.018003273322422242,-0.017675941080196322,-0.008837970540098161,0.1428506399411269,-0.01355155482815007,0.12423203271400274,-0.04209492635024514,0.1758214537702283,0.013338788870703278,-0.016114984560993584,0.02082924168030531,-0.09573650762340458
2021-02-11,-0.0072202166064981865,0.023957991467016715,-0.033147358057105336,0.002625533311453987,2.5965237796392806,-0.0015753199868716594,1.8420011460067123,-0.03810305218247423,3.2024802859559607,0.013980964883491653,2.625884744467789,0.0213105787113006,2.313998562943964
2021-02-15,-0.00922685332484885,0.010817690104995226,-0.025453388482341688,-0.030544066178810114,-0.6077426121950958,-0.030989500477250465,0.019532061093213038,-0.0614381164492519,0.5930108850381566,-0.02101495386573382,0.4118146011495114,-0.011464630395588205,0.29414273635088994
2021-02-16,-0.01805511561609119,0.010209059233449391,-0.029141590117199967,-0.0044345898004434225,0.21114819976018406,-0.03040861577446874,0.28021388987911977,-0.053246753246752765,0.7200350001620377,-0.027114349065568977,0.6996376835077938,-0.016460774997360428,0.5472057123721252
2021-02-17,0.016129032258064502,0.01806451612903226,-0.008064516129032251,0.01838709677419348,-0.19059785117723593,-0.004516129032257399,0.027551727032358198,-0.025161290322580077,0.3107824107105386,-0.010080645161290702,0.36368458051789987,0.0009247311827955684,0.2658286817475972
2021-02-18,-0.005171299288946329,0.03135100193923712,-0.011797026502908925,0.0019392372333548735,0.4815943290635494,0.002068519715579198,0.35039018778758857,-0.011958629605688054,0.826978920532272,-0.009130575307046307,1.0590337800024874,0.004093945270415622,0.8621118849231024
2021-02-21,0.0074991848712095965,0.0169546788392565,-0.006194978806651541,0.008803390935767874,-0.37675423511231465,0.013433322464950104,-0.28913379418589447,0.002673622432344702,-0.14000358476764407,-0.001728073035540012,0.2868887123417738,0.013563743071405288,0.144948464928216
2021-02-22,0.041652441106179605,0.041652441106179605,-0.028337316490269604,0.04711505633321966,-0.32265283287559765,0.06254694434960828,-0.4311293111651425,0.05117787640833105,-0.40300530579700156,0.04071355411403177,-0.12500598829902776,0.06025947422328426,-0.22038679489829727
2021-02-23,0.03147953830010497,0.06400839454354679,0.0,0.024484085344526063,1.5948148148148147,0.07359216509269051,0.6768786717752235,0.0721231199720187,0.6792984248616434,0.05786988457502584,1.2307811834823328,0.08226652675760748,0.966520221370796
2021-02-24,0.0115870786516854,0.06074438202247201,-0.023876404494381998,0.0038623595505618002,-0.21739651909699087,0.056811797752809756,0.26324262373730645,0.07018960674157348,0.28418334710413395,0.05273876404494349,0.6801084117380527,0.08233848314606718,0.5426919249802322
2021-02-25,0.08048138397893956,0.08762692741632194,-0.018051899210229427,0.07107935314027825,-0.25637951025181105,0.11297480255735315,-0.10080171243397518,0.13948852952237734,-0.1199739369134567,0.12002632568634786,0.2079517188754223,0.15599849567506574,0.1501199100179369
2021-02-28,-0.005856515373352855,0.01939970717423134,-0.01793557833089321,-0.026720351390922437,-0.08592366467532353,0.05139092240117216,-0.11179089537975173,0.09454612005856555,-0.22357952615392973,0.08367496339677838,0.08578439143254424,0.1187774524158125,0.06129275764040165
2021-03-01,0.020679468242245314,0.02511078286558366,-0.015140324963072271,0.00886262924667669,-0.047239099665136175,0.035967503692763136,-0.1413556806020645,0.09261447562776981,-0.19661079849483887,0.090971196454948,0.043962526323057416,0.12170113244707048,0.026747678392653684
2021-03-02,0.06530291109362696,0.06766325727773403,-0.012195121951219634,0.06530291109362696,-0.2807228279931343,0.08623131392604333,-0.42772868498567573,0.1468528717545241,-0.40821220501646593,0.1613296616837132,-0.29226113433836465,0.1877917650144243,-0.260122685422286
2021-03-03,0.07154882154882158,0.09469696969696972,-0.00042087542087543284,0.06986531986531985,0.1300799034704343,0.13543771043771113,-0.20966558398282664,0.20109427609427621,-0.2723417539478207,0.23648989898989847,-0.19797137084610694,0.2614057239057239,-0.14960071648883055
2021-03-04,0.07692307692307687,0.08703296703296703,-0.05450549450549447,0.044395604395604416,-0.31894267865887893,0.14435164835164915,-0.39722841342076654,0.22259340659340676,-0.48185329845558467,0.2831648351648346,-0.4601705665245279,0.3059194139194139,-0.40539577883685096
2021-03-07,-0.011935208866155178,0.035780051150895,-0.04859335038363177,-0.03026427962489342,2.5229587113497502,0.07698209718670146,1.4884331184460788,0.15068201193520903,1.0694290619582234,0.2307544757033244,0.7817487502314386,0.2536089798238135,1.1802808683016055
2021-03-08,-0.07167764432390533,0.040294459511817315,-0.07264626113909334,-0.09104998062766367,-0.6406944079056786,-0.05098798915149083,-0.16755962370614963,0.01797752808988773,-0.2829340276202831,0.10544362650135586,-0.3663819666826933,0.12668216453570968,-0.22340144159290876
2021-03-09,0.03822937625754519,0.07524346076458754,-0.023340040241448756,0.038631790744466654,1.2176405895843674,-0.024547283702212375,0.9787811322273037,0.04329979879275636,0.6075884175373183,0.1383903420523136,0.4651104464800633,0.1591549295774648,0.7071867330105552
2021-03-10,0.011512504962286618,0.03056768558951961,-0.022628026994839234,-0.01349741961095674,0.11115085130956381,-0.04223898372369905,0.940824857494132,0.014370782056371434,0.8098729555530717,0.11216752679634734,0.622961514101561,0.13161307397115252,0.8558223116376686
2021-03-11,-0.011075949367088667,0.006724683544303778,-0.040743670886076,-0.0035601265822784445,-0.11271181398054919,-0.03433544303797387,0.5225522799547777,-0.0022547468354431333,0.595385876643769,0.09814082278480996,0.3848055906329131,0.11795886075949369,0.6063145854958247
2021-03-14,0.01159536185525778,0.03718512594962009,-0.018192722910835735,0.010795681727309159,-0.14906891701828406,-0.0036785285885637675,-0.005230942334739752,0.003278688524590123,0.3291161744022504,0.09946021591363419,0.14676652601969065,0.12360389177662268,0.34216390060947033
2021-03-15,-0.14188034188034182,0.08785982905982914,-0.16649572649572653,-0.1449572649572649,-0.9341153498447123,-0.13750427350427274,-0.9300915490843423,-0.15005128205128215,-0.9140269254163521,-0.06924786324786336,-0.9225098845508186,-0.043327635327635394,-0.9115614989502318
2021-03-16,0.06428571428571428,0.08197278911564632,-0.021428571428571352,-0.005102040816326481,2.8174258417617994,-0.1185034013605436,-0.06322990893294766,-0.14700680272108857,-0.322851377891478,-0.07770408163265308,-0.5265360843997442,-0.04625850340136051,-0.5591917917022766
2021-03-17,0.028101439342015144,0.04523646333104869,-0.04900616860863605,0.007539410555174708,0.16866009521494463,-0.08067169294036936,0.2791798748877612,-0.1269362577107609,-0.14505330416362816,-0.07446881425634,-0.4010049823311621,-0.03776559287183012,-0.46294835606222207
2021-03-18,0.09120057000356252,0.0954755967224794,-0.008550053437834104,0.039543997149982246,0.02998123086041682,-0.015888849305307318,0.4778122200383559,-0.07310295689348079,-0.06497971502246513,-0.04111150694691856,-0.34778006383551285,0.0022800142500889464,-0.43174085188957434
2021-03-21,0.0013937282229965486,0.036236933797909376,-0.026132404181184676,-0.02195121951219514,0.3694630457650798,-0.018048780487804006,1.2271437001583738,-0.07491289198606288,0.31978434130332856,-0.06716027874564467,-0.05333995750268805,-0.020940766550522794,-0.23086785170879476
2021-03-22,0.0452099031216362,0.05812701829924638,-0.035522066738428504,0.02978112665949051,0.09403037633585454,0.037674919268031015,1.5646533157771176,-0.028561176892716422,0.5229664900838003,-0.04291352709006113,0.06403833787549362,0.006303073795000502,-0.13588383297098128
2021-03-23,0.1143085531574739,0.12430055955235808,-0.09912070343725021,0.11390887290167862,-0.4868391589527896,0.14484412470024077,-0.28785190403670713,0.090327737809752,-0.210461235067117,0.06326938449240571,-0.44827293833568815,0.11721289634958709,-0.5460913810164203
2021-03-24,-0.057175312381673615,0.020446800454373415,-0.06285497917455507,-0.052631578947368474,0.40010633714374766,0.05141991669822121,0.01795997689917228,0.0335857629685723,0.21810884890041882,0.0005490344566450034,-0.1682847635373601,0.051722832260507445,-0.3277425052175481
2021-03-25,0.048187972919155664,0.0736758263639985,-0.01831939466348076,0.05177220230983681,1.0463302356467814,0.08379131819992125,1.0385851438604652,0.09195539625647164,1.6469357664616964,0.04822779769016283,0.7761282419722146,0.10103544404619669,0.4061948728722946
2021-03-28,0.028997180829641644,0.04752315747080149,-0.059806685461135656,0.011276681433749491,-0.37626978239656295,0.07217076117599786,0.12148585308550408,0.1035843737414417,0.6779525292684696,0.057068062827224875,0.11539791780257724,0.10614847630554447,-0.12268560878182788
2021-03-29,0.027628865979381523,0.04247422680412383,-0.07917525773195888,0.023917525773195836,0.15273105900188022,0.06589690721649588,0.2920184399420582,0.1292371134020618,1.0015534761017166,0.07721649484536042,0.3136117307811619,0.12485223367697595,0.043141264090937215
2021-03-30,-0.024580090126997245,0.05366653011061029,-0.026218762802130313,-0.006554690700532606,0.7119154379337893,0.02925030725112765,1.1922771079330041,0.10135190495698465,1.3518335172776852,0.06435886931585388,1.2808818707833258,0.10767445036187362,0.8140701266676211
2021-03-31,0.03879310344827602,0.04467084639498431,-0.045454545454545414,-0.04349529780564265,-0.4654698314590101,-0.020297805642632283,-0.09825979206366453,0.033894984326018784,0.13613066616640834,0.016085423197492066,0.2061636684076973,0.05014367816091947,-0.025201584370875718
2021-04-04,-0.05251479289940819,0.00887573964497057,-0.06434911242603547,-0.056213017751479244,0.10513580826170332,-0.08195266272189261,-0.08000534667455927,-0.03775887573964509,0.20112634792120754,-0.037777366863905426,0.34934612352454963,-0.015643491124260334,0.0967898129482272
2021-04-05,-0.0048237476808905555,0.051576994434137324,-0.018460111317254113,0.0033395176252319914,0.7906205427795472,-0.06456400742114932,0.7450929055704267,-0.03836734693877564,1.0430306168304644,-0.02660482374768114,1.403461489615287,-0.017179962894248613,1.0026738438092262
2021-04-06,0.054567022538552834,0.1043890865954924,-0.010280743376828716,0.06563859232898372,0.14243941093421286,0.013602214313959138,0.7452095156781009,0.017833135626729835,1.2090329745143666,0.044187425860023444,1.7697774541152573,0.042427837089758835,1.2876163743473268
2021-04-07,-0.025561580170410547,0.03834237025561582,-0.025561580170410547,-0.020526723470178254,0.11646989190367907,0.0008520526723478916,0.7098296003239775,-0.013051897753679431,1.3338089156101054,0.02174670797831113,2.0451783433537893,0.015866253550219422,1.5279783599680177
2021-04-08,0.07419758232596929,0.07419758232596929,-0.01750729470612744,0.07628178407669872,-0.12286598028286011,0.08895373072113477,0.4384932345290402,0.065568987077949,0.7174448597722254,0.101709045435598,1.6741398343060747,0.08950951785466188,1.2252187757302844
2021-04-11,0.04349736379613356,0.049648506151142247,-0.00659050966608099,0.05404217926186283,-0.07035298421020542,0.1343585237258358,0.11158426304131353,0.11252196836555317,0.41248094860696205,0.15861159929701185,1.4983979048548033,0.14181312243702382,1.0742415005385193
2021-04-12,0.0008798944126704455,0.04047514298284205,-0.04267487901451816,0.0013198416190056683,-0.7100799490965222,0.09819621645402665,-0.7277335579999176,0.10365156181258217,-0.600760606364113,0.15459744830620292,-0.27230738866337134,0.13770347558293006,-0.3988803984296906
2021-04-13,-0.055053410024650806,0.037387017255546384,-0.06285949055053419,-0.06614626129827439,1.5420167437959593,-0.009120788824978354,0.047206122418415264,0.022021364009860322,0.1090739243084573,0.07354149548069011,0.94363159155921,0.05616269515201311,0.5852344830340517
2021-04-14,0.032613299449385735,0.05230834392206685,-0.01355357899195253,0.030919102075391836,1.0367568556873992,0.013468869123254068,1.2669447579538176,0.05400254129606097,1.179884391300369,0.09633629817873768,2.0318476802001038,0.08494987999435244,2.2377225492887574
2021-04-15,0.014598540145985384,0.025332760841562996,-0.022112494632889668,0.013739802490339237,-0.4184240521206154,0.008415629025333882,0.292346447752986,0.06504937741519945,0.2298846445535465,0.09896951481322458,0.6356091752152104,0.09726635179619292,0.8547381772863751
2021-04-18,0.05890410958904124,0.07534246575342474,-0.007305936073059405,0.06347031963470329,0.11375816880467471,0.06602739726027518,0.48133684371712104,0.12246575342465738,0.28105627645754194,0.15527397260273967,0.728004119596734,0.16619482496194826,1.0559137288607223
2021-04-19,-0.04309969525467994,0.006094906399651823,-0.0787984327383543,-0.046582498911623915,-0.5217975670249203,0.008881149325207893,-0.288970355497815,0.04780148019155406,-0.42616652887681594,0.08802786242925542,-0.21909790953112074,0.11063706283558261,-0.03387669776780444
2021-04-20,-0.0506700167504186,0.0006281407035175768,-0.051507537688442184,-0.038107202680066954,0.8143830626151802,-0.02755443886097053,0.07100672866755242,-0.008793969849246408,0.13485192645609212,0.03456867671691799,0.41570201002871476,0.06762981574539362,0.7964223774625352
2021-04-21,-0.016393442622950727,0.010040983606557363,-0.02418032786885249,-0.021311475409836023,0.026366259633318068,-0.05204918032786798,0.06954991730302296,-0.0356967213114755,0.18858473800893827,0.004344262295082002,0.41815660520111186,0.04224043715846992,0.8295105042756095
2021-04-22,0.0688172043010753,0.16129032258064524,-0.03268817204301078,0.04946236559139772,-0.8766853408435058,0.0016344086021513604,-0.8576719622639872,0.005892473118279451,-0.8498049409181446,0.052688172043010795,-0.8396666963196973,0.09314695340501777,-0.7729803393174596
2021-04-25,-0.0479158550837554,0.03415270744059207,-0.0650564861706272,-0.09427347097779515,1.1614323382892087,-0.09310479158550755,-0.3129524566580727,-0.09181924425399324,-0.48067443051984515,-0.05270744059213095,-0.5773531029032966,-0.012426957537982286,-0.44250949964064923
2021-04-26,-0.0209737827715355,0.010112359550561889,-0.03745318352059923,-0.038576779026217145,0.2416686076981307,-0.09985018726591666,0.042475688580911886,-0.11595505617977542,-0.25965774762708904,-0.08820224719101122,-0.43253049845687996,-0.05003745318352082,-0.2737322638249966
2021-04-27,0.012552301255230214,0.03157093952073042,-0.013313046785850102,0.015595283377710212,1.9027568837578812,-0.05743628756180974,2.2488100268758138,-0.08706732597945988,1.152409103970521,-0.07042601749714728,0.7020727337266104,-0.033079751489793474,1.1798996241893591
2021-04-28,0.04133858267716528,0.051019685039370266,-0.028346456692913358,0.03503937007874014,0.5466523751013046,-0.0054330708661408655,4.029111657211576,-0.04740157480314977,2.3091337481373038,-0.03383858267716522,1.5887012757836398,-0.0030839895013125007,1.8353402525424172
2021-04-29,0.01833740831295838,0.04686226568867169,-0.018744906275468654,0.035044824775876116,-0.501948210478345,0.03757131214344023,1.4563656190491692,-0.006723716381418221,0.6552396608128124,0.002037489812550808,0.2789645350824368,0.02641945123607692,0.3520639312511189
2021-05-02,0.06074570590699624,0.06996229576874735,-0.03435274403016342,0.028068705488060175,-0.180987597709362,0.07750314201927178,0.19261407867936398,0.0263929618768326,0.37745059878643117,0.028110599078341014,0.034435151909398165,0.04875017455662589,0.08091632630572398
2021-05-03,0.046119733924611994,0.046119733924611994,-0.04656319290465638,0.05853658536585371,-0.28059640232991234,0.124611973392462,-0.32532082325616185,0.09521064301552085,0.024055175270860873,0.08126385809312642,-0.25500764298715173,0.10393200295639282,-0.23594102720980148
2021-05-04,0.018181818181818077,0.048181818181818103,-0.0013636363636364557,0.025000000000000133,0.8145001879254423,0.1150000000000011,0.10899536450575598,0.12068181818181811,0.8922682600888121,0.09829545454545463,0.40689077355680214,0.12221212121212077,0.39713402100124817
2021-05-05,0.006634232640424731,0.01680672268907557,-0.045112781954887216,-0.026979212737726632,-0.32020175255975925,0.04697036709420699,-0.222116130741715,0.08213180008845633,0.2991400439086247,0.0613887660327288,-0.030805354202547375,0.08328173374612957,-0.058474333011589
2021-05-06,-0.04111911827045356,0.011445527766002606,-0.041543026706231445,-0.041543026706231445,0.513092472410053,-0.020178041543025937,0.3700893831951002,0.02958880881729553,1.0356505428498815,0.010491733785502166,0.5134083741708697,0.03487353398332593,0.3839304741688414
2021-05-09,0.037811387900355875,0.0387010676156585,-0.02135231316725983,0.04937722419928825,0.19216571572447294,0.019750889679716055,0.609607005534953,0.08193950177935938,0.7593161751213038,0.05949733096085397,0.8247967601107844,0.08179122182680887,0.6120251156849272
2021-05-10,-0.0004629629629629983,0.015740740740740833,-0.04906944444444461,0.040740740740740744,-0.39220573740727294,0.04842592592592676,-0.0947113140011413,0.11124999999999985,-0.09114748145458318,0.10201388888888885,0.11396340198163624,0.12180555555555528,-0.02300556794798636
2021-05-11,-0.02443522360534811,0.03319502074688785,-0.03181189488243441,-0.004149377593360981,0.3560740891855958,0.035315813739051016,0.13207037487777273,0.08312586445366521,0.12646585017551515,0.09483633010603953,0.4590189795502029,0.11218687567235253,0.31997636349567027
2021-05-12,0.03350885591191943,0.05217807563427468,-0.03255146002872189,0.038295835327908145,-0.03236060909282745,0.071996170416468,0.09336519022238554,0.10258496888463386,0.10623455655618863,0.13042125418860695,0.41473500241649486,0.15069411201531824,0.2674577567213725
2021-05-13,0.0028261893546868144,0.05031088082901558,-0.02213848327837964,-0.01601507300989169,-0.0844120634960206,0.03862458784738654,-0.07925285601211596,0.06368346679227499,0.05673445475565764,0.1059114460668864,0.3206619154757526,0.1267388915057306,0.1684946390694564
2021-05-16,-0.008403361344538007,0.02473856209150327,-0.026610644257703098,-0.008870214752567773,0.16452802252834187,0.007376283846872722,0.10238710426615971,0.038795518207282775,0.23556741809525206,0.09129318394024266,0.5552622984134357,0.11006847183317747,0.3505569184170161
2021-05-17,0.016634980988593284,0.04325095057034223,-0.013307984790874361,0.018060836501901267,-0.34198542913838015,0.015494296577947653,-0.254920352164974,0.045912547528517145,-0.21074475680606342,0.10986216730038034,0.03211499566599252,0.12121356147021545,-0.11855862610767909
2021-05-18,0.01079489695780178,0.03238469087340534,-0.01815505397448469,0.03238469087340534,0.1925103082215185,0.04288518155054044,-0.09255359136159635,0.07237487733071624,-0.08802452331594413,0.1410696761530914,0.2301572430917831,0.14785737651292097,0.0714460365552696
2021-05-19,0.0048828125,0.0439453125,-0.013671875,-0.004882812500000111,0.845400372048051,0.025000000000000577,0.7448811863498304,0.05922851562499987,0.7165009616496232,0.12695312500000022,1.3010961754721544,0.13426106770833313,1.0073710706365806
2021-05-20,0.002865329512893977,0.00764087870105068,-0.041308500477554966,-0.021967526265520565,-0.28885816252172125,-0.0014326647564463224,0.16349034922177186,0.02578796561604557,0.13382873372073467,0.09283667621776526,0.6294852295446476,0.10084368035657398,0.4312367570395561
2021-05-23,-0.015311004784689053,0.02200956937799048,-0.02440191387559798,0.001913875598086312,0.22661098836622995,-0.0022966507177027973,0.3782799622292099,0.015071770334928125,0.38537436170115247,0.08940191387559837,0.637550078383557,0.09808612440191378,0.7684982138327878
2021-05-24,0.019314340898116678,0.02800579430226935,-0.021728633510381457,0.00917431192660545,-0.07424837156011965,0.0018348623853217116,0.22722454435509531,0.016755190729116354,0.2756504211665358,0.08788025108643183,0.3812828074940062,0.10516658619024599,0.6402060922393611
2021-05-25,-0.029976580796252983,0.0187353629976581,-0.03981264637002346,-0.029976580796252983,0.12846457371616826,-0.03128805620608832,0.20949489532055088,-0.017892271662763526,0.36775192981784066,0.04124121779859502,0.45068166146302224,0.06888368462138938,0.7801581524827448
2021-05-26,-0.03910112359550566,0.0031460674157304247,-0.05078651685393254,-0.04044943820224711,-0.2727310719509647,-0.06175280898876334,-0.21952079125165425,-0.05914606741573025,-0.03156265236470024,-0.011977528089887501,0.050192066587727346,0.021168539325842506,0.28789092428780383
2021-05-27,0.04665127020785231,0.05912240184757511,-0.0018475750577366945,0.02771362586605086,0.33342001755355466,-0.019399538106234848,0.1306495279579829,-0.026789838337182403,0.28823447462396845,0.008129330254041722,0.4314921450165088,0.04737490377213227,0.7414485242785473
2021-05-31,-0.0230144404332131,0.01669675090252709,-0.0230144404332131,-0.0230144404332131,-0.4228438490835069,-0.035559566787003005,-0.37544886587493664,-0.04729241877256307,-0.28477996928495053,-0.021592960288808527,-0.18611618114910733,0.020803249097472776,0.004182178302738926
2021-06-01,-0.03859804791481802,0.010647737355812037,-0.03948535936113573,-0.01685891748003543,0.19577528435586067,-0.040638864241348105,-0.15385759291842538,-0.060070984915705394,-0.11349588649481923,-0.04188110026619318,-0.027095932645559095,0.003978112984323934,0.21900790865572084
2021-06-02,0.012601260126012592,0.045004500450045004,-0.015301530153015275,0.014401440144014455,-0.15057264429084394,-0.010351035103509876,-0.23968464409483536,-0.03978397839783976,-0.2760428605263372,-0.028105310531052807,-0.20208776280793062,0.017791779177917633,0.025356150175182446
2021-06-03,0.011363636363636465,0.031818181818181746,-0.03113636363636363,0.010000000000000009,-0.09316213574017207,0.0074545454545458245,-0.23225730000888745,-0.021818181818181848,-0.3395000345620982,-0.017886363636363423,-0.26655018416660914,0.025454545454545174,-0.059141181233768214
2021-06-06,0.0022967386311438798,0.051906293063849196,-0.0022967386311437687,0.010564997703261358,0.03672990937174481,0.01580156178226977,-0.1436932613630838,-0.004501607717041778,-0.26027175679583936,-0.008911345888837685,-0.2418664916038974,0.03261368856224145,-0.00942062925339826
2021-06-07,0.011494252873563315,0.0234482758620691,-0.0289655172413793,0.0009195402298849409,0.18471609894541507,0.017839080459770562,0.12083396503314137,0.00022988505747134624,-0.0862994924165702,-0.012183908045976688,-0.0849442689161245,0.03129501915708777,0.026715241855115535
2021-06-08,-0.002310536044362377,0.03834103512014786,-0.012939001848428888,0.00508317929759694,-0.038321572286697414,0.01922365988909469,0.05262436577827034,0.009242144177449063,-0.08876013296786611,-0.008849353049907527,-0.10609144456756281,0.030499075785582086,-0.06347757625240569
2021-06-09,-0.013051305130513002,0.011701170117011772,-0.01845184518451848,-0.026102610261026005,0.27396532573525856,-0.015481548154815061,0.36397873628761723,-0.012916291629162857,0.20074259540623562,-0.03463096309630953,0.13089590662392125,-0.00399039903990428,0.1505028028425912
2021-06-10,-0.0013507429085998224,0.020486267447095807,-0.01710941017559664,0.00045024763619982977,-0.05110860446261767,-0.015038271049076624,0.2250794881737106,-0.00855470508779832,0.16065212027212805,-0.03300315173345325,0.07043339560788175,-0.009650307669218372,0.09552645493320178
2021-06-13,-0.03925798101811906,0.010353753235547991,-0.046591889559965405,-0.041846419327005946,0.009432854514853872,-0.05444348576358904,0.15025743757983778,-0.05021570319240731,0.17037279523482507,-0.07062122519413272,0.07872946459388186,-0.05568018406672415,0.12136073641024914
2021-06-14,0.05160450997398103,0.05507372072853434,-0.014744145706851675,0.005203816131829964,-0.4226570524672336,-0.03729401561144807,-0.38096963720777355,-0.03863833477883771,-0.31079707465384776,-0.06155680832610566,-0.3812977114918443,-0.05273200346921081,-0.3543820617116561
2021-06-15,0.007822685788787531,0.02042590178183401,-0.015645371577575062,0.0021729682746629564,1.5392271418436758,-0.02381573229030831,0.7356341025748028,-0.03263798348544111,0.8093388766014271,-0.05595393307257701,0.6261147393898927,-0.05184702303346389,0.6587908094423347
2021-06-16,0.00043478260869567187,0.019130434782608674,-0.010430434782608633,0.00043478260869567187,-0.1558571371956724,-0.011478260869564827,0.33193365008212283,-0.030173913043478273,0.4743605211823918,-0.05126086956521736,0.3226779950594234,-0.050768115942029124,0.35186504564088805
2021-06-17,0.032258064516129004,0.03354408602150549,-0.014193548387096744,-0.010752688172043001,-0.7286892923191612,-0.015397849462365332,-0.6486894356808005,-0.03724731182795693,-0.6167434447890434,-0.05582795698924725,-0.6485549146759311,-0.059541218637993,-0.635623814279775
2021-06-20,-0.07221783741120746,0.0,-0.08050513022888706,-0.08247829518547745,1.5507113886171728,-0.08839779005524839,0.23333729480346532,-0.11172059984214677,0.10921224642782046,-0.1282359905288083,-0.005024058312840363,-0.1362667719021311,-0.028493635745868606
2021-06-21,0.01603206412825653,0.032464929859719494,-0.014388777555110144,0.015631262525050094,-0.3896757011101337,-0.05683366733466921,-0.22973648041689998,-0.08352705410821637,-0.33465517786502463,-0.10579158316633275,-0.387109877009316,-0.12042752171008697,-0.40404060880977577
2021-06-22,0.007670569236980285,0.009689140088817272,-0.033104561970125124,0.007266855066612843,0.9951279786862983,-0.03471941865159456,0.5745504604857921,-0.06394832458619293,0.4045859338473754,-0.0911182882519177,0.2820757482430296,-0.11071188265374787,0.2265361276645219
2021-06-23,0.003225806451612856,0.032661290322580694,-0.010483870967741948,-0.0012096774193548487,0.10350955494863223,-0.021693548387096695,0.8012398707717254,-0.052459677419354867,0.519901809441526,-0.08403225806451609,0.4217116604359201,-0.10752688172043035,0.3376558198447568
2021-06-24,-0.002791068580542122,0.004385964912280826,-0.03229665071770327,-0.011164274322168932,0.25302200057464197,-0.018261562998404868,1.2745608094241265,-0.05275119617224877,0.8916579444239217,-0.0873803827751195,0.790515074087756,-0.11335725677830966,0.6692563176401374
2021-06-27,0.03216612377850181,0.040838762214983726,-0.012214983713354943,0.021172638436482094,0.13054020034919,0.01742671009772012,0.8265361167988214,-0.021009771986970627,1.0870950527555263,-0.06229641693811083,0.9974985353743351,-0.08889793702497306,0.8680371309191661
2021-06-28,0.010330578512396604,0.027685950413223193,-0.010330578512396715,0.014876033057851235,0.20793570717899135,0.02611570247933881,0.9880649094042964,-0.0007438016528925617,1.4449566289710063,-0.042334710743801685,1.3978058743571422,-0.07075757575757602,1.2217852421724285
2021-06-29,-0.006160164271047264,0.02546201232032841,-0.03326488706365516,-0.006160164271047264,0.15008420832091018,0.013634496919917805,0.6499061218240569,-0.0022176591375770993,1.5346567604373997,-0.04404517453798784,1.6648541060621933,-0.07267624914442183,1.5195578190179186
2021-06-30,-0.018226002430133725,0.004860267314702238,-0.021628189550425336,-0.013770757391656563,-0.2462798974770113,-0.003726204941271738,0.06694483923083472,-0.010530579181855071,0.8693597172114718,-0.053543944916970565,0.9514850041908094,-0.08097745375995691,0.8393812583765574
2021-07-01,0.022746071133167955,0.032671629445822914,-0.019437551695616118,0.021091811414392092,0.7291478501963915,0.016377171215880892,0.6777668087966562,0.01732837055417691,2.1668098468776913,-0.02847394540942938,2.2679740175176963,-0.055652054039150856,2.115262870465668
2021-07-05,0.004103405826836104,0.005334427574887224,-0.02544111612638489,-0.0077964710709890195,-0.5276556903753237,0.001066885514977578,-0.30641810443185546,0.013212966762412792,0.1278298096097943,-0.031575707837505185,0.46675587590408063,-0.05795376829435106,0.45575469857364426
2021-07-06,0.018875838926174504,0.023070469798657678,-0.020763422818791955,0.022231543624161132,-0.23075220563543675,0.021728187919463293,-0.44418826510364207,0.03166946308724827,-0.18072015141801745,-0.004593120805369111,0.0922127331562721,-0.03221476510067134,0.11143979403893312
2021-07-07,-0.038079470198675525,0.008692052980132425,-0.055877483443708686,-0.013245033112582738,0.21387974041494706,0.005215231788079588,-0.21475706748562873,0.013410596026490085,-0.13316703955383236,-0.013451986754966838,0.31012539199473776,-0.04097682119205304,0.35593230283687616
2021-07-08,-0.006541291905151292,0.017170891251022002,-0.01554374488961574,-0.0122649223221587,1.1942674188138436,-0.00866721177432539,0.9096183361284746,-0.001512673753066296,0.8475682268638511,-0.020400654129190454,1.8101941352848505,-0.048037612428454946,1.9685792210872255
2021-07-11,0.010788381742738551,0.03319502074688785,-0.016182572614107937,0.014937759336099532,-0.09942607119646307,0.0042323651452282895,0.5984475546239256,0.011991701244813191,0.5303816123097203,-0.0011203319502075537,1.4526133440735216,-0.029515905947441468,1.6397267964642812
2021-07-12,0.026609442060085975,0.032618025751072866,-0.0008583690987123971,0.03433476394849788,-0.40601773568286725,0.038025751072961356,-0.0352952050586387,0.0425321888412018,-0.13755267149839878,0.037231759656652264,0.4093859930514401,0.0064520743919882495,0.5357104150468766
2021-07-13,0.016143106457242373,0.029232111692844676,-0.005235602094240899,0.016579406631762605,0.19558617999804984,0.04589877835951128,0.13042415575129196,0.05431937172774859,0.038621250040627775,0.05469022687609071,0.6534774271134658,0.025538103548574442,0.8292664218155816
2021-07-14,0.001320422535211252,0.026188380281690238,-0.014084507042253502,0.008802816901408494,-0.20051658368759684,0.04700704225352115,-0.20872995249924642,0.057966549295774605,-0.16386408755937587,0.06366637323943669,0.23541170784438048,0.035680751173708725,0.42448280999352117
2021-07-15,-0.0017582417582416854,0.04087912087912082,-0.008351648351648366,-0.0013186813186814028,-0.6320766983311152,0.03296703296703307,-0.7178468174934606,0.04940659340659348,-0.6793024260780445,0.0616263736263738,-0.5453949834029339,0.03457875457875459,-0.4835226954043209
2021-07-18,0.004496402877697925,0.04676258992805771,-0.014163669064748086,0.022931654676259017,0.2759317270252071,0.041276978417266186,-0.432811722340955,0.06474820143884896,-0.503387543792878,0.08540917266187087,-0.3838612875838042,0.059097721822541915,-0.32835192395897383
2021-07-19,-0.017738359201773912,0.004878048780487809,-0.04656319290465638,-0.013747228381374876,0.3283941974876521,0.01046563192904637,-0.05168332490698613,0.04150776053215077,-0.23832270317219562,0.06824833702882516,-0.250744111279638,0.04489283074648909,-0.1072663201061288
2021-07-20,-0.00044424700133283146,0.02131941359395806,-0.02145268769435804,0.0017769880053308817,2.1969745635393463,0.0055975122167923885,2.290010879137958,0.03527321190581967,1.5458954566647671,0.06394935584184824,1.3851955654561467,0.04790463497704689,1.825670966516431
2021-07-21,0.023139745916515464,0.026315789473684292,-0.006352087114337546,0.02132486388384769,-0.28002357276599554,0.023321234119782153,1.2832118639642531,0.051315789473684204,0.7094954980492789,0.08110254083484603,0.5527347392449256,0.07140048396854204,0.9764088333221437
2021-07-22,0.016705336426914075,0.028306264501160028,-0.03341067285382837,0.022737819025522077,-0.05814035186330169,0.040278422273781755,1.0684503400595808,0.06538283062645012,0.5526108706649429,0.0993503480278426,0.41487620145017146,0.09638051044083507,0.8125782230715906
2021-07-25,0.029467680608365132,0.057034220532319324,-0.02281368821292773,0.024239543726235713,-0.5548786399417047,0.054087452471482944,-0.3173838392999553,0.07737642585551341,-0.29515685642890876,0.11827471482889784,-0.3861412474081394,0.12189480354879567,-0.20640790281604537
2021-07-26,0.028361858190709244,0.03863080684596576,-0.014669926650366816,0.028850855745721216,-0.20815100432636702,0.07276283618581902,-0.5041131442807507,0.09349633251833755,-0.3897402941533371,0.14066014669926696,-0.4984576637617849,0.15235533822330827,-0.36861811328791516
2021-07-27,-0.036201222378937414,0.012693935119887145,-0.037141513869299425,-0.03855195110484255,1.6519751748596199,0.011659614480489022,0.4401865169277246,0.037940761636107156,0.762799724165107,0.0870239774330046,0.4060650838997799,0.10365146528757219,0.7012841646690529
2021-07-28,0.010382255781028693,0.03680981595092003,-0.015573383671543262,0.003775365738555747,0.18159454929227703,0.003775365738555747,0.7882418673950833,0.03407267579046702,1.0816962068537372,0.08421425200566346,0.6651015799602682,0.10500235960358628,0.9236988866815661
2021-07-29,-0.0033269961977185902,0.015209125475285079,-0.009030418250950412,0.0071292775665399155,1.0880837411284312,0.0028517110266161882,2.7171824869559584,0.034173003802281166,3.2437745082153153,0.08443441064638835,2.480733707100496,0.10999683143219241,2.982902852945307
2021-08-01,0.014002897151134786,0.02800579430226935,-0.01062288749396434,0.015934331240946342,-0.8507546426058084,0.013906325446644052,-0.48421816317498856,0.0423949782713664,-0.4781870681753876,0.0929019797199424,-0.49296287608190426,0.12452921294060815,-0.41890213869817605
2021-08-02,-0.0536585365853659,0.014634146341463428,-0.08736141906873629,-0.0815964523281596,-0.04904630272701771,-0.07175166297117497,-0.46639269238376024,-0.04944567627494478,-0.5029468716797674,-0.003968957871396617,-0.4812322633464724,0.02901699926090151,-0.47987017267892274
2021-08-03,-0.0718185636287273,0.01763964720705591,-0.0718185636287273,-0.0529189416211675,-0.059147067096522954,-0.10323393532129332,-0.48452560746045825,-0.09974800503989933,-0.5050232598394531,-0.06049979000419947,-0.48668184867040265,-0.029343413131737606,-0.5029406928186598
2021-08-04,-0.0045008183306056715,0.04418985270049092,-0.018412438625204697,-0.025777414075286553,0.0362579288294369,-0.10556464811783939,-0.326864410009888,-0.11763502454991825,-0.4050908185892793,-0.08477905073649716,-0.44563564043865567,-0.05591925804691811,-0.49056208646207733
2021-08-05,-0.06633048875096981,0.0021334367726919545,-0.06633048875096981,-0.051978277734678,0.7161926603739461,-0.12684251357641563,0.39929582071518444,-0.15418929402637704,0.14101478776498122,-0.1318076027928624,-0.004329933006768538,-0.1054176364106546,-0.10306734852770094
2021-08-08,-0.02640264026402639,0.035203520352035333,-0.03447011367803454,-0.054638797213054535,-0.6803854408156489,-0.13978731206453954,-0.5040217932713889,-0.184891822515585,-0.6208580793142253,-0.17682434910157652,-0.6718386535398693,-0.15309864319765343,-0.7126853565696505
2021-08-09,0.005886681383370229,0.029433406916850702,-0.03384841795437821,0.0033112582781456013,0.234899685615783,-0.08866813833701237,-0.26614066795255376,-0.159271523178808,-0.45687043421472295,-0.16826710816777024,-0.5413046945005544,-0.14760853568800614,-0.6138990224220241
2021-08-10,0.001851166234727808,0.01592002961865968,-0.015179563124768647,0.00629396519807468,1.4247725038023442,-0.048648648648648485,0.9441274494278988,-0.12906330988522774,0.41073605285350756,-0.15584968530173993,0.19960411426551228,-0.13901024311983246,-0.004130100941655668
2021-08-11,0.016981132075471583,0.016981132075471583,-0.005283018867924594,0.019245283018868076,1.3975824893825548,-0.006188679245282991,3.3245786132424486,-0.09064150943396232,2.4876722851567674,-0.13188679245283008,1.9281148185101142,-0.11890566037735883,1.4255942973355582
2021-08-12,-0.015683345780433178,0.01867064973861088,-0.01867064973861088,-0.010455563853622118,-0.2501373835550229,-0.001194921583271058,1.8022299171726135,-0.08032113517550421,1.6049418354442948,-0.1339058999253172,1.1694780086998553,-0.1254418720438143,0.8164701364566298
2021-08-15,0.01225584067407115,0.01225584067407115,-0.00344695518958249,0.025660666411336797,-0.2342398523611069,0.032094982765224156,1.0354718664760343,-0.0347376484105707,1.0400475567588399,-0.10396399846801974,0.5670109208164753,-0.10033192901825672,0.38868051119290725
2021-08-16,-0.03966213734851276,0.0011017260374586169,-0.05177745134043332,-0.04113110539845766,0.19032474155255552,-0.018876239441792064,0.6795372387613834,-0.0546088872567021,1.2978014616689095,-0.13371281674623559,0.8010862939873626,-0.13497368098910556,0.6735036803237962
2021-08-17,0.011194029850746245,0.03059328358208968,-0.008955223880597107,0.016044776119402915,0.01820717963843732,-0.0027611940298507553,0.10456807875235041,-0.021977611940298458,1.17425985326107,-0.11108208955223864,0.7899878946527548,-0.11753731343283624,0.6966232021203815
2021-08-18,0.06440000000000001,0.06440000000000001,0.0,0.07200000000000006,-0.11436066002002698,0.06735999999999986,-0.14017697766554915,0.06040000000000001,0.7626556445644128,-0.03849999999999976,0.6033033654055466,-0.05005333333333384,0.484579578272164
2021-08-19,-0.01861386138613852,0.019009900990099027,-0.026930693069306955,-0.00990099009900991,0.2775371437709009,0.04491089108910873,0.19647925024159973,0.052118811881188165,1.0695306362239543,-0.042158415841583974,1.0655562353562815,-0.05834983498349888,0.8891591869274322
2021-08-22,-0.005866249511145782,0.02659366445052802,-0.01759874853343757,-0.012514665623777899,-0.24518113070904157,0.01986703167774717,-0.10443603616841513,0.03687915526007024,0.5012222321348918,-0.04691044192412974,0.5595157252837795,-0.06910441924129895,0.433923195471426
2021-08-23,0.016587677725118377,0.024091627172195818,-0.012638230647709303,0.009873617693522796,1.0586080981807182,0.025671406003159536,0.8291711680566958,0.04040284360189572,1.4178751998617174,-0.028554502369668167,2.1406432306296184,-0.05797788309636709,1.9811651037840483
2021-08-24,-0.02358855375096669,0.017014694508894035,-0.03905645784996126,-0.02088167053364265,-0.3766188285843205,-0.010518174787316315,0.041761231622970296,0.011484918793503551,0.12616996774128375,-0.03942382057231231,0.8530144053014741,-0.07504511472028907,0.8378933284844239
2021-08-25,-0.08175438596491225,0.007719298245614015,-0.08175438596491225,-0.0926315789473684,-0.6453448934747301,-0.10877192982456141,-0.637341645170536,-0.08624561403508768,-0.6299894907805483,-0.12035087719298232,-0.34327015859367527,-0.15728654970760259,-0.34860752842266174
2021-08-26,-0.030857917938284185,0.02102407595795186,-0.03797897592404198,-0.03357070193285849,-0.07544319898243101,-0.11495422177009151,-0.5609450495093233,-0.11013903017972182,-0.5904587451749388,-0.13748728382502517,-0.36081641801591713,-0.17904374364191278,-0.3810957710234283
2021-08-29,0.03053435114503822,0.04614850798056902,-0.0142262317834837,0.023247744621790467,0.2664981149805905,-0.06495489243580843,-0.27109152132812764,-0.0800485773768217,-0.39690845629775473,-0.10277585010409429,-0.13578026938437615,-0.15216284987277384,-0.22269779652231636
2021-08-30,-0.00925608501885511,0.02571134727459712,-0.022516283853273977,-0.011998628728145389,2.4197886279948353,-0.053890983887555644,1.8121677585959546,-0.0817963661295853,1.2157792549375928,-0.0996400411381555,1.9286920759408925,-0.15481659238944145,1.6415264693223661
2021-08-31,-0.005115961800818525,0.006139154160982319,-0.046043656207367056,-0.005115961800818525,-0.8450867206182604,-0.03246930422919492,-0.5608045919108169,-0.0798772169167804,-0.6658060291054131,-0.09295702592087296,-0.5707744997229326,-0.15161437016825852,-0.6008677000639082
2021-09-01,-0.021666666666666612,0.005333333333333412,-0.03420666666666661,-0.022666666666666613,0.2611314056149858,-0.03133333333333299,-0.24938160414817578,-0.09233333333333349,-0.48283271826972485,-0.10433333333333317,-0.43881300509179244,-0.16327777777777785,-0.46061543731801124
2021-09-02,0.04651162790697683,0.04651162790697683,-0.02200357781753126,0.07334525939177095,0.3337827666817863,0.05044722719141359,0.05922850321249307,-0.007871198568873083,-0.2226282629608769,-0.02869409660107325,-0.24038607238452225,-0.09241502683363156,-0.24725513359219375
2021-09-06,0.040400296515937795,0.0524462564862862,-0.014455151964418156,0.03595255744996284,0.907779061529757,0.07679762787249844,0.9717080082350311,0.03780578206078555,0.6054440593188506,0.010248332097850366,0.48278345956894464,-0.051877934272300585,0.47710626455117033
2021-09-07,-0.012597258243793985,0.036680251945165,-0.027047054464616416,-0.0003705075954055781,-0.24085544125609093,0.06276398666172689,0.39052373217830705,0.04264542423119666,0.22589929615592852,0.009336791404224165,0.01686266016964444,-0.04489317030999129,0.10817108825121813
2021-09-08,-0.0029476787030214835,0.029476787030213725,-0.005711127487103895,-0.005526897568165157,1.2920561907440806,0.040825350036846286,2.4725714380263746,0.04303610906411204,1.9624567731687543,0.003408253500368774,1.1729470357562422,-0.04213952345860972,1.5050358224266591
2021-09-09,0.013447889428464643,0.03996638027642896,-0.006723944714232322,0.013821441912588828,-0.21350537130661673,0.03892416884572336,1.0101452953079963,0.06223384385506159,1.3119893029338852,0.017519611505417032,0.6599930377976018,-0.02159133358236831,0.9633887923723758
2021-09-12,-0.011838697743248305,0.018497965223825297,-0.03292637809840915,-0.009618941916389234,-0.2768963667673545,0.005031446540880946,0.0945600316178754,0.04561598224195307,0.5471275724811564,0.008231594524602537,0.20985823711524532,-0.02412134665186849,0.423626676955023
2021-09-13,0.02083333333333326,0.050000000000000044,-0.007196969696969591,0.02386363636363642,0.8478994226890171,0.022045454545455145,0.6944946790011823,0.061249999999999805,1.650003477777005,0.032765151515151913,1.2624321833484036,0.006729797979798002,1.6744299343859406
2021-09-14,-0.005271084337349241,0.02654367469879526,-0.0060240963855421326,-0.0060240963855421326,-0.1623991377552506,0.011521084337349885,0.28049899501878883,0.045745481927710774,1.0430161088292698,0.027089608433735313,0.8650761746628215,0.0078062248995982575,1.1676464019730646
2021-09-15,-0.0443083573487032,0.0028818443804032867,-0.05439121037463979,-0.043227665706051965,-0.05237224388392392,-0.03530259365994204,0.020573479176011933,-0.008861671469740928,0.9586273765570548,-0.018515850144092183,0.7576036023601669,-0.0309438040345823,0.98568211356866
2021-09-16,-0.04088704088704087,0.007623007623007494,-0.04608454608454604,-0.038115038115038025,-0.6501822658909302,-0.06777546777546728,-0.6313825652415326,-0.052044352044352205,-0.44279072013132803,-0.054261954261954126,-0.38731163846172423,-0.06331716331716342,-0.3309036847484087
2021-09-19,0.001415929203539834,0.028672566371681363,-0.020884955752212386,0.021592920353982192,2.1793167496872337,-0.032849557522123374,0.5718978578391116,-0.03561061946902677,0.6787165455257158,-0.02700884955752192,1.0363791264036104,-0.037876106194690395,1.1191412935857978
2021-09-20,0.00781805259417201,0.04051172707889128,-0.013148542999289248,0.003909026297086005,-0.37852560280474135,-0.02039800995024832,-0.1015707505545087,-0.030774697938877327,-0.08596627632426246,-0.017874911158493045,0.26232726752367075,-0.031189291637052974,0.296387703021775
2021-09-21,-0.049437436072280905,0.009035117627003153,-0.049437436072280905,-0.04057279236276845,-0.3563683140837892,-0.048278213433344375,-0.36363831733809815,-0.06614387998636218,-0.4119064723905662,-0.053341288782816076,-0.1845954525638428,-0.06950789862484374,-0.2273589134292433
2021-09-22,0.020689655172413834,0.020689655172413834,-0.03379310344827591,0.01137931034482742,1.5642959487332901,-0.018344827586206702,0.9284706586260649,-0.04744827586206912,0.5463636220497237,-0.03565517241379301,1.1827171671049106,-0.05644827586206902,0.8939705982690662
2021-09-23,0.014846235418876086,0.020851891127606992,-0.013432308236125845,0.025097207493814055,0.4761074699019199,0.015058324496288744,1.805066703853484,-0.016967126193001225,1.2897434109608144,-0.005903145987981584,2.209453005159671,-0.030422999882172785,1.7397221060134185
2021-09-26,-0.041764904008083636,0.010441226002020798,-0.04681711013809364,-0.04715392388009443,-0.6106473374869352,-0.03664533512967294,-0.204816006298272,-0.05820141461771655,-0.13908457873518754,-0.05313236780060626,0.1743582956658658,-0.0741327046143484,0.06261501962931293
2021-09-27,0.04534094966083546,0.04534094966083546,-0.001785076758300641,0.059978579078900474,0.39365639877668124,0.03141735094609088,0.2226301352586939,0.007782934666190622,0.20516442286470982,0.004016422706176304,0.5635583441056846,-0.015137450910389094,0.49562863238431554
2021-09-28,0.05216095380029806,0.05476900149031283,-0.0011177347242921076,0.043591654247391975,0.2611634657441648,0.07540983606557417,0.46072448208676287,0.05771236959761539,0.5545580341166647,0.046274217585692945,0.8927857966519543,0.0301539990064581,0.8759857913502194
2021-09-29,-0.018409425625920517,0.007363770250368162,-0.02356406480117823,-0.01178203240058906,0.7056645234801009,0.04440353460972046,0.9489894468408344,0.0462812960235639,1.6358590380076503,0.029657584683357996,2.2428291419115056,0.017538046146293507,2.1817363428375067
2021-09-30,0.022727272727272707,0.022727272727272707,-0.03901515151515145,0.028787878787878807,-0.6361545560880273,0.06053030303030349,-0.34348012772740955,0.07412878787878796,-0.07608615184163381,0.055208333333333304,0.03153035993662989,0.04728535353535368,0.14301603831164234
2021-10-03,0.04803843074459557,0.04803843074459557,-0.005604483586869491,0.05684547638110482,0.703740140927972,0.10568454763811097,0.3145720868439197,0.1253402722177741,0.39617409145182725,0.10798638911128888,0.6176433244202277,0.10868694955964764,0.952690468582704
2021-10-04,0.018397383483237828,0.04333605887162717,-0.00817661488143906,0.021259198691741643,0.40862520283795467,0.09067865903515981,0.6099044144645669,0.13589533932951747,0.9532270482191716,0.1254701553556825,1.1114554585618346,0.13188879803761244,1.7407752654166715
2021-10-05,0.02603947921041594,0.04997900041999159,-0.007559848803023961,0.027299454010919932,-0.11140698017092576,0.09063418731625394,0.2744474382183304,0.15144897102057953,0.603832147518208,0.15090298194036111,0.8099729507851638,0.16123477530449404,1.3982012798383363
2021-10-06,0.02401372212692965,0.04245283018867907,-0.002572898799313883,0.021012006861063304,0.1247883889145387,0.08756432246998314,0.36071787950894385,0.15197255574614044,0.5308484568668537,0.16826758147512821,0.9280847864947734,0.1834762721555172,1.6984349658462667
2021-10-07,-0.007636826474331726,0.010182435299108894,-0.033517182859567174,-0.010606703436571885,-0.2544944266461914,0.04344505727619885,0.03339599495176815,0.1156554942723802,0.10370233083569413,0.14777259227831974,0.42133407468205863,0.16733135341535843,0.9928656952644879
2021-10-10,-0.04214402618657942,0.019639934533551617,-0.04337152209492645,-0.03559738134206225,-0.3334176559871045,-0.016857610474631746,-0.41624054311632996,0.05662847790507364,-0.2482574625548588,0.10036824877250416,-0.06444152910308143,0.1190534642662302,0.2685256870335291
2021-10-11,-0.03765358699960364,0.005945303210463715,-0.04122076892588189,-0.03131193024177559,0.07164382352570331,-0.05192231470471653,-0.31004173549029745,0.002734839476813189,-0.22657201578635455,0.06078081648830769,-0.01082916188578853,0.07734178887567711,0.29996469505352485
2021-10-12,0.009988014382740662,0.02037554934079089,-0.006991610067918486,0.007990411506192618,0.2112682509621846,-0.03819416699960032,-0.05096523917160489,-0.0003595685177786301,-0.06314603824302034,0.06691969636436301,0.21479931577982758,0.08116926355040621,0.5239670515405135
2021-10-13,-0.01908099688473519,0.008566978193146335,-0.028037383177570097,-0.025311526479750768,1.6276587206035797,-0.0530373831775699,1.6379725499638815,-0.032710280373831724,1.472180752869412,0.03693535825545213,2.1856930732803597,0.04842938733125668,3.022121224282312
2021-10-14,0.013349038084020437,0.014134275618374437,-0.017667844522968212,0.008244994110718551,-0.31017108687226624,-0.026698076168040652,0.723866341841537,-0.030545740086376116,0.6723188084823652,0.04140164899882248,1.1317860306738274,0.05230990708022509,1.4861594042411825
2021-10-17,-0.012992125984251923,0.012007874015748099,-0.019291338582677064,0.00275590551181093,-0.4670030912699291,-0.00905511811023596,-0.1417749348915105,-0.03153543307086604,-0.20484643249743628,0.03759842519685064,0.0100813026124551,0.04926509186351713,0.21126924051162121
2021-10-18,-0.013677217663149777,0.021101992966002348,-0.0205158264947245,-0.007424775302852682,0.6776992486786895,-0.008909730363423018,0.35458900125013937,-0.03708479874951143,0.3545964278199305,0.02432590855803074,0.697864242304217,0.03815292431939543,0.9225198351301505
2021-10-19,0.01374705420267075,0.01374705420267075,-0.011783189316575071,0.005106048703849231,-0.47008048065381514,-0.0010212097407696907,-0.3842724929325262,-0.027729772191673163,-0.28455781554385107,0.024548311076198148,-0.14252717123948078,0.04163393558523154,-0.009539395290974362
2021-10-20,-0.035200605601816926,0.0026419379258135756,-0.03595760787282376,-0.03633610900832707,1.8609844433185083,-0.03406510219530656,0.8423051661693783,-0.056813020439061224,1.1546716958471732,-0.020003785011354802,1.290647225506202,0.0018546555639664675,1.7557582240237197
2021-10-21,0.011485451761102716,0.013591117917304718,-0.010336906584992311,0.011485451761102716,0.4636618325642716,-0.017304747320061042,1.7154801142606022,-0.03411179173047463,2.068064711052516,-0.013686830015313678,2.2514735772357723,0.012442572741194313,2.9716207060719255
2021-10-24,-0.034866468842730036,0.0,-0.04135756676557867,-0.03115727002967361,-0.7384839712970213,-0.04310089020771479,-0.3413399033177943,-0.05474777448071211,-0.25288789604867157,-0.04844213649851625,-0.1675170055811348,-0.019906033630069264,0.010562255630816697
2021-10-25,-0.006620080912099979,0.005884516366311043,-0.020044133872747394,-0.008458992276572319,0.7547581234717287,-0.03972048547259999,0.16505583705160198,-0.053475542478852556,0.2722264236557512,-0.06151158514159616,0.4092584889964457,-0.028282456785583054,0.7424878368499332
2021-10-26,-0.03142857142857136,0.0,-0.05714285714285716,-0.028928571428571415,-0.6572458007880002,-0.05607142857142833,-0.6019276629570747,-0.07385714285714262,-0.5981894138383909,-0.0901249999999999,-0.5340887882767679,-0.05545238095238081,-0.4078928192898781
2021-10-27,-0.025408980160111394,0.0031326139923424368,-0.04749390880612603,-0.025408980160111394,0.8453835912399448,-0.06237382526975266,-0.13941945102166098,-0.08705186216498417,-0.1783669369304729,-0.11122520013922721,-0.09807028453437294,-0.07778164520245956,0.11768646741022426
2021-10-28,-0.006553984132459445,0.0034494653328733804,-0.03863401172818204,-0.008968609865470767,-0.44668340001676277,-0.05484649879268688,-0.4601774205643756,-0.08471886857537048,-0.5120290436846308,-0.11648844429113481,-0.4895418032316834,-0.08493733471311926,-0.384428720780968
2021-10-31,-0.0796572516661378,0.0025388765471279218,-0.09235163440177718,-0.07997461123452887,-0.48165619047836816,-0.11221834338305281,-0.6331672539277131,-0.1467470644239922,-0.7117478123478018,-0.1830371310695018,-0.7326548391301066,-0.15798159314503324,-0.6952161661800136
2021-11-01,0.09664153529814934,0.09664153529814934,-0.10315284441398209,0.07984921178889648,-0.4367588271051629,-0.01014393420150772,-0.716595833462121,-0.057676490747086806,-0.7987766461636736,-0.10661411925976694,-0.8289162390916864,-0.08702307516563834,-0.8151516946736864
2021-11-02,-0.03117744610281914,0.014759535655058054,-0.03117744610281914,-0.032172470978441114,2.592848285180181,-0.028789386401326555,0.6633761498454533,-0.07608623548922033,0.04486664569027732,-0.12752902155887225,-0.22521238594088355,-0.11524599226091747,-0.24844173190940666
2021-11-03,0.019647696476964738,0.03184281842818426,-0.008468834688346916,0.021341463414634054,0.7342138839181827,0.006504065040650708,1.860005296142643,-0.040481029810297886,0.8631035395886664,-0.09817073170731694,0.3922371387990595,-0.09543812104787708,0.2740451563030786
2021-11-04,-0.011892626571525677,0.00951410125722063,-0.014950730547060864,0.003058103975535076,0.07676156737374185,0.014950730547061086,2.078137123601331,-0.02701325178389391,1.0677504644230353,-0.08487937478763141,0.5164522400311056,-0.09208290859667001,0.37115076107774936
2021-11-07,0.016551724137931156,0.01724137931034475,-0.0096551724137931,0.014827586206896504,-0.6458504821035689,0.033034482758620864,0.022214402212994644,-0.0011724137931033995,-0.24343307925103352,-0.061206896551724066,-0.46257768584166925,-0.07731034482758625,-0.5113799494283403
2021-11-08,0.023760330578512345,0.024104683195592225,-0.004476584022038543,-0.0013774104683195176,0.6669404119441356,0.01432506887052365,0.5911969639778418,0.004476584022038876,0.35683258010874996,-0.05464876033057864,-0.0641545861685523,-0.07937327823691465,-0.16751323668934837
2021-11-09,0.01715085754287715,0.024501225061253074,-0.007350367518375922,0.016450822541127064,-0.21875971339990918,0.030031501575078945,-0.2194905595715344,0.02747637381869117,0.10652023176670311,-0.03242912145607291,-0.26142236054546475,-0.06302648465756622,-0.34465175219771904
2021-11-10,0.021162123385939813,0.032639885222381704,-0.010939741750358722,0.024748923959827973,1.0821606372386325,0.04418938307030129,0.6829389312977099,0.05494978479196577,1.3201078659143715,-0.002134146341463361,0.5876174078991039,-0.03776901004304167,0.39916721982520187
2021-11-11,0.04724111866969016,0.04724111866969016,-0.020030234315948636,0.053665910808767814,-0.4627533667069349,0.08783068783068781,-0.09950117907180966,0.10835222978080128,0.24428005295793231,0.05557445200302347,-0.1313033535566066,0.014777021919879063,-0.24134834699630148
2021-11-14,-0.0019025875190259445,0.015601217656012079,-0.014455859969558671,0.006849315068493178,3.7193377371986367,0.07267884322678864,3.7066689106744644,0.106316590563166,4.8672045272857325,0.06468797564687967,3.2596478310262134,0.021803652968036547,2.595557565812541
2021-11-15,0.014285714285714235,0.02393822393822398,-0.02355212355212355,0.014671814671814776,-0.46227290210185756,0.06741312741312755,0.8990723772031042,0.10235521235521228,1.7139867417814885,0.082007722007722,1.2407480938482771,0.03846846846846863,0.9065080657933438
2021-11-16,0.02519999999999989,0.031200000000000117,-0.040000000000000036,0.03600000000000003,-0.3801764153192444,0.08072000000000035,0.026129941522108124,0.12891999999999992,0.19973355396934478,0.1215799999999998,0.39153543031033955,0.07777333333333325,0.1826267839029201
2021-11-17,0.02321792260692468,0.035437881873727095,-0.02484725050916492,0.018329938900203624,0.23736974986768922,0.07144602851323856,0.08173591650109757,0.12863543788187326,0.42074631915945826,0.14120162932790215,0.7175747663956829,0.09914460285132365,0.47711444081011756
2021-11-18,0.07092819614711043,0.08669001751313488,-0.01021891418563925,0.07486865148861654,-0.2680202207516734,0.12250437828371341,-0.21487342977988333,0.19137478108581396,0.03401328574513207,0.22254816112084042,0.2769077618727058,0.18323117338003492,0.08773545363325752
2021-11-21,0.03961748633879769,0.04644808743169393,-0.031876138433515444,0.04007285974499086,-0.4375754545129835,0.13451730418943564,-0.6061928063721114,0.20910746812386094,-0.40354145086973603,0.264071038251366,-0.26021663035325215,0.22953855494839082,-0.38297377099927365
2021-11-22,-0.01084010840108407,0.0072267389340561206,-0.035682023486901526,-0.008130081300812941,0.8782243511045813,0.08626919602529415,0.05152521450949599,0.1674796747967473,0.08886831565600661,0.24250225835591666,0.4366916899792703,0.2158084914182472,0.18350943573436385
2021-11-23,-0.033127208480565384,0.004416961130741859,-0.045715547703180204,-0.022084805653710293,0.6824040632054176,0.02906360424028298,0.9060270880361174,0.11121908127208413,0.7788860045146726,0.20390901060070643,1.4564430022573362,0.18440812720848032,0.987545522949586
2021-11-25,0.01981981981981984,0.01981981981981984,-0.014864864864864824,0.01981981981981984,1.4944395957093386,0.028198198198198687,3.4503054703116645,0.10653153153153094,2.980266899405952,0.21569819819819802,4.926328162391959,0.20429429429429402,3.9180663870041386
2021-11-28,0.025723472668810254,0.03243454294901227,-0.01653651814423518,0.019751952227836433,-0.6210659952631916,0.026917776757005685,0.5162310367636076,0.10229673863114308,0.4175752661787613,0.22471290767110674,1.1977249450572898,0.2227530240391975,0.8585312337750088
2021-11-29,-0.03369272237196763,0.008984725965857976,-0.038634321653189696,-0.022012578616352307,-0.18435433344935603,-0.005300988319855815,0.12579881656804726,0.056963162623539176,0.04259919944309076,0.1815363881401615,0.7347163243995825,0.19029649595687292,0.5221362687086668
2021-11-30,0.035240274599542376,0.04393592677345515,-0.014645308924485123,0.01876430205949653,-0.4437048905756096,0.016109839816934146,-0.5335156669780861,0.05839816933638353,-0.38738751385655024,0.18254004576659,-0.11302322091576678,0.2078413424866512,-0.15657070753522018
2021-12-01,-0.02988403211418389,0.003568242640499486,-0.04817127564674406,-0.025423728813559365,0.7093152181108096,-0.012310437109723016,-0.10744356920632814,0.013425512934878814,0.14493612232739794,0.13612845673505758,0.28035016879592245,0.17157300029735323,0.47638070651574327
2021-12-02,0.051724137931034475,0.08495806150978558,-0.00745573159366264,0.04473438956197584,-0.2142411318006866,0.029822926374651004,-0.25672266722147097,0.046738117427771675,-0.11450509726412139,0.16894221808014898,-0.024920680328721523,0.21926063995029477,0.15323021776067125
2021-12-05,0.06679960119641071,0.06979062811565306,-0.004486540378863424,0.06979062811565306,-0.3161839894009585,0.09431704885344017,-0.3865546890977477,0.10438683948155458,-0.3773458826458479,0.23043369890329002,-0.32673657113895227,0.29611166500498487,-0.19650611015771113
2021-12-06,-0.05438349742147197,0.016872948898265516,-0.05438349742147197,-0.05954055321143925,1.5485632704858592,0.013127051101735177,0.8607029550398841,0.025597749648381907,0.6633146754894852,0.13520862634786668,0.7777148295866569,0.20947022972339413,1.118956218274112
2021-12-07,0.018352941176470683,0.018352941176470683,-0.02729411764705869,0.0037647058823528923,-0.17812709528421367,0.008188235294118051,0.47960031289577576,0.02649411764705789,0.18850201147284507,0.12143529411764686,0.3499864970572899,0.20519215686274483,0.7256931510591274
2021-12-08,0.044607843137254966,0.04656862745098045,-0.0063725490196078205,0.04166666666666674,0.4548706137379759,0.04431372549019663,0.8838368784717519,0.06490196078431287,0.6726514022490178,0.14906862745098026,0.9039947161631217,0.24570261437908458,1.5233261075734998
2021-12-09,0.006876227897838927,0.03094302554027495,-0.016208251473477375,0.0019646365422396617,-0.4526957385752738,0.026522593320235988,-0.03873766322361538,0.05599214145383047,-0.09551760701759593,0.1312622789783886,-0.023607640459435975,0.235707269155206,0.34205811910040707
2021-12-12,-0.007897334649555776,0.008390918065152908,-0.06910167818361312,0.004935834155972207,0.06669355923087261,0.02073050345508398,-0.004600210394767101,0.0521224086870673,0.04338086989535639,0.11828726554787727,0.04718300389942165,0.22803553800592247,0.43405046837882666
2021-12-13,0.023735810113519218,0.045923632610939125,-0.018575851393188847,0.04540763673890624,-0.3492701556452277,0.06914344685242546,-0.4536564275714403,0.09210526315789402,-0.3042128180844931,0.15307017543859636,-0.34376132339619536,0.2687822497420016,-0.08402251640176794
2021-12-14,-0.03711133400200617,0.0010030090270811698,-0.08074222668004027,-0.028084252758274975,-0.21509946188775597,0.019558676028084365,-0.4855032884637138,0.046990972918755425,-0.42181253332902413,0.1033851554663987,-0.4552744695635311,0.21287194918087549,-0.31377895921874077
2021-12-15,0.04199066874028001,0.064282011404873,-0.022291342664593095,0.03369621565578029,0.13432316011364676,0.04033177812338029,-0.2879479424434057,0.07236910316225953,-0.3253826413710934,0.12511664074650053,-0.3456433874072037,0.23777432175565894,-0.3023997189380747
2021-12-16,-0.04472361809045211,0.015326633165829051,-0.06030150753768837,-0.030653266331658213,0.5865122467229384,-0.0027135678391957407,0.33965844402277034,0.023768844221104812,0.14107468719783056,0.07628140703517583,0.06562702203610393,0.1816415410385257,0.10726127553975506
2021-12-19,-0.06850618458610858,0.014509990485252144,-0.09609895337773544,-0.05328258801141772,-0.5104479205595003,-0.06022835394862025,-0.3422554410691723,-0.03820171265461558,-0.44717206769526463,0.0078734538534726,-0.4743537451283968,0.10342530922930515,-0.45640417845639136
2021-12-20,0.032432432432432545,0.043243243243243246,-0.03488943488943497,0.03292383292383283,1.314888813821855,-0.02181818181818196,0.7772519423595032,-0.001818181818182829,0.3259060911405338,0.03658476658476606,0.26769009582032255,0.12597870597870564,0.30374190855187466
2021-12-21,-0.042870905587668595,0.03155105973025041,-0.05924855491329484,-0.019749518304431612,-0.3184738053793026,-0.03179190751445082,0.12935818967937562,-0.026252408477842937,-0.07776461339772034,0.012235067437379232,-0.18056319838284018,0.08985228002569023,-0.14991521140996122
2021-12-22,-0.023988711194732004,0.059266227657572834,-0.023988711194732004,-0.0235183443085607,-0.33337076548755384,-0.04684854186265275,-0.2991240875912409,-0.05145813734713167,-0.3587441512259031,-0.01481655691439343,-0.44830638218229457,0.05123863280025054,-0.4355490673154906
2021-12-26,0.01741654571843254,0.02588292210933707,-0.009675858732462683,0.028543783260764455,3.288535011397566,-0.0005805515239477588,2.1628246701126916,-0.020222544750847615,2.060415128262754,0.009966134494436174,1.5092697531062385,0.06945653926785966,1.4293404394216673
2021-12-27,0.004431314623338345,0.04357459379615958,-0.002954209748892156,0.017725258493353158,-0.5714531408011778,0.024716888232398038,0.25187911475567715,-0.0013293943870024139,0.2616093725277069,0.024101427868045366,0.08454950089776503,0.07657968160183803,0.027734169871331815
2021-12-28,-0.015158924205378899,0.012224938875305513,-0.045965770171149,-0.0068459657701711585,-0.032938155303635086,0.010757946210269154,0.03021448719995745,-0.007921760391198851,0.23264942253446175,0.013520782396087894,0.06599972058119108,0.059185004074979064,-0.023629517270743472
2021-12-29,-0.02833813640730065,0.03698366954851107,-0.03698366954851107,-0.01777137367915471,0.4402943600160978,-0.006243996157540566,0.5392709990226328,-0.020413064361192057,0.7332400682240661,-0.008837656099903946,0.5523097487591269,0.031027857829010186,0.4390883016168081
2021-12-30,0.022772277227722793,0.05297029702970302,-0.0022277227722771187,0.03069306930693072,0.4443368024800709,0.024851485148515096,1.0191513507528787,0.014009900990098245,1.3052397032772363,0.019034653465346496,1.1713241806908772,0.054290429042904265,1.0858927516976675
2022-01-02,0.026917216861350735,0.030472320975114098,-0.02488572879634343,0.02590147282884714,-0.5959989041157164,0.0406297613001525,-0.4022007145612828,0.04489588623666729,-0.15029270174614628,0.03979177247333632,-0.13636938009851773,0.07347215168444188,-0.17041075159397112
2022-01-03,-0.00948577134298556,0.006989515726410378,-0.07089365951073401,-0.016974538192710886,0.06390534656292379,0.013180229655516795,-0.22532895519546958,0.02611083374937495,-0.0714219430366193,0.017723414877683252,-0.07373028053394248,0.04716258944915963,-0.10478620886572909
2022-01-04,0.02297090352220521,0.039816232771822335,-0.014803471158754467,0.022460438999489574,-0.315100081890739,0.03307810107197562,-0.4508928535052089,0.044104134762632974,-0.40999678140876517,0.04050535987748849,-0.37717224352105727,0.06590096988259297,-0.3854223620113886
2022-01-05,-0.031015507753876848,0.007003501750875385,-0.04652326163081544,-0.020010005002501163,0.5298300943643186,0.003801900950475501,-0.04136572717866882,0.019409704852425325,-0.020061455229927416,0.015332666333166545,0.0018081300407624123,0.0406203101550775,-0.06697269625991531
2022-01-06,0.012121212121211977,0.030303030303030276,-0.00757575757575768,0.00959595959595938,0.3282612115141028,0.005050505050505194,0.36617132071098024,0.025303030303029272,0.287003998642283,0.021893939393939243,0.35262560952388844,0.04698653198653191,0.24244466337171922
2022-01-09,-0.022132796780684028,0.0005030181086520535,-0.06086519114688116,-0.004024144869215207,-0.3142252097786963,-0.003018108651911433,-0.008003951447160707,0.01383299798792681,-0.20049847278838184,0.016272635814889247,-0.0590670383449341,0.038011401743796025,-0.14187076799630594
2022-01-10,-0.012256128064031868,0.03401700850425238,-0.022071035517758797,-0.005502751375687787,0.5729415967136988,-0.006603301650825344,0.5555063404179319,0.004302151075536997,0.35923379174852643,0.009479739869934889,0.4984631184140025,0.02843088210772038,0.39164553194022744
2022-01-11,0.05985169491525433,0.06726694915254239,-0.0068855932203388814,0.05879237288135597,0.21767686653182827,0.05137711864406791,0.7720362758530697,0.061652542372880426,0.6188088558317566,0.06811440677966107,0.8167879123985995,0.08575211864406773,0.7011881719260853
2022-01-12,-0.0036861506055817506,0.050552922590837435,-0.012111637704054656,-0.005792522380200116,-0.308634364545352,0.03780937335439716,-0.005656504905461768,0.04723538704581287,0.07532158027290148,0.06061084781463921,0.21760064654362288,0.07352992803229763,0.17038980566101558
2022-01-13,0.10104529616724744,0.11149825783972145,-0.0505226480836235,0.10278745644599296,-0.615975355904507,0.13286875725900127,-0.6339843693611763,0.14425087108013868,-0.5787776690311832,0.1668699186991871,-0.5489423190740564,0.17833914053426247,-0.5576211634345831
2022-01-17,-0.0005903187721369996,0.02597402597402576,-0.023022432113341207,0.016528925619834656,0.058950316274775316,0.12113341204250272,-0.4744757543054031,0.14557260920897175,-0.47014207142398545,0.18004722550177088,-0.5027627037289545,0.18758362849271926,-0.5085607688834946
2022-01-18,0.023241954707985624,0.038736591179975965,-0.021454112038140627,0.009535160905840279,0.5086852641095183,0.09678188319427883,-0.06789819376026274,0.1401072705601898,-0.13223695134776114,0.18247914183551828,-0.20611266397298933,0.18992848629320602,-0.23193114518182323
2022-01-19,0.10197578075207137,0.1134480560866793,0.0,0.06947100063734868,-0.08320753041470563,0.13205863607393242,-0.05680287211234725,0.19859783301465828,-0.18384944244992196,0.251115360101976,-0.2857358519289076,0.2656256639048227,-0.2969850995781198
2022-01-20,-0.0006381620931716903,0.023292916400765806,-0.02297383535417996,0.0012763241863433805,0.10283028106943481,0.09278876834716043,0.17497936399121405,0.1752393107849386,-0.10410668233604292,0.23784301212507963,-0.18544753323913055,0.255243565198894,-0.20165227975432654
2022-01-23,-0.012944983818770184,0.006472491909385258,-0.13656957928802582,0.014239482200647302,-0.7724164940225513,0.06537216828478964,-0.715312117918761,0.1640129449838177,-0.7903794066702894,0.23899676375404555,-0.8126927918251596,0.26107874865156444,-0.8145221295793144
2022-01-24,-0.04158907510862819,0.036002482929857305,-0.04717566728739908,-0.040968342644320255,2.9885365471639807,-0.00024829298572304204,0.6399451379805188,0.08932340161390329,0.18380004148516904,0.1702048417132216,-0.11003623602521284,0.19917235671425626,-0.13767855202649404
2022-01-25,0.02414231257941557,0.06893265565438367,-0.005717916137229939,0.023506988564167663,1.2015339881828857,0.012706480304955692,2.4410411735102793,0.09097839898348026,1.662177778606177,0.18322744599745877,1.0403347561089262,0.2183608640406609,0.9299199145092045
2022-01-26,0.07702794819359249,0.09747784594410369,-0.0013633265167006803,0.07293796864349011,-0.24983046344652082,0.07239263803681006,1.4282542279270398,0.14158145875937134,0.993814187937387,0.25395364689843225,0.5172930780147793,0.29695523744603536,0.44330977299579843
2022-01-27,-0.01672240802675584,0.01672240802675584,-0.037458193979933,-0.0187290969899665,-0.08441670667306767,0.038662207357859746,1.1036415426468236,0.0920401337792629,0.8581961913906226,0.21113712374581972,0.3868798207713233,0.2621627647714604,0.31053501893636315
2022-01-30,-0.056639395846444285,0.016991818753933297,-0.056639395846444285,-0.05915670232850856,0.2650719485630533,-0.03184392699811178,1.5669903069859341,0.002013845185649954,1.369546768590424,0.12101950912523618,0.7755014535472222,0.17702957835116417,0.6332750294893286
2022-01-31,-0.04624624624624607,0.013213213213213448,-0.06486486486486476,-0.04564564564564555,0.22828951948994924,-0.07075075075075044,0.5243517440993046,-0.05171171171171307,1.6888043445826995,0.05690690690690725,1.2063099891584361,0.11649649649649674,0.9747275518289751
2022-02-01,0.04788909892879656,0.04788909892879656,-0.02898550724637672,0.04914933837429114,-0.21576443057722305,-0.018273471959672216,-0.016234009360374446,-0.006931316950221977,0.9319399375975039,0.09927536231884071,0.6997238689547582,0.16454526360008415,0.5390291211648466
2022-02-02,-0.011428571428571455,0.024126984126983997,-0.021511111111111147,0.007619047619047636,-0.11493427593063077,-0.00914285714285712,-0.1004473655141942,-0.005142857142858559,0.6487234894510105,0.09444444444444455,0.49059151662432354,0.16251851851851873,0.32698668029014333
2022-02-03,-0.01673899566026038,0.0065096094234347035,-0.03967761934283931,-0.023558586484810906,0.6278897267894672,-0.01909485430874147,0.46844311579136666,-0.028208307501551233,1.58095730453253,0.056757594544327494,1.3699878623045887,0.12562512915891744,1.1689821943005279
2022-02-06,-0.023199023199023117,0.014652014652014822,-0.030525030525030417,-0.015262515262515208,-0.5675277649517607,-0.01965811965811959,-0.4303074193783567,-0.04023199023199142,0.05521786677683527,0.028846153846153966,0.007587061653989258,0.09902319902319934,-0.07641254951517651
2022-02-07,0.014058679706601573,0.014058679706601573,-0.04951100244498774,0.0012224938875304847,-0.07317479694939844,-0.012469437652811721,-0.39788818364873935,-0.03337408312958556,-0.35375401483857305,0.019651589242053902,-0.047008185090252175,0.09042379788101074,-0.15321630050738255
2022-02-08,-0.05462909718228859,0.0002875215641171547,-0.056354226566992516,-0.05922944220816573,0.7848505314615595,-0.07429557216791272,0.26997764806149194,-0.08918918918919028,0.14200315178413492,-0.05086256469235184,0.7193806583369515,0.017577151619704967,0.5541820101736161
2022-02-09,0.04489544895448927,0.10024600246002446,-0.009840098400983988,0.0694956949569494,0.002676512794053565,0.00873308733087308,0.2672078812015286,-0.015744157441575757,0.158822818077748,0.007103321033210097,0.7289784911562214,0.0823083230832311,0.5527020417815471
2022-02-10,0.06082406801831253,0.06932635709614132,-0.01504251144538904,0.06344015696533689,-0.057467421450552836,0.07939829954218425,0.1627658523612323,0.0570961412688018,0.07779491660651194,0.06242642249836483,0.6418065423046238,0.14183562241116254,0.4568185099350328
2022-02-13,0.024716098864395297,0.04609218436873741,-0.013360053440213848,0.02137608550434189,1.0225142154602738,0.09124916499666003,1.4827262947594897,0.08196392785571005,1.1420193637621026,0.07277889111556446,2.3194936222529585,0.15393008238699668,1.9603918856615952
2022-02-14,-0.038535645472061675,0.0025690430314706525,-0.03982016698779711,-0.038535645472061675,0.5876152832674573,0.03108542068079645,2.2551602986385597,0.03436095054592059,2.2581637632362273,0.024213230571612288,3.9269116283609034,0.09826589595375768,3.694119130109468
2022-02-15,0.013680781758957705,0.030944625407166138,-0.019543973941367976,0.014332247557003353,-0.37386761178753114,0.03557003257329017,0.485134206144304,0.04214983713354914,0.9490642997907088,0.03442996742671034,1.866362914190562,0.1050597176981547,1.8689357715007358
2022-02-16,-0.01302083333333326,0.02864583333333348,-0.021484375,-0.0006510416666666297,-0.528213222628237,0.008333333333333526,-0.3842576776434806,0.03808593749999867,-0.1256769515737277,0.0291015625000004,0.29777220408369187,0.09418402777777835,0.3288650084926761
2022-02-17,-0.001315789473684159,0.020394736842105354,-0.05789473684210522,0.010526315789473717,-0.6321815617577198,0.007105263157894948,-0.7657220266372582,0.04644736842105113,-0.6800252375296911,0.038848684210526674,-0.5356101013742789,0.096425438596492,-0.5206478516287751
2022-02-21,-0.02516129032258063,0.014838709677419404,-0.03838709677419361,-0.01935483870967747,2.475652117828086,-0.013548387096774084,0.2668785876846247,0.020193548387095417,0.37770130193216667,0.017225806451613312,0.6890524366310085,0.06490322580645236,0.7326395223484534
2022-02-22,0.0032113037893384266,0.015414258188824581,-0.021836865767501545,-0.004495825305073864,-0.44025024240298727,-0.011175337186897893,-0.2460349060301612,0.009955041746947835,-0.2789702514802055,0.01281310211946085,-0.2695381965217749,0.050909869406979835,-0.032263149932264756
2022-02-23,-0.07612667478684543,0.005481120584652777,-0.08861144945188804,-0.05176613885505488,0.9813000071530027,-0.062362971985383764,0.8063273418420003,-0.04713763702801621,0.399865114805694,-0.041260657734470074,0.4256327852770767,-0.012241169305724275,0.92342438083949
2022-02-24,-0.025989367985824074,0.005906674542232704,-0.05138806851742472,-0.030124040165386723,0.39560188816474384,-0.07796810395747178,1.6133312417107573,-0.08157117542823522,0.9158440410148172,-0.06813349084465425,0.9828838721638309,-0.04902539870053113,1.6776229660158868
2022-02-27,0.0011976047904191933,0.03473053892215572,-0.0119760479041916,0.01377245508982039,-0.24502847791212223,-0.046467065868263324,0.8252156030965021,-0.06491017964071977,0.388352587775493,-0.048532934131736316,0.4577676331571183,-0.03982035928143646,1.0136905723216945
2022-02-28,0.01570048309178751,0.020531400966183666,-0.007850241545893644,0.008454106280193274,-0.056500848223809186,-0.020289855072463725,0.14440934163610697,-0.0484903381642523,0.270570189250414,-0.03520531400966154,0.34322792332463115,-0.036312399355876934,0.8863248036895197
2022-03-01,0.01356350184956856,0.01818742293464859,-0.013563501849568338,0.020961775585696563,-0.4722737458319485,0.013316892725030893,-0.4068833159999571,-0.01874229346485945,-0.3115971008588062,-0.012916152897656907,-0.29785780913272364,-0.017468146321413247,-0.048840629433859806
2022-03-02,0.15098171970209884,0.15098171970209884,-0.018280297901150933,0.09817197020988488,-0.6726559305645491,0.12159783344617492,-0.8084277875171316,0.0819905213270129,-0.7491133678334588,0.08253215978334505,-0.7626121999884181,0.0773640261791928,-0.6968650979580113
2022-03-03,0.06534090909090917,0.08238636363636354,-0.012073863636363646,0.04900568181818188,4.141314350673957,0.15312499999999996,0.8366119922770168,0.130894886363635,0.7449602122015915,0.1316761363636365,0.4197188689799527,0.12540246212121287,0.6646875018796201
2022-03-06,0.0028571428571428914,0.05714285714285716,-0.06428571428571428,0.005714285714285783,-0.5090297803351451,0.119,-0.06220603934388469,0.1282142857142845,-0.15563912771923294,0.13217857142857148,-0.31049288381549756,0.12800000000000078,-0.20123970297921479
2022-03-07,0.012212643678160884,0.032327586206896575,-0.023706896551724088,0.005747126436781658,0.6478561730828187,0.0866379310344827,0.739329041299873,0.1260775862068957,0.28082672739748027,0.13103448275862095,0.18612680477087262,0.1304837164750965,0.31899687100054974
2022-03-08,-0.03877551020408154,0.020408163265306145,-0.03877551020408154,-0.05306122448979589,0.5519104636541794,-0.006938775510204054,1.7866375160007704,0.055578231292516156,1.0199757581249926,0.06265306122449021,0.8018243710139674,0.06702947845805074,0.7429183139436093
2022-03-09,0.012596221133660102,0.05108467459762078,-0.0041987403778865895,0.028691392582225417,-0.08275059486081815,0.0002799160251925059,1.3518438087717293,0.07977606717984487,0.7430814309909497,0.0873337998600423,0.5832550576157769,0.09435502682528663,0.5474472071847412
2022-03-10,0.01711840228245376,0.03637660485021388,-0.007845934379457908,0.01925820256776034,0.7182824495625781,0.012696148359486736,1.349962506695233,0.08537803138373623,1.9922138903767181,0.09721825962910158,1.695365113372612,0.11198288159771841,1.65236862465036
2022-03-13,0.03545051698670609,0.03840472673559825,-0.010709010339734037,0.03545051698670609,-0.3208192367856233,0.04771048744460882,0.4630797773654918,0.10236336779911248,1.0151430269077326,0.12784342688330907,0.7893921204845573,0.149803052683408,0.7662612519755376
2022-03-14,-0.010279001468428639,0.01468428781204123,-0.010279001468428639,-0.005873715124816492,0.6470012582133371,0.03480176211453756,0.8373629446186417,0.0726872246696022,2.2981486289468953,0.11479441997063189,1.8980627508937307,0.13959862946647172,1.8599322295673475
2022-03-15,-0.006474820143884896,0.028057553956834402,-0.027338129496402908,-0.020143884892086406,-0.5666761862727281,0.009640287769784095,-0.35428339001826037,0.029928057553955556,0.3873060380264992,0.08748201438848935,0.24930939585118272,0.11119904076738685,0.21809705959561865
2022-03-16,-0.06015037593984962,0.04477101845522902,-0.06015037593984962,-0.04989747095010255,-0.30709034432304727,-0.05167464114832532,-0.5198666362840455,-0.03732057416268064,-0.0812901020616208,0.027511961722488154,-0.1119847447260166,0.04948735475051347,-0.1529681022455155
2022-03-17,0.025964912280701746,0.07157894736842096,-0.007719298245614015,0.026666666666666616,-0.3368618624589421,-0.021614035087719197,-0.625519139155539,-0.012631578947369548,-0.5510597517039535,0.05238596491228087,-0.39098137381995746,0.0745730994152054,-0.43318938206998203
2022-03-20,0.07605421686746983,0.07831325301204828,-0.0030120481927710108,0.07304216867469893,0.2772504025151483,0.05331325301204837,-0.3231396689471626,0.060768072289155484,-0.35516108224514575,0.12507530120481936,-0.19350338011143442,0.14929718875502096,-0.2579889310450495
2022-03-21,-0.050071530758226124,0.0014306151645206988,-0.050071530758226124,-0.050071530758226124,0.20866687948138685,-0.003147353361945493,-0.04141906492486003,0.0025035765379100017,-0.23832506629997052,0.06187410586552211,-0.08056520724879679,0.08495469718645765,-0.08107463248534852
2022-03-22,0.01767304860088359,0.028718703976436055,-0.008836524300441795,0.02945508100147287,0.3440596714440127,0.03151693667157596,0.47457445316303204,0.032474226804122486,0.04510507685833809,0.08755522827687767,0.2582035858973406,0.11102110947471844,0.22330558237140097
2022-03-23,0.010347376201034875,0.014412416851441234,-0.011086474501108556,0.003695491500369519,0.23913176836250605,0.030598669623060015,0.8387371176181908,0.02801182557279991,0.3286806805169311,0.08422025129342203,0.5219179412726975,0.10827790096082857,0.4814865178035881
2022-03-24,0.015026296018031404,0.030803906836964767,-0.011645379413974588,0.016528925619834656,-0.3965523623844721,0.03110443275732533,0.024496242642612964,0.03929376408715135,-0.1972439876112091,0.09128474830954136,-0.0816185634431954,0.11692962684698283,-0.111463950346121
2022-03-27,-0.07007708479327257,0.009110021023125414,-0.08199018920812895,-0.0672740014015416,-0.5028784723393684,-0.05143658023826192,-0.5455356841624213,-0.03559915907498368,-0.5683993730849801,0.005185704274702108,-0.5293501430801648,0.03489838822705038,-0.5544005201799773
2022-03-28,-0.01449275362318847,0.05175983436852993,-0.028295376121463045,-0.015182884748102143,0.5219416786866269,-0.05217391304347829,-0.18775504488229777,-0.04520358868185059,-0.2294299971525532,-0.018461007591442646,-0.2292789891096827,0.016839199447895803,-0.29156969009508604
2022-03-29,-0.01962110960757779,0.041948579161028565,-0.01962110960757779,-0.01962110960757779,0.400075811542961,-0.06387009472259819,0.20429903732411403,-0.05805142083897241,0.1861402121416107,-0.04472259810554824,0.1169036866630504,-0.00419485791610219,0.02434988334172039
2022-03-30,0.01293396868618113,0.03607896528250509,-0.02654867256637161,0.006126616746085833,-0.10123585869858909,-0.04179714091218523,0.11975494284740895,-0.04628999319264904,0.08806374305416864,-0.04377127297481298,-0.006013650834674422,0.00011345586566879895,-0.057417110142578
2022-03-31,-0.007417397167902906,0.02697235333782877,-0.020229265003371633,-0.009440323668240103,-0.48045043945312504,-0.03519892110586664,-0.3740191650390625,-0.05488873904248237,-0.4336337280273438,-0.053068105192178194,-0.5445500183105468,-0.010811418296245878,-0.4996219889322917
2022-04-03,-0.010006671114076049,0.07004669779853234,-0.016010673782521745,-0.010673782521681163,-0.13159624313609086,-0.025216811207471768,-0.36862371997371046,-0.061107404936625254,-0.4879696079886361,-0.06067378252168132,-0.5757522473339411,-0.022548365577050977,-0.5487797789414917
2022-04-04,0.017651052274270107,0.06059063136456211,-0.015614392396469778,0.017651052274270107,1.242217164724548,0.0017651052274267887,0.4766440663865896,-0.032926001357774126,0.25531027352083036,-0.04073319755600824,-0.0037073570745215223,-0.0057705363204341165,0.011757493646766148
2022-04-05,0.0020732550103661485,0.016586040082930298,-0.008293020041465149,0.017968210089841063,0.21196211875697668,0.023082239115410852,0.7234669259299269,-0.010366275051832297,0.5252709661157322,-0.02069799585349008,0.21873573151849035,0.010320202718268057,0.24055669583378347
2022-04-06,0.019635343618513268,0.019635343618513268,-0.02524544179523136,0.014726507713884951,0.37686045473926355,0.033800841514726176,1.3448998006921236,0.010448807854136488,1.117594621662089,-0.007082748948106565,0.7031051373836132,0.02262739597943031,0.6898822331736887
2022-04-07,0.03395953757225434,0.040462427745664886,-0.007947976878612706,0.030346820809248554,0.2902726423663975,0.05895953757225403,1.84798556825015,0.04638728323699315,1.7361650951241665,0.02294075144508656,1.2004177275111627,0.0484585741811181,1.1816831070909193
2022-04-10,0.049429657794676896,0.051825095057034254,-0.05855513307984783,0.05247148288973391,-0.6346575425705459,0.09946768060836497,-0.19277177139278012,0.10532319391634881,-0.03958932218997013,0.07593155893536108,-0.19091703709936014,0.09564005069708537,-0.20168583879828672
2022-04-11,-0.03854389721627405,0.03890078515346174,-0.043540328336902134,-0.06138472519628835,-0.41362156295224317,0.005710206995003464,-0.6162286760513966,0.02947894361170489,-0.4675615598824716,0.008493932905067503,-0.5075538306363198,0.01993813942422129,-0.5208254761800348
2022-04-12,-0.04063360881542699,0.008264462809917328,-0.045454545454545414,-0.0351239669421487,3.712519858952997,-0.03953168044077149,1.316301778587205,-0.009986225895317946,1.7036747135790034,-0.02558539944903615,1.5239515118637064,-0.021740128558309868,1.3728200359075702
2022-04-13,0.026779422128259345,0.031797040169133206,-0.023255813953488413,0.023255813953488413,-0.4779187149764318,-0.01649048625792826,0.1264429204345452,0.011205073995770531,0.36056455800341225,-0.0007399577167022109,0.3048515439029489,-0.0029833215879723207,0.2142775900862932
2022-04-17,0.039346696362286604,0.04454342984409787,-0.011135857461024523,0.05345211581291753,0.3329947504674242,0.035040831477356926,0.5868366172875017,0.061544172234594186,0.7938920250251689,0.0510393466963619,0.7310594347763555,0.04887404107894122,0.4923132700512969
2022-04-18,0.01210287443267788,0.035552193645990826,-0.00907715582450841,0.018910741301058964,0.20668597398934851,0.049016641452344745,0.9865911728656187,0.07133131618759325,0.9299046565357458,0.06796520423600572,1.012794897660343,0.06717095310136201,0.8009017315125153
2022-04-19,0.029163468917881907,0.044512663085187976,-0.006139677666922472,0.014581734458940954,-0.24203957807502896,0.06538756715272442,0.30557167873850033,0.0733691481197225,0.22836236876505556,0.08330775134305468,0.4825820295479022,0.08073676132003138,0.32841032724123664
2022-04-20,0.03622047244094495,0.04488188976377949,-0.0031496062992125706,0.025984251968503846,0.9367695296328142,0.07763779527559045,0.7540460494888699,0.08787401574803022,1.3047673640966848,0.10771653543307069,1.8385680392344192,0.10648293963254662,1.5646693842022015
2022-04-21,0.019778481012658222,0.05617088607594933,-0.014240506329113889,0.004746835443037778,-0.5538489954817993,0.0539556962025316,-0.23820152879997725,0.07903481012658076,-0.025754454263874238,0.10949367088607564,0.24568781790798777,0.1064609704641355,0.1381972663465092
2022-04-24,-0.012668250197941378,0.028503562945368044,-0.022961203483768844,0.0007917656373712667,1.0309041854828238,0.030245447347585053,0.5254144363809496,0.06706254948535073,1.0361876181269931,0.10684877276326188,1.5608604694781492,0.10298231723409912,1.3329817777841901
2022-04-25,0.09114359415305229,0.09114359415305229,-0.004299226139295009,0.08598452278589863,-0.3971226525872642,0.10438521066208062,-0.15331703880243897,0.14840928632845918,0.2198735289256919,0.19909716251074783,0.503537971765811,0.19383777586701112,0.41035833471053995
2022-04-26,-0.0034129692832765013,0.07081911262798646,-0.023037542662116106,-0.007679180887371961,0.36092664275483277,0.06877133105802047,0.20619103424600782,0.1266211604095544,0.5429998697870426,0.178626279863481,0.9212750216035133,0.17923777019340204,0.9322182369165573
2022-04-27,0.008561643835616417,0.03082191780821919,-0.049657534246575374,0.0034246575342467,-0.640471387349659,0.050000000000000044,-0.5979665143041972,0.11087328767123128,-0.5645714699147962,0.17080479452054798,-0.3368570346347983,0.17785388127853952,-0.3004312680699902
2022-04-28,-0.016992353440951513,0.031860662701784115,-0.028606627017842,-0.007646559048428148,0.13107983209458163,0.024638912489379772,-0.37951534640120155,0.07824978759558032,-0.4316565255901722,0.14868309260832646,-0.2302066083875689,0.16256018125177074,-0.18957057675767963
2022-05-01,-0.024328859060402608,0.008389261744966348,-0.03942953020134232,-0.012583892617449743,1.8243035634168558,-0.002852348993288456,0.9345424387856376,0.04437919463087092,0.6859910540698544,0.12197986577181208,1.1996152434299074,0.1399328859060407,1.3074676310506255
2022-05-02,-0.023333333333333317,0.04916666666666658,-0.026666666666666727,-0.00666666666666671,-0.3608533194299618,-0.021333333333333204,0.2438286409454291,0.02449999999999819,0.04484011122697251,0.1023750000000001,0.2954635905457075,0.12586111111111165,0.4232748233113197
2022-05-03,-0.02446982055464919,0.01794453507340954,-0.07993474714518767,-0.021207177814029365,-0.2577112117342002,-0.036052202283849755,-0.07657417082704443,-0.007177814029365459,-0.2096643316949831,0.06680261011419253,-0.12297205774217268,0.09850462207721655,0.038891898981298745
2022-05-04,0.05742049469964661,0.0962897526501767,-0.02738515901060079,0.08303886925795045,-0.15059171597633136,0.05353356890459371,-0.13832018408941493,0.06846289752650003,-0.3103824238439623,0.14447879858657253,-0.25867576156037697,0.18465842167255664,-0.11899243918474689
2022-05-05,0.03196347031963476,0.04748858447488602,-0.020547945205479423,0.033789954337899664,-0.20664174563157434,0.08255707762557085,-0.3619725289055029,0.09196347031963281,-0.4008484743110493,0.1687671232876713,-0.4023743805963662,0.21780821917808302,-0.2921603060071285
2022-05-08,0.39052496798975667,0.40588988476312426,-0.05121638924455818,0.4020486555697824,-0.6948875157987154,0.4967989756722153,-0.7994085013998358,0.5093469910371293,-0.8053486857723366,0.6174775928297056,-0.8090887871228367,0.696414852752882,-0.778182720018249
2022-05-09,0.015209125475285079,0.05133079847908739,-0.03548795944233196,-0.010139416983523497,0.37325956023902185,0.3774397972116603,-0.47667569403592613,0.4329531051964486,-0.6079905877381978,0.5628643852978454,-0.6762839414210549,0.6559780312632035,-0.6594517527484303
2022-05-10,0.12409812409812404,0.16883116883116878,-0.004329004329004182,0.1385281385281385,-0.05762180679797613,0.44963924963924984,-0.35785762832879076,0.5774891774891748,-0.556073005128346,0.7414141414141415,-0.6661774599927228,0.854689754689756,-0.6663151083680601
2022-05-11,0.0028694404591105283,0.05882352941176472,-0.025222381635580993,-0.0057388809182209455,0.4809079979768045,0.28837876614060276,0.16832529731570745,0.4997130559540861,-0.21596570734323417,0.6806312769010043,-0.4779608933577676,0.8078909612625551,-0.47462982214009697
2022-05-12,-0.04194857916102834,0.02841677943166432,-0.06901217861975639,-0.05683355886332886,-0.5284621930318684,0.09742895805142116,-0.3985332646188142,0.35074424898511225,-0.6113052962115129,0.5340324763193505,-0.7349014226302479,0.6699142986017155,-0.7426630072190196
2022-05-15,0.02941176470588225,0.06862745098039214,-0.017507002801120497,0.035014005602240994,1.413594603350921,0.0361344537815127,0.801316185318893,0.3366946778711457,0.11941879570489666,0.5401260504201679,-0.260928243312043,0.694304388422037,-0.3148554413897374
2022-05-16,0.0724852071005917,0.0724852071005917,-0.028106508875739622,0.056213017751479244,-0.022601713364810982,0.0745562130177515,0.529711329130029,0.34112426035502663,0.17106194690265486,0.5798816568047336,-0.24448938335830817,0.7516272189349127,-0.3286429736021186
2022-05-17,0.024806201550387597,0.055813953488371926,-0.009302325581395432,0.04806201550387601,0.48570540447446464,0.09116279069767419,1.1085574346178726,0.32434108527131467,0.8400832556224851,0.6057364341085267,0.17738824339877857,0.7932816537467713,-0.005872139750709104
2022-05-18,-0.08559201141226813,0.0,-0.11840228245363771,-0.07988587731811692,-0.3581469838068687,-0.00970042796005699,0.16757437354744442,0.13566333808844222,0.20344865704317638,0.4305278174037086,-0.2285942496319744,0.6106514503090836,-0.35564521782268976
2022-05-19,0.0,0.015602836879432758,-0.062411347517730476,-0.005673758865248235,0.34174293672900924,-0.014184397163120477,0.5502774662663243,0.06808510638297594,0.6828654632275801,0.3820567375886521,0.09075588756647268,0.5662411347517742,-0.10746059882550141
2022-05-22,-0.04127829560585883,0.0026631158455392434,-0.0679094540612516,-0.06125166444740349,0.9830412419205579,-0.08362183754993346,1.273759119636721,-0.049267643142479445,2.3704563225894386,0.2601864181091875,1.2116756458173419,0.43830448291167445,0.8119282815746871
2022-05-23,0.06666666666666665,0.06666666666666665,-0.03262411347517724,0.0652482269503547,-0.09913013132044257,-0.01333333333333353,0.7817146623927207,0.008510638297869466,1.6391369816978596,0.30609929078014164,1.0150789085926997,0.5022222222222235,0.6455030934408714
2022-05-24,-0.022346368715083775,0.013966480446927276,-0.0516759776536313,-0.015363128491620137,0.04027698410030589,-0.020391061452514236,0.585966587112172,-0.018715083798885535,1.480325389088709,0.2540502793296089,1.10960839019799,0.45074487895717086,0.6985117707037771
2022-05-25,-0.019283746556473802,0.03581267217630857,-0.019283746556473802,-0.01377410468319551,0.12715492744288248,-0.014325068870523539,0.6522653733944608,-0.029063360881545486,1.466912438904255,0.2053719008264463,1.4022058879248283,0.39931129476584193,0.8598999734778161
2022-05-26,-0.025710419485791558,0.016238159675236785,-0.05683355886332886,-0.017591339648173165,-0.4400741674197969,-0.02489851150202993,-0.2776118769703373,-0.04221921515561833,0.27034576104343566,0.15426251691474935,0.3232055345527678,0.34194857916102994,0.04912035799499059
2022-05-30,0.07163742690058483,0.10087719298245612,-0.02777777777777768,0.08040935672514626,0.45048188767032227,0.06345029239766053,-0.0023435865243773835,0.03479532163742394,0.47415900446807724,0.21505847953216328,0.927885479364376,0.41671539961013804,0.5396577756442607
2022-05-31,0.047328244274809306,0.0625954198473282,-0.022900763358778553,0.04427480916030535,0.04358381502890163,0.09007633587786223,0.0707964033397559,0.07603053435114204,0.42073988439306365,0.23007633587786236,1.0404691714836223,0.44569974554707525,0.617731320916292
2022-06-01,-0.045454545454545525,0.029325513196480912,-0.07331378299120239,-0.03958944281524934,-0.2581687201623739,0.03225806451612856,-0.20473113976158497,0.030351906158355035,-0.040382874512830735,0.14142228739002904,0.5233605385780853,0.3558651026392974,0.21016964764999413
2022-06-02,-0.04861111111111116,0.03611111111111098,-0.05972222222222234,-0.05277777777777781,-0.08347125121724364,-0.031666666666667176,-0.21771520648381448,-0.01888888888889151,-0.13278719306902587,0.04340277777777746,0.4081800952834269,0.25555555555555687,0.12200135952826985
2022-06-05,0.035612535612535634,0.05982905982905984,-0.019943019943019946,0.025641025641025772,0.6844253854301519,-0.008547008547008739,0.4604507473225845,0.0089743589743565,0.3563823996704718,0.04081196581196567,1.3890689360950925,0.2616334283000965,0.9306770036483467
2022-06-06,-0.047026279391424675,0.012448132780082943,-0.06639004149377603,-0.02904564315352709,0.3916247837613749,-0.04757952973720636,0.8282272015395167,-0.02074688796680757,0.743780004708628,-0.016597510373444146,2.276522371101307,0.19907791609036551,1.6851360895867669
2022-06-07,0.0027700831024930483,0.030470914127423976,-0.02216066481994461,0.0013850415512466352,-0.6001547106950931,-0.035457063711911485,-0.3220299025486336,-0.023268698060944448,-0.31982670764999366,-0.019252077562327052,0.1757894133681499,0.17580794090489493,0.07751114967509376
2022-06-08,0.03428571428571425,0.03428571428571425,-0.0014285714285714457,0.03142857142857136,0.4195319490117244,0.01399999999999979,0.06538421315609044,0.009857142857140122,0.017579799904716475,0.006785714285714173,0.5805429995700626,0.1917619047619059,0.5546140825867525
2022-06-09,0.019490254872563728,0.050974512743628075,-0.038980509745127456,0.0494752623688155,-0.5679487115122974,0.06956521739130417,-0.5586604547485529,0.05742128935531965,-0.5544862365515821,0.05712143928035962,-0.36864956046328323,0.22713643178410936,-0.32099375628596905
2022-06-12,0.026984126984126888,0.05555555555555558,-0.04726984126984124,0.058730158730158744,0.7823941298852375,0.11555555555555541,-0.061798170063309565,0.11015873015872724,-0.08672289210532202,0.11682539682539672,0.1264197668955953,0.272698412698414,0.23462726411787949
2022-06-13,0.04283360790774293,0.06919275123558477,-0.013163097199341056,0.03789126853377267,-0.5976442462614155,0.13410214168039514,-0.5909863526141738,0.13426688632619133,-0.6347299956254917,0.150164744645799,-0.6017627648332736,0.2908841295991227,-0.5022943666053996
2022-06-14,0.006611570247933907,0.03966942148760344,-0.0024793388429751317,0.0033057851239670644,2.157741851131803,0.09950413223140475,0.8120388371590663,0.12528925619834408,0.3768358402401173,0.14512396694214869,0.3171603738190252,0.2629201101928389,0.6629466671214341
2022-06-15,-0.020134228187919434,0.01090604026845643,-0.07382550335570481,0.015100671140939603,-0.5028768114303801,0.07684563758389218,-0.13785974272601897,0.1338926174496613,-0.30983061289082814,0.15645973154362425,-0.3703282899645062,0.24871364653244,-0.16758020030294118
2022-06-16,-0.047244094488189003,0.02834645669291347,-0.047244094488189003,-0.06141732283464563,-0.43347315167621914,-0.02204724409448844,-0.4533802952194935,0.05070866141732,-0.5859500176107073,0.08157480314960663,-0.6340042745989561,0.13895013123359745,-0.5178011164121119
2022-06-20,-0.039823008849557584,0.03392330383480813,-0.07079646017699126,-0.06342182890855463,0.5317197577184336,-0.09351032448377616,-0.05176978346698058,-0.028466076696168185,-0.26877608573040046,0.0081120943952806,-0.4082877216214228,0.04228121927237116,-0.22526856143276364
2022-06-21,0.015243902439024515,0.060975609756097615,-0.009146341463414531,0.0335365853658538,-0.020978181538816143,-0.04847560975609777,0.01682431913340765,0.0004573170731678733,-0.2188529942764953,0.03986280487804916,-0.4049323214765874,0.056046747967481325,-0.22729788473604018
2022-06-22,-0.03488372093023262,0.0029069767441860517,-0.04651162790697683,-0.04651162790697683,0.08234071302359425,-0.0784883720930235,0.02833177424384159,-0.05581395348837481,-0.0716840764993244,-0.015406976744185674,-0.3199280220351315,0.0008720930232573032,-0.19290501680352
2022-06-23,-0.11026615969581754,0.005069708491761693,-0.11026615969581754,-0.12801013941698347,-0.1287062360761443,-0.1754119138149559,-0.009417507380775514,-0.180988593155896,-0.15935139736646675,-0.14252217997465122,-0.38140927532556923,-0.13151668779045067,-0.3091773680365628
2022-06-26,-0.023690773067331583,0.0037406483790525247,-0.07481296758104738,-0.016209476309226867,1.1315856783664962,-0.14064837905236927,1.1962791550641616,-0.1831670822942667,0.9220089667054356,-0.15187032418952595,0.3892662551698509,-0.1416043225270145,0.4498725132031278
2022-06-27,0.03359173126614978,0.040051679586563305,-0.03229974160206717,0.036175710594315236,-0.26986190833588797,-0.06640826873385064,0.3094268085991043,-0.13617571059431777,0.3359728961194093,-0.11627906976744162,0.02761322353654183,-0.1060292850990513,0.03673400353069267
2022-06-28,-0.02182284980744542,0.016688061617458283,-0.03722721437740695,-0.006418485237483895,5.141595793027332,-0.04775353016688111,6.505308489688156,-0.12323491655969454,7.335482265359563,-0.1197047496790753,5.363246337293601,-0.11026957637997292,4.970039746946843
2022-06-29,-0.03144654088050314,0.0,-0.07044025157232714,-0.020125786163522008,-0.761505628299949,-0.03597484276729601,0.4077149773164803,-0.1192452830188705,0.7251144498407764,-0.13144654088050278,0.48759193406037604,-0.12545073375261928,0.37229703109973356
2022-06-30,-0.06674473067915687,0.03367681498829045,-0.06674473067915687,-0.06908665105386402,-0.42016507457683927,-0.07751756440281055,-0.29812899518781866,-0.15784543325527145,0.005620196796667365,-0.1832552693208428,-0.13174827623357044,-0.1812256049960954,-0.22024876902327883
2022-07-04,-0.051977401129943424,0.01242937853107362,-0.05310734463276823,-0.0350282485875707,0.17542026783170295,-0.09514124293785342,-0.2506607852034768,-0.15819209039548243,0.17509242550557014,-0.202146892655367,0.042416711516340966,-0.20203389830508345,-0.07219765749857243
2022-07-05,-0.01230425055928408,0.05145413870246096,-0.021252796420581643,-0.010067114093959662,0.14808009175497538,-0.08568232662192432,-0.07744733781338853,-0.13870246085011406,0.21165473959679493,-0.2009507829977627,0.20794072273197206,-0.20320656226696365,0.05353154346515043
2022-07-06,-0.020742358078602585,0.01965065502183405,-0.025109170305676942,-0.02401746724890841,1.0324381114978003,-0.0814410480349349,0.815636286033226,-0.13580786026201097,1.331142064482238,-0.20966157205240166,1.5008918018254649,-0.2154657933042201,1.1333541269945497
2022-07-07,-0.1125121241513094,0.05528612997090199,-0.11639185257032014,-0.1115421920465568,-0.8369005863610806,-0.15732298739088302,-0.6836231224396905,-0.2069835111542213,-0.6592437548528742,-0.2884578079534432,-0.5904902407025623,-0.2976398318784341,-0.65283501566307
2022-07-10,0.0977683315621678,0.0977683315621678,0.0,0.09564293304994687,1.7459774213589094,-0.026567481402763438,0.2755079459024288,-0.09468650371944942,0.06883544648141537,-0.20398512221041432,0.21689483029258128,-0.2189160467587662,0.02587892623403798
2022-07-11,0.03183315038419332,0.03841931942919885,-0.03347969264544459,0.03293084522502743,-0.2990891640148928,0.024588364434686927,-0.13799719148168677,-0.048188803512625666,-0.29455688537895675,-0.16454445664105355,-0.13419383929606676,-0.18496158068056956,-0.2703619724902625
2022-07-12,-0.005592841163310824,0.034675615212528044,-0.02237136465324374,0.019015659955257336,0.012321946053664545,0.04988814317673351,-0.07321437421259791,-0.017897091722597236,-0.23868058145813165,-0.1350111856823264,-0.12486469073845596,-0.1625652498135708,-0.23910113785850973
2022-07-13,0.04875148632580273,0.05112960760998808,-0.009512485136741966,0.06302021403091551,0.9229430411492086,0.11605231866825183,0.9183486146500011,0.05826397146254236,0.5139227173324237,-0.06480380499405469,0.7229302509881026,-0.1036464526357499,0.487859044065031
2022-07-14,0.05802469135802468,0.05802469135802468,-0.0037037037037036535,0.03827160493827164,-0.7517608900011828,0.14024691358024644,-0.5044817560963462,0.10641975308641705,-0.6051147675699905,-0.014567901234567748,-0.5944716084891272,-0.06288065843621271,-0.6291242967749701
2022-07-17,0.052767052767052736,0.10501930501930512,-0.0012870012870012104,0.042471042471042386,1.9881685424611666,0.13178893178893114,0.5224853501999813,0.1553410553410528,0.40671304994884183,0.040476190476190554,0.3284704678634547,-0.016430716430715142,0.18853489597866857
2022-07-18,0.040843214756258295,0.044795783926218746,-0.015810276679841917,0.02371541501976271,-0.26727768887483405,0.11541501976284518,0.11378589323831778,0.17259552042160453,0.012907253480618275,0.07707509881422947,-0.03819833868114075,0.011067193675890596,-0.12378261276512992
2022-07-19,-0.005256241787122251,0.024967148488830526,-0.018396846254927768,-0.0026281208935611255,-0.07411296408946466,0.07253613666228587,0.02049326188414824,0.15295663600525344,-0.04132980294260924,0.08239159001314067,-0.1420164874968134,0.01011826544021166,-0.1771262484886882
2022-07-20,0.006613756613756738,0.030291005291005257,-0.01719576719576721,0.006613756613756738,1.5257980402032478,0.04444444444444384,1.5938783446921638,0.14298941798941556,1.516122101585561,0.09503968253968265,1.1633918382179491,0.019400352733687676,1.133714582018408
2022-07-21,0.032608695652173836,0.044157608695652106,-0.0013586956521740579,0.02717391304347827,0.12956028287076382,0.04972826086956439,1.8687027408506287,0.152309782608693,1.8673315953968692,0.13158967391304377,1.3501803949244575,0.04859601449275508,1.4243603961726992
2022-07-24,0.023611111111111027,0.023611111111111027,-0.03472222222222221,0.022222222222222143,-0.796551117883201,0.0524999999999991,-0.6110159111553901,0.13694444444444165,-0.5057409089577167,0.16006944444444482,-0.5398777361033786,0.07254629629629794,-0.5119172014338598
2022-07-25,-0.023319615912208547,0.012345679012345734,-0.050754458161865634,-0.012345679012345623,0.38769103776941494,0.023868312757200805,-0.29196284255661753,0.0925925925925899,-0.2306585504205524,0.14101508916323757,-0.3370083134595092,0.06021947873799882,-0.2881001030795787
2022-07-26,-0.014531043593130843,0.00792602377807139,-0.0647291941875826,-0.036988110964332965,0.7158839966927963,-0.02192866578599806,0.30215003122307227,0.028137384412150857,0.3562943271689569,0.09398943196829612,0.18726709157953847,0.02373403786878181,0.2324080372955819
2022-07-27,0.014341590612777066,0.0325945241199479,-0.046936114732724965,-0.01303780964797907,0.4761085735178252,-0.035723598435463466,0.8093063015278772,-0.003129074315517455,0.9522238414756605,0.07861799217731424,0.7532689465526208,0.015906127770536127,0.8300065399529328
2022-07-28,0.02564102564102555,0.047233468286099756,-0.0013495276653171517,0.0350877192982455,0.24716452802075706,0.0010796221322530997,1.3044622557897574,0.021862348178135038,1.4314169010828102,0.1156545209176787,1.234134522754422,0.05874943769680763,1.2049726193381542
2022-07-31,0.0495750708215299,0.058073654390934815,-0.004249291784702458,0.0495750708215299,-0.41979333961835275,0.05212464589235055,0.34961749570544387,0.06274787535410509,0.16946933817254983,0.16713881019830046,0.2891710109068686,0.11765816808309881,0.2768297666469173
2022-08-01,-0.026425591098748313,0.02642559109874809,-0.026425591098748313,-0.018080667593880495,0.4258548870422716,0.029207232267036698,0.4842411748453872,0.03365785813629785,0.6672746689902875,0.13574408901251744,0.8206934201857479,0.10254983773759974,0.805431286705063
2022-08-02,0.0013642564802183177,0.026603001364256418,-0.019099590723055893,-0.019099590723055893,0.2804408463160759,0.006821282401090478,0.4873379141438192,0.008458390177350728,1.0133383223348527,0.10272851296043672,1.2986107898496497,0.08531150522965114,1.2127825022110348
2022-08-03,-0.06997455470737923,0.011450381679389388,-0.06997455470737923,-0.06743002544529264,-0.3036388529630525,-0.06717557251908479,-0.09659991567298176,-0.063104325699748,0.2839579691401013,0.018129770992366456,0.5768275986223428,0.014461407972859552,0.4997113299823608
2022-08-04,-0.06987951807228932,0.00240963855421672,-0.07590361445783145,-0.053012048192771166,-0.07009846031850919,-0.11204819277108524,-0.14504372343003158,-0.10915662650602642,0.21784488645124345,-0.04367469879518049,0.4859536553668582,-0.03409638554216732,0.3644150752219213
2022-08-07,0.045962732919254456,0.045962732919254456,-0.011180124223602594,0.03105590062111796,-0.6555551677726068,-0.06236024844720589,-0.6838797785186118,-0.06981366459627569,-0.5671462192932808,-0.02645962732919227,-0.5276225044270482,0.0017805383022786447,-0.5380181391375336
2022-08-08,-0.012547051442910906,0.013801756587201952,-0.04140526976160608,0.010037641154328814,2.0012068274555523,-0.0281053952321213,0.30455497668318277,-0.049811794228358686,0.2883711928009327,-0.025219573400250495,0.5058214624016322,0.012505227938102825,0.4194941343631595
2022-08-09,0.0074349442379182396,0.019206939281288582,-0.045848822800495626,-0.01239157372986377,0.02432721149046735,-0.020817843866171803,0.36556031888939167,-0.05315985130111778,0.19270416897965648,-0.04436183395291138,0.5031476099622614,-0.00024783147459583876,0.455950409496398
2022-08-10,0.009852216748768461,0.03325123152709386,-0.016009852216748666,-0.006157635467980205,0.04806441834769082,-0.008620689655173153,0.497079271333444,-0.05283251231527342,0.21469360216683442,-0.0556034482758615,0.5340799753591021,-0.0050492610837423735,0.5146152141248406
2022-08-11,-0.2038834951456312,0.0,-0.2038834951456312,-0.21165048543689335,-0.5693592329491622,-0.21339805825242786,-0.35805264421153693,-0.2489320388349534,-0.47472492536245003,-0.2568932038834947,-0.3388187897137034,-0.21456310679611534,-0.33663324644918957
2022-08-14,0.11314655172413812,0.16594827586206917,-0.022090517241379337,0.1099137931034484,-0.018766811418749474,-0.08383620689655258,-0.2676439842494308,-0.13523706896551924,-0.4186269486784314,-0.16336206896551664,-0.385127033381125,-0.1197916666666653,-0.32971735468667573
2022-08-15,0.0044296788482836025,0.02214839424141757,-0.04506090808416374,0.027685492801771794,0.4381519720716036,-0.031229235880399275,-0.05073222907227215,-0.08671096345515161,-0.09981549431775982,-0.13183831672203694,-0.0837395825596079,-0.09269102990033062,-0.021186659734086066
2022-08-16,-0.006772009029345272,0.06207674943566599,-0.022573363431151128,0.019187358916478603,1.2320333171964215,0.011286681715575009,1.2739649718488257,-0.04841986455982161,1.1076303276677302,-0.10705417607223411,1.0350961251516981,-0.07460496613995315,1.1963033208880165
2022-08-17,-0.006833712984054552,0.014806378132118603,-0.05011389521640086,0.009111617312072884,-0.060982900128280226,0.038496583143507346,1.056111989837221,-0.02232346241458083,0.9814691193503793,-0.09179954441913385,0.8345867634787592,-0.06647684130599696,1.0422685248610297
2022-08-18,0.019002375296912177,0.026128266033254244,-0.026128266033254244,0.04275534441805218,0.3416714707037287,0.09857482185273092,1.6851843497004788,0.030403800475057086,1.6162911162911162,-0.045724465558194316,1.462972153294734,-0.028068091844812404,1.750846206760185
2022-08-21,0.09785522788203749,0.09785522788203749,-0.046916890080428875,0.12868632707774807,-0.6602293695176995,0.1895442359249324,-0.2893570272802112,0.1646112600536167,-0.14152184404008294,0.08418230563002727,-0.16587546484230853,0.08856121537086858,-0.12470008800068122
2022-08-22,-0.03359173126614989,0.018087855297157507,-0.06201550387596899,-0.036175710594315236,1.583799087561795,0.09948320413436629,0.6428508559609207,0.11485788113694828,0.9931449779225163,0.04664082687338533,1.0340884419604217,0.04078380706287854,1.2812177578273607
2022-08-23,0.028833551769331445,0.04652686762778502,-0.003931847968545288,0.014416775884665833,0.3416453454044479,0.08152031454783693,0.8100334579807125,0.12791612057666857,1.5921747687463097,0.0646788990825693,1.554101554812045,0.049803407601574534,1.9780007216427213
2022-08-24,0.053206002728512836,0.06139154160982274,-0.0300136425648021,0.04092769440654842,0.008805456007465295,0.0922237380627553,0.7283412585746478,0.16807639836288946,1.5030714860075647,0.1086630286493866,1.484751273167681,0.08681218735789176,1.9109864691809042
2022-08-25,0.026647966339411022,0.05049088359046294,-0.018232819074333828,0.028050490883590573,-0.563728101518006,0.08218793828891946,-0.2978176227289461,0.18976157082748668,0.04706208449728222,0.13737727910238506,0.06378895168799659,0.11224871435250328,0.2557414986610076
2022-08-28,-0.01128349788434413,0.021156558533145242,-0.0338504936530325,0.005641748942172065,0.21451452557163364,0.051904090267982594,-0.030202037735452048,0.15176304654442574,0.1432921473018678,0.14181946403385126,0.31176195210217084,0.11396332863187797,0.4247812266038269
2022-08-29,0.051851851851851816,0.06074074074074076,-0.001481481481481417,0.0503703703703704,0.01212227687983125,0.09392592592592508,-0.19110394173640843,0.17733333333333023,0.0006676036542514474,0.19955555555555637,0.3068341531974701,0.166716049382718,0.4280934787083768
2022-08-30,-0.017595307917888547,0.024926686217008776,-0.017595307917888547,-0.01026392961876832,0.6103495280471181,0.05366568914955927,0.39090558370412287,0.13181818181817873,0.4839081642276004,0.18401759530791884,1.1042985862846466,0.15063538611925908,1.2485818551763357
2022-08-31,0.005899705014749346,0.01327433628318575,-0.0575221238938054,0.005899705014749346,-0.6527365939051838,0.035988200589969876,-0.5080442523191979,0.10840707964601481,-0.49485995498553104,0.18724188790560548,-0.2737714801186095,0.15353982300885138,-0.24689046876178455
2022-09-01,0.06220839813374801,0.09953343701399708,-0.015552099533436947,0.054432348367029704,0.1087300958567694,0.0752721617418346,-0.2993088013942803,0.13763608087091472,-0.3820700969130423,0.24346811819595726,-0.17420977580606833,0.2122861586314173,-0.1453054169197321
2022-09-05,0.06965174129353224,0.06965174129353224,-0.008291873963515717,0.06633499170812596,-0.1807679826933477,0.12338308457711356,-0.3870005408328826,0.1800995024875589,-0.44421525148729035,0.3104477611940304,-0.313216197944835,0.2875621890547284,-0.2850159545700379
2022-09-06,-0.04058441558441561,0.038961038961039085,-0.04058441558441561,-0.02110389610389607,1.006837792369892,0.06525974025973946,0.425216258750746,0.13198051948051615,0.1248830520431976,0.26639610389610446,0.2997872686818255,0.2540584415584437,0.3782842206182955
2022-09-07,-0.059815950920245387,0.0015337423312884457,-0.059815950920245387,-0.05521472392638027,0.36381130008733376,-0.011656441717792343,0.9384475331941915,0.04524539877300304,0.569603445978951,0.18259202453987777,0.7595963408677118,0.179038854805728,0.8038372534797775
2022-09-08,-0.014586709886547755,0.06645056726094012,-0.06158833063209079,0.05672609400324147,-0.600474295210328,0.03468395461912377,-0.2146168085018304,0.08654781199351369,-0.3629990596890469,0.23711507293355027,-0.30871369601343635,0.24024851431658778,-0.2942565136739348
2022-09-11,0.03499999999999992,0.03499999999999992,-0.008333333333333304,0.02833333333333332,1.1794407460156857,0.04366666666666563,0.7146528668372314,0.09799999999999653,0.5413324654735743,0.25591666666666724,0.5496822859941612,0.2670555555555578,0.5690586514232685
2022-09-12,0.04035087719298236,0.04385964912280693,-0.01754385964912286,0.05263157894736836,-0.3673229743008468,0.08350877192982331,-0.03568769596470689,0.1359649122806983,-0.05570922405111289,0.2842982456140355,-0.08474563831999371,0.3254970760233944,-0.0073653509254766325
2022-09-13,0.012477718360071277,0.016042780748663166,-0.01782531194295911,0.016042780748663166,0.2780200826441974,0.08912655971479366,0.10261949798600356,0.12941176470587878,0.23555941158998883,0.2729946524064175,0.1074997264299895,0.3386809269162234,0.2645943087016107
2022-09-14,0.014705882352941124,0.04044117647058809,-0.014705882352941235,0.03125,0.4694482304476333,0.10294117647058676,0.6319377019556194,0.14374999999999627,0.8187077903183817,0.28134191176470624,0.5720267538553423,0.3708333333333358,0.8591989668039837
2022-09-15,0.02285714285714291,0.05714285714285716,-0.00952380952380949,0.03619047619047633,-0.4799937884983695,0.10171428571428454,-0.1549785583741793,0.15885714285713903,-0.04870414538099199,0.2951428571428578,-0.1865568770481033,0.40844444444444705,-0.035380607107922235
2022-09-18,0.0018248175182480342,0.005474452554744325,-0.06934306569343074,-0.04197080291970812,-0.3333749177160088,0.021897810218976632,-0.48289342365107346,0.08229927007298898,-0.3883363769562356,0.2085766423357669,-0.4457195071454356,0.3334549878345523,-0.35341575888844057
2022-09-19,0.007561436672967936,0.020793950850661602,-0.016068052930056753,0.035916824196597474,0.6777509095848195,0.03894139886578318,0.06492186699799163,0.10321361058600753,0.059080929669165005,0.22419659735349784,-0.012818800016031862,0.3635790800252072,0.10703649769393708
2022-09-20,0.011834319526627057,0.07100591715976323,-0.02564102564102566,0.04339250493096647,-0.38433593889228557,0.06785009861932778,-0.35572103429083746,0.1364891518737632,-0.3877847631006791,0.2559171597633143,-0.4097363002525135,0.4046022353714682,-0.35814353696174095
2022-09-21,0.013861386138613874,0.015841584158415856,-0.037623762376237546,0.003960396039603964,0.7338762199498947,0.050693069306929406,0.2814168294851134,0.1194059405940553,0.14729436149022845,0.23445544554455533,0.07773166569213297,0.3910231023102333,0.1359000809734563
2022-09-22,0.0327198364008181,0.0327198364008181,-0.033742331288343586,0.0327198364008181,-0.17519996863237142,0.06912065439672666,0.11945890840652451,0.12597137014314508,-0.02420914366373894,0.24846625766871266,-0.08976925188205775,0.41595092024540126,-0.0636339397741531
2022-09-25,0.045064377682403345,0.09871244635193133,0.0,0.04935622317596566,0.1242770489490761,0.1064377682403419,0.262014212159684,0.15407725321887944,0.060406527719001346,0.28390557939914274,0.05736263930032437,0.4627324749642372,0.06015569897023565
2022-09-26,-0.03734439834024905,0.024896265560165887,-0.049792531120331995,-0.03319502074688796,0.03950949932638648,0.035684647302903105,0.17449891396992112,0.08796680497924858,0.13514796587024458,0.21566390041493877,0.09821125805357744,0.37517289073305893,0.06414328876180364
2022-09-27,-0.03143418467583503,0.011787819253438192,-0.03143418467583503,-0.05304518664047142,0.1912029607310124,-0.037721021611003214,0.3921593030491599,0.012966601178777681,0.33743436063712484,0.12888015717092438,0.31586534787497667,0.27301899148657705,0.2192440237702742
2022-09-28,0.02862985685071595,0.03885480572597144,-0.010224948875255602,0.04089979550102263,0.1902466280308739,0.0024539877300600033,0.4211245094726994,0.04376278118608967,0.5862184568206035,0.15807770961145318,0.5646976272772162,0.2982276755282913,0.41798448504379015
2022-09-29,0.020746887966804906,0.0705394190871369,0.0,0.014522821576763434,-0.13000520020800832,0.010373443983400898,0.17256551131610487,0.04751037344397879,0.3931820751090913,0.1548755186722004,0.3718128942549006,0.2896265560165996,0.234227543014764
2022-10-02,0.008281573498964745,0.01863354037267073,-0.02898550724637672,-0.0020703933747411307,-0.21220811142974194,0.005383022774325674,-0.14583830575494727,0.036438923395440526,0.0644831056409525,0.1321946169772268,0.04530774094722401,0.2596273291925486,-0.025261682964335175
2022-10-03,-0.05916030534351158,0.00190839694656475,-0.07061068702290074,-0.0782442748091603,-0.1685721055593401,-0.06679389312977224,-0.2915114178242455,-0.057061068702294215,-0.17129735213103103,0.028339694656489556,-0.14541121197760865,0.13823155216285188,-0.17663208739349778
2022-10-04,-0.005882352941176339,0.007843137254901933,-0.045098039215686225,0.027450980392156987,0.3763681946963984,-0.024705882352942243,0.02801206661095379,-0.03215686274510221,0.16381137767269327,0.04882352941176582,0.15082779600904983,0.1549673202614401,0.11930097225902458
2022-10-05,-0.001996007984031878,0.03592814371257491,-0.007984031936127733,0.017964071856287456,1.8111561546505466,-0.006786427145709761,1.9272787176438566,-0.014171656686630896,2.0302983855949805,0.05708582834331444,2.2437328997693706,0.15815036593479914,2.1751345337516175
2022-10-06,0.03571428571428581,0.050420168067226934,-0.006302521008403228,0.05252100840336138,-0.5113228283620225,0.05042016806722538,0.3127410694910153,0.03676470588234859,0.3824511910845414,0.09674369747899281,0.5622808061433782,0.2006302521008425,0.5441929815964663
2022-10-09,0.10722610722610715,0.1165501165501166,0.0,0.10955710955710951,-0.523755071560257,0.16270396270396104,-0.3975256453424991,0.14731934731934238,-0.37901565891111055,0.20046620046620167,-0.2885318562327267,0.3121989121989144,-0.25990525308627566
2022-10-10,0.041362530413625365,0.079075425790754,-0.024330900243309084,0.04379562043795615,-0.08181862706084742,0.18734793187347742,-0.4006679196537348,0.18856447688563938,-0.40744476347318215,0.23223844282238582,-0.3245833920033304,0.34663422546634437,-0.31341206336767824
2022-10-11,-0.03255813953488362,0.0023255813953488857,-0.05813953488372092,-0.04418604651162783,1.5640933065427602,0.08232558139534696,0.6255635438904934,0.11953488372092536,0.6044950081627527,0.1593023255813968,0.7637856335551927,0.2640310077519403,0.7962066746201182
2022-10-12,-0.07829977628635343,0.008948545861297452,-0.08724832214765099,-0.03803131991051456,-0.5315090051994087,0.0053691275167766506,-0.2890613853813513,0.05928411633109132,-0.26882303624877735,0.1005592841163323,-0.18554075321561725,0.19768829231916718,-0.16589999289095458
2022-10-13,-0.042553191489361764,0.04053191489361696,-0.042553191489361764,-0.048936170212766084,0.416951060027406,-0.06680851063829973,0.21801082692037155,-0.0014893617021323191,0.09754284136321245,0.036382978723405346,0.1908739690197938,0.12241134751773264,0.20885257916555955
2022-10-16,-0.051689860834990164,0.001988071570576455,-0.09145129224652082,-0.0656063618290259,-0.5474162528237996,-0.1304174950298228,-0.4256030787079613,-0.0693836978131257,-0.49972976414493697,-0.03707753479125131,-0.46801183284049486,0.03499005964214885,-0.46420884090984116
2022-10-17,0.04268292682926833,0.06707317073170738,-0.012195121951219412,0.022357723577235866,1.6141100323624595,-0.08089430894309102,0.6545550932347051,-0.04451219512195559,0.43074002157497304,-0.020121951219510992,0.4052633687779319,0.04864498644986637,0.42550470026198184
2022-10-18,0.049040511727078684,0.049040511727078684,-0.017057569296375252,0.049040511727078684,0.1649408284023668,-0.001279317697229887,0.6912592635146779,-0.004477611940303272,0.5892593496869076,0.023987206823028906,0.6146697449302005,0.09218194740582986,0.6109419582160434
2022-10-19,0.014957264957265126,0.03525641025641035,-0.014957264957264793,0.002136752136752351,0.40520686175580223,0.017521367521365683,1.4004803229061555,-0.011111111111115735,1.1757325933400606,0.02211538461538587,1.1551826437941473,0.08404558404558604,1.2485657584931045
2022-10-20,-0.01673640167364021,0.01673640167364021,-0.08577405857740583,-0.02092050209205032,-0.5923387660740289,0.0050209205020903536,-0.16362888429990052,-0.03870292887029747,-0.10098891786716246,-0.0031380753138064987,-0.1442991188593713,0.048535564853558366,-0.08828519009107594
2022-10-23,0.06373626373626373,0.06373626373626373,-0.0219780219780219,0.05054945054945059,0.6497278662269093,0.0593406593406578,0.4492297460537209,0.010329670329665586,0.5511509697734707,0.04604395604395717,0.40762008496545743,0.0913553113553136,0.4825703181906609
2022-10-24,-0.008602150537634468,0.023655913978494425,-0.02580645161290329,-0.021505376344086113,-0.0916913745384611,0.01591397849462184,-0.02479951180121931,-0.005806451612908048,0.3148573929445413,0.022365591397850437,0.25405291285775045,0.05749103942652534,0.34502524209604934
2022-10-25,-0.018867924528301883,0.07547169811320753,-0.03354297693920316,-0.0251572327044024,-0.534417393949656,-0.020964360587003683,-0.5459613193549591,-0.019496855345916386,-0.4350229449292998,-0.00513626834381431,-0.42417009381735327,0.023549965059401323,-0.38172278775390334
2022-10-26,0.06194690265486735,0.06969026548672574,-0.004424778761061843,0.055309734513274256,2.850454173757376,0.036725663716812296,1.21057749685062,0.04513274336282702,1.4196720224545274,0.04634955752212511,1.3085082988927441,0.07396755162242119,1.438307880448796
2022-10-27,-0.0065502183406114245,0.013100436681222627,-0.03493449781659397,-0.013100436681222849,-0.8288354744503458,0.016157205240172612,-0.6248831086295339,0.032532751091698175,-0.6201601676577845,0.02860262008733727,-0.6108632370965545,0.05320232896652355,-0.5851766736776269
2022-10-30,0.015765765765765716,0.04504504504504481,-0.0045045045045045695,0.03153153153153143,3.0898267979670617,0.039189189189187346,0.976028652984815,0.06238738738738214,0.8139915371583728,0.058333333333334236,0.7275649604319607,0.08138138138138373,0.7681232965372486
2022-10-31,0.024886877828054432,0.03846153846153855,-0.002262443438914019,0.00452488687782826,-0.6953275433365936,0.03891402714931935,-0.4064822823742914,0.05384615384614877,-0.5168074099388397,0.05871040723982013,-0.48488905124972015,0.07843137254902222,-0.48074342929644076
2022-11-01,0.08232445520581111,0.08474576271186463,-0.004842615012106477,0.07021791767554486,0.8176073956030776,0.10072639225181423,0.30331140012680136,0.11573849878934084,-0.009479257698041366,0.12312348668280992,-0.030704133038605974,0.1471347861178398,-0.02767339513471223
2022-11-02,-0.07551487414187641,0.006864988558352492,-0.0846681922196797,-0.05491990846681927,-0.7498963419141872,0.010983981693362121,-0.6986807834515625,0.04164759725399936,-0.7421766805198868,0.05034324942791879,-0.7555831798550823,0.07696414950419794,-0.7615066189393055
2022-11-03,0.047281323877068404,0.06619385342789585,-0.009456264775413725,0.033096926713947816,3.118690289698387,0.03735224586288233,0.9849127374622157,0.06879432624112947,0.43003287514065724,0.07754137115839344,0.19720914326059602,0.10724980299448639,0.08862814317969536
2022-11-06,-0.004694835680751019,0.009389671361502261,-0.04225352112676051,-0.00704225352112664,-0.2500438493435836,0.013615023474176757,0.28865708489563846,0.04835680751173177,0.0670084157645836,0.06373239436619826,-0.08828560649433592,0.09428794992175549,-0.1867122699839936
2022-11-07,0.14009661835748788,0.14009661835748788,-0.0024154589371979673,0.02898550724637694,-0.3964727617716083,0.03429951690821076,-0.1531935886553153,0.0717391304347772,-0.3251097019024317,0.09420289855072594,-0.44953442852149605,0.1227858293075712,-0.5041439390156621
2022-11-08,-0.0024937655860348684,0.01992518703241908,-0.07331670822942637,0.032418952618453734,0.08930008920218446,0.053865336658352136,-0.044338272088419006,0.09376558603490714,-0.19120749298348672,0.13004987531172185,-0.38145073211061076,0.15353283458021894,-0.43938015360181015
2022-11-09,0.050000000000000044,0.05249999999999999,-0.0050000000000000044,0.0024999999999999467,-0.27613561019706534,0.05049999999999821,-0.23698459919964343,0.07749999999999435,-0.3970332316482589,0.1292500000000012,-0.5260936395119746,0.1474166666666692,-0.5796756366866309
2022-11-10,-0.029268292682926744,0.019512195121951237,-0.05487804878048774,-0.024390243902438935,-0.2569870252660944,0.0068292682926811565,-0.5029024648249909,0.03853658536584814,-0.48827581606957304,0.09597560975609887,-0.626642261029928,0.11219512195122228,-0.6689299901082475
2022-11-13,-0.012019230769230727,0.03125,-0.0360576923076924,-0.014423076923077094,-0.7537011802735911,-0.01394230769230953,-0.8413681974024297,0.012019230769225286,-0.8645705512631625,0.07295673076923204,-0.8984932720485667,0.09038461538461795,-0.9119475129098429
2022-11-14,-0.024943310657596474,0.05895691609977316,-0.05895691609977316,-0.05668934240362811,2.957384344985612,-0.07437641723356181,0.350315420174345,-0.05170068027211383,-0.08305923922775371,0.0022675736961461634,-0.42461360886073496,0.023507180650040205,-0.5281675367191816
2022-11-15,0.02088167053364276,0.03709976798143866,-0.04160092807424587,0.023201856148491906,0.17073506181708442,-0.040371229698377364,0.6812997143822364,-0.029930394431559537,0.13391266959806547,0.019605568445476784,-0.27866906662144497,0.04083526682134808,-0.42060689657628114
2022-11-16,0.057356608478803084,0.07231920199501252,-0.012468827930174564,0.07481296758104738,0.7091530266653279,0.04638403990024753,2.0056347735592417,0.04713216957605426,1.0556706042376054,0.09114713216957715,0.30243203582154954,0.11213632585203914,0.03231425102471186
2022-11-17,0.022959183673469274,0.06632653061224492,-0.020408163265306145,0.022959183673469274,0.04650835086780725,0.07091836734693713,2.051418799662765,0.06198979591836151,1.0330089157127196,0.10765306122449103,0.4034971423385296,0.12916666666666932,0.10965148392202195
2022-11-20,0.021220159151193574,0.034482758620689724,-0.02785145888594165,0.039787798408488007,0.2755452382475605,0.10397877984084714,2.626642416930946,0.09602122015914549,1.6517122567791112,0.14031830238726917,0.8169726824899237,0.16666666666666918,0.443422360734113
2022-11-21,0.010695187165775222,0.021390374331550666,-0.03743315508021394,0.008021390374331583,0.002011648636108365,0.09197860962566673,0.7160321375369363,0.09171122994651837,1.6650076924955433,0.13903743315508144,0.8482378995824071,0.17139037433155346,0.44920500704127897
2022-11-22,0.029972752043596618,0.03773841961852864,-0.008174386920980825,0.019073569482289,0.02615892069001169,0.07629427792915355,0.4168712665353136,0.10163487738419041,1.6805043838354097,0.14836512261580515,0.9224852071005916,0.19037238873751394,0.487209245261939
2022-11-24,0.011142061281337101,0.0473537604456824,-0.005571030640668551,0.022284122562674202,1.2245829442671385,0.06462395543175292,1.5531406352347639,0.11671309192199986,4.8651763689323095,0.1586350974930375,3.2665533148439785,0.21104921077066208,2.352978969520438
2022-11-27,0.04705882352941182,0.07352941176470584,-0.01764705882352946,0.055882352941176494,-0.6109335307051433,0.09941176470588009,-0.16643540546622315,0.1670588235294057,1.148700951885199,0.20970588235294274,0.6671590117311514,0.2700980392156891,0.29292362415852646
2022-11-28,0.01183431952662728,0.02366863905325456,-0.022189349112425982,0.00591715976331364,0.13288858993614494,0.07514792899408063,-0.08628759049207413,0.1532544378698164,1.2850479604153802,0.1994082840236704,0.8641571529051144,0.2647928994082869,0.48285147679584095
2022-11-29,-0.06557377049180335,0.005464480874316946,-0.08196721311475419,-0.07650273224043724,-0.5584989172015118,-0.02841530054645014,-0.5973191075625033,0.04371584699453002,-0.41750472241169123,0.0931693989071054,-0.16366238112608322,0.15300546448087693,-0.34977148454362217
2022-11-30,0.06034482758620685,0.07183908045977017,-0.025862068965517238,0.051724137931034475,0.36203470095636336,0.01724137931034253,-0.30013852308533384,0.07614942528735025,-0.23235437529782466,0.13879310344827744,0.1680394920081414,0.20057471264368076,-0.0789525561511022
2022-12-01,-0.03867403314917128,0.005524861878453136,-0.0787292817679558,-0.03867403314917128,-0.027213011074937343,-0.032596685082875276,-0.23934333742983838,0.011602209944745479,-0.2905219809835925,0.08577348066298485,0.16392209812926262,0.14300184162062868,-0.07993089842823564
2022-12-04,0.03418803418803429,0.03988603988603989,-0.011396011396011319,0.031339031339031376,1.1081394335842067,-0.0005698005698028252,0.9164860555052632,0.03219373219372601,0.5405252053891694,0.10911680911681088,1.382352250474412,0.16875593542260492,0.9973931641737153
2022-12-05,0.055718475073313734,0.055718475073313734,-0.02052785923753675,0.029325513196480912,-0.09129364792537908,0.03519061583577465,0.6693554993374293,0.05043988269794064,0.34664257318395375,0.13108504398827137,1.1712943363105994,0.19061583577712882,0.8174436814841586
2022-12-06,0.17770034843205562,0.17770034843205562,-0.04181184668989546,0.18815331010452963,-0.830718378448297,0.23205574912891702,-0.7214927383728316,0.2355400696864034,-0.7742357025244103,0.3290940766550541,-0.6327787624644435,0.40139372822299957,-0.6895593498038202
2022-12-07,-0.06514657980456018,0.0228013029315961,-0.09771986970684032,-0.06514657980456018,2.8920695105551637,0.10032573289902036,0.5279196496805896,0.1267100977198623,0.19360816746755427,0.2218241042345297,0.5670841941270248,0.2907709011943571,0.3257291706824441
2022-12-08,-0.016129032258064613,0.03870967741935494,-0.03548387096774186,-0.00967741935483879,-0.1084835472314547,0.06322580645161047,0.32154629337603224,0.09645161290321846,0.0887313294031069,0.1948387096774209,0.39519497480935173,0.2600000000000029,0.1881447606416673
2022-12-11,0.012903225806451646,0.032258064516129004,-0.022580645161290436,0.0,0.5533774468392474,0.029677419354836143,1.013953225446814,0.08064516129031518,0.801480429996765,0.1803225806451627,1.1452277016905295,0.24473118279570194,0.8879433203212101
2022-12-12,0.009345794392523477,0.032710280373831724,-0.028037383177570097,-0.034267912772585674,-0.08326375733426994,-0.03115264797508044,0.8775932654271583,0.03426791277257868,0.6369647206499645,0.12429906542056224,0.8894271352154361,0.18670820353063622,0.710566626936372
2022-12-13,-0.07758620689655171,0.025862068965517127,-0.09192528735632188,-0.07758620689655171,-0.39082044266722793,-0.11781609195402531,0.1637174225683118,-0.05086206896552381,0.0010219579781822752,0.02341954022988646,-0.12280455294819181,0.08285440613027073,0.05479088474984506
2022-12-14,0.01807228915662651,0.05722891566265065,-0.015060240963855387,0.048192771084337505,1.0931871746488593,-0.03855421686747229,0.5943876239913655,-0.010542168674705477,1.0339231565576839,0.05873493975903776,0.7798586994030794,0.12560240963855707,1.2257266940285905
2022-12-15,0.024615384615384706,0.030769230769230882,-0.006153846153846176,0.021538461538461506,0.04474726825732267,-0.0024615384615410685,0.5364256647656014,0.005846153846146729,1.0217534547100269,0.06630769230769373,0.7681238517859403,0.14153846153846428,1.33030300705836
2022-12-18,0.0592105263157896,0.0625,-0.03453947368421051,0.06907894736842102,-0.24724716343794206,0.07631578947368145,0.0214926234951065,0.06315789473683431,0.43646880503507823,0.1274671052631593,0.30534587291047144,0.2081140350877222,0.6894112269153412
2022-12-19,-0.05974842767295596,0.0,-0.05974842767295596,-0.04402515723270439,-0.3199270389721056,0.025157232704399846,-0.29433531050650585,0.001572327044017774,-0.006925800048300457,0.06399371069182513,-0.11937021045997254,0.14245283018868204,0.1567605774837868
2022-12-20,0.19407894736842102,0.2171052631578947,-0.019736842105263164,0.046052631578947345,-0.9637043507274587,0.07039473684210251,-0.9720789037155092,0.04013157894736086,-0.9623966289877607,0.10328947368421182,-0.9673918104766965,0.18322368421052926,-0.9575225653097752
2022-12-21,-0.016233766233766267,0.03188311688311685,-0.12662337662337664,-0.012987012987012991,4.18895015815705,0.027922077922075017,0.14050240471194853,0.03214285714284948,-0.3494485026295412,0.07759740259740378,-0.5774071525296622,0.15595238095238373,-0.6127931070101131
2022-12-22,-0.14204545454545459,0.008522727272727293,-0.1477272727272727,-0.125,0.49840865620103236,-0.11420454545454806,0.9784338561717765,-0.09659090909091583,0.1001992504283109,-0.0654829545454535,-0.30070718387556494,0.002651515151517625,-0.37834808318428337
2022-12-26,0.02108433734939763,0.06626506024096401,-0.02108433734939752,0.06024096385542177,0.5742291592342577,-0.044578313253014756,2.3838688883790993,-0.0295180722891637,0.8462440784234369,-0.010240963855420504,0.1732998500579619,0.05823293172691035,0.012634935477239928
2022-12-27,-0.08888888888888902,0.022222222222222143,-0.09722222222222221,-0.07777777777777783,1.1631938744511556,-0.10333333333333594,6.62189189342179,-0.09888888888889547,3.15002122733628,-0.08833333333333238,1.6114363453508358,-0.031296296296293935,1.208882398041173
2022-12-28,-0.0949868073878628,0.010316622691292743,-0.11741424802110811,-0.05013192612137207,-0.2931934240129951,-0.1261213720316645,4.392715041896778,-0.13377308707124635,1.9576195055073287,-0.13113456464379847,0.8594100709637926,-0.08478452066842335,0.4305665322786787
2022-12-29,-0.03385416666666663,0.005208333333333259,-0.04947916666666663,-0.01302083333333326,0.24671452989179232,-0.09843750000000218,1.3062394003684514,-0.13697916666667276,2.717175559826815,-0.14075520833333222,1.319182589668726,-0.10208333333333097,0.7764722541827671
2023-01-02,0.0696378830083566,0.10863509749303635,-0.00835654596100277,0.0696378830083566,0.3524776699378447,0.0066852367687999514,1.1733869734557851,-0.062395543175493784,4.101389276173172,-0.07590529247910749,2.143390031752314,-0.04391829155060101,1.3915851870508127
2023-01-03,0.005797101449275477,0.02608695652173898,-0.0652173913043479,0.04057971014492745,-0.5628965529443335,0.051594202898548325,-0.3173776073586465,-0.01449275362319502,1.24791701274179,-0.038840579710143874,0.36848807846968756,-0.0091787439613501,0.045583753783891234
2023-01-04,0.005747126436781658,0.031609195402298784,-0.01867816091954022,-0.008620689655172376,0.4633381902182434,0.0499999999999976,-0.03822603357435561,-0.011206896551730572,2.385975924618078,-0.04798850574712532,1.056740545975234,-0.0222222222222197,0.5587458209454002
2023-01-05,-0.028169014084506894,0.06436619718309866,-0.06478873239436622,-0.019718309859154903,-0.2161637138907867,0.02253521126760316,-0.20886328839341484,-0.022253521126766818,1.6750122327675823,-0.06577464788732279,0.6349615879823487,-0.04422535211267342,0.23559325728347624
2023-01-08,0.019283746556473913,0.06887052341597788,-0.019283746556473802,-0.02203856749311295,-0.025569193044441274,-0.013223140495870145,-0.19895851185846303,-0.029752066115708797,0.1624414986882523,-0.07699724517906203,0.5476017208723891,-0.0670339761248826,0.2244845659074497
2023-01-09,-0.17281105990783407,0.019585253456221086,-0.17281105990783407,-0.16359447004608296,-0.6273210140954868,-0.18433179723502502,-0.6761822017815988,-0.1758064516129083,-0.6402359879348825,-0.22154377880184217,-0.4136347333559067,-0.21996927803379207,-0.5355946080099203
2023-01-10,0.021077283372365585,0.023419203747072626,-0.03512880562060883,0.016393442622950838,2.475482920790318,-0.135831381733023,0.6939630454425796,-0.14309133489461878,0.3410892843167248,-0.1942622950819659,1.176484550092137,-0.20132708821233192,0.7230756095652111
2023-01-11,-0.1942307692307692,0.02115384615384608,-0.19615384615384623,-0.178846153846154,-0.7463980845117183,-0.2588461538461556,-0.5931139856266205,-0.27807692307692733,-0.6759084766130357,-0.3271153846153837,-0.44110465357557205,-0.3385897435897419,-0.5590081658453909
2023-01-12,0.038000000000000034,0.038000000000000034,-0.038000000000000034,0.040000000000000036,1.6668864133965307,-0.16040000000000165,0.48467839183889505,-0.2172000000000044,0.07999923008445009,-0.2802999999999989,0.6071407261266031,-0.29999999999999827,0.25452676659528906
2023-01-16,0.0020000000000000018,0.038000000000000034,-0.026000000000000023,0.0,1.6756285599513836,-0.10240000000000182,3.0507864080669913,-0.1930000000000044,1.9641604952259315,-0.2650999999999989,3.3604820933801642,-0.2910666666666648,2.382537998564861
2023-01-17,0.04329896907216502,0.057731958762886615,-0.021649484536082397,0.030927835051546504,-0.197570072215966,-0.01814432989690884,2.0348004504457964,-0.14412371134021074,1.3345014618825743,-0.2250515463917513,2.510960503342184,-0.2586941580755995,1.7037063975011968
2023-01-18,0.02325581395348819,0.025369978858350795,-0.016067653276955696,0.025369978858350795,0.4659475734389862,0.02832980972515675,2.262416322871042,-0.09577167019027955,2.4341526876639468,-0.1884778012684979,4.180693225257317,-0.231219168428469,2.9561608579846412
2023-01-19,0.014893617021276562,0.02125531914893619,-0.0021276595744680327,0.006382978723404209,0.28143740466015355,0.05446808510638124,2.891318203166544,-0.06276595744681346,3.133904693146399,-0.16531914893616906,5.635583838901375,-0.21765957446808337,4.078128279076146
2023-01-22,-0.008456659619450302,0.02325581395348819,-0.025369978858351017,-0.00634249471458781,0.024948281349459034,0.026638477801266713,0.9885081158497773,-0.04291754756871513,3.0629447803946537,-0.15454545454545354,5.751066199872692,-0.2135306553911187,4.20045538934861
2023-01-23,0.03632478632478642,0.07051282051282048,-0.0064102564102562765,0.010683760683760868,-0.20036138982382246,0.02606837606837442,0.08890444165908473,-0.007478632478637226,2.046686729740219,-0.12745726495726384,2.2063766534538813,-0.19188034188033998,3.003142225134832
2023-01-24,-0.02742616033755274,0.012658227848101111,-0.03797468354430389,-0.012658227848101333,0.3526194625529808,-0.0004219409282718578,0.4091835022268122,0.002109704641345189,2.864593472320833,-0.1216244725738388,2.8228113771810923,-0.1907876230661022,4.396565474013354
2023-01-25,0.008474576271186418,0.029661016949152685,-0.02330508474576254,0.004237288135593209,-0.19145020214179842,-0.0008474576271202405,-0.035657674082011814,0.014830508474571458,1.3558057490379998,-0.10497881355932104,1.8174036782153071,-0.17577683615819006,3.3329798461263698
2023-01-26,-0.06930693069306926,0.003960396039603964,-0.08118811881188126,-0.0653465346534654,-0.17116665080642135,-0.06653465346534804,-0.2253567834269088,-0.042574257425747164,0.8328015825641113,-0.14960396039603863,1.211301001502398,-0.21894389438943707,2.5883384903161186
2023-01-29,0.020325203252032464,0.05081300813008127,-0.026422764227642226,0.026422764227642226,0.1897996294517259,-0.027642276422765732,-0.017156385095725035,-0.02032520325203735,0.3488832086735745,-0.11239837398373875,1.5995774720373293,-0.185840108401082,3.2693394176445025
2023-01-30,-0.02935420743639927,0.02544031311154593,-0.02935420743639927,-0.03718199608610573,0.2806362318203788,-0.056360078277887915,0.2939039500856804,-0.058317025440317805,0.39893668438859353,-0.1343444227005861,2.2284146930884488,-0.2067188519243296,4.426648798277604
2023-01-31,-0.047706422018348627,0.006422018348623881,-0.07510091743119263,-0.062385321100917435,-0.548096301811864,-0.09944954128440509,-0.4497310498883097,-0.11504587155963741,-0.3997355174981385,-0.17669724770642126,0.42181702655745834,-0.24525993883791875,1.4493569620253162
2023-02-01,0.1428571428571428,0.1734693877551019,-0.010204081632653184,0.11224489795918369,-0.5014684963725615,0.030612244897957552,-0.6719762189707756,-0.0034693877551069674,-0.6988031284367616,-0.06530612244897871,-0.2882625713089366,-0.14557823129251513,0.2290961908844007
2023-02-02,0.09071274298056164,0.09071274298056164,-0.006479481641468721,0.05831533477321815,0.9802779242520177,0.09848812095032256,-0.06704996089301152,0.058315334773213046,-0.2702339950484084,0.004859611231102567,0.4087377165831274,-0.08236141108711081,1.4773289240775553
2023-02-05,0.00877192982456143,0.03947368421052655,-0.013157894736842035,0.015350877192982448,0.9657778120303648,0.09692982456140209,0.9598712959038187,0.07302631578946861,0.5318596585873379,0.03289473684210642,1.7336031366806672,-0.05767543859648905,3.869984329441383
2023-02-06,-0.004415011037527727,0.017660044150110465,-0.026490066225165587,0.0066225165562912025,-0.5616940421399316,0.08830022075054988,-0.15176928598572814,0.07637969094922203,-0.32720027023603426,0.050883002207506633,0.14516699742431283,-0.04025018395879143,0.3591440273613984
2023-02-07,0.022727272727272707,0.04545454545454519,0.0,0.02954545454545454,1.376513229721919,0.09409090909090723,1.3084307366257786,0.10477272727272191,0.7103959283283026,0.09215909090909191,1.6576516440819469,-0.0009090909090889721,1.947420552094706
2023-02-08,0.011337868480725488,0.03628117913832196,-0.009070294784580546,-0.0022675736961450532,0.2922058724370977,0.04399092970521368,1.71897364612887,0.09455782312924632,1.2188667991016549,0.09036281179138439,1.8654342086836548,0.0034769463340911244,2.5397190856799052
2023-02-09,0.0,0.006818181818181612,-0.027272727272727337,0.002272727272727204,0.0371169290851483,0.024090909090907164,0.9404719767185405,0.08999999999999453,1.2503241007213592,0.09443181818181934,1.8346309017262064,0.014015151515153201,2.500105792213334
2023-02-12,0.03009259259259256,0.03009259259259256,-0.011574074074074292,0.0185185185185186,-0.22665818024494144,0.03240740740740544,0.23087975905218316,0.09513888888888333,0.6733434837593184,0.1054398148148159,0.6544164753061767,0.03896604938271797,1.659065911208733
2023-02-13,-0.031531531531531654,0.0033783783783782884,-0.05180180180180194,-0.027027027027027084,0.18973709217611656,-0.006306306306308018,0.4454911704149507,0.052027027027021555,0.9655596689895471,0.06790540540540646,0.7706718205574914,0.014864864864866822,2.0795441347270613
2023-02-14,-0.022573363431151128,0.0012189616252822333,-0.02708803611738153,0.0022573363431153126,-0.2122178596911224,-0.008126410835215925,-0.16540976383847283,0.03927765237019787,0.5384740152138399,0.06399548532731503,0.3585845904311109,0.021670428893907134,1.3741029410044567
2023-02-15,0.004629629629629539,0.02083333333333326,-0.01388888888888895,0.0254629629629628,0.08413928951862437,0.018518518518516824,-0.08898178989905825,0.042129629629623855,0.5634496051941904,0.08622685185185297,0.4248148555196727,0.05416666666666847,1.5473385128699366
2023-02-16,-0.006896551724137834,0.01839080459770126,-0.029885057471264354,-0.006896551724137834,0.44775589635631485,0.007356321839078861,0.3725077414538023,0.021609195402293446,0.7900438172404931,0.07402298850574862,1.0341541926245057,0.0535632183908068,2.5286505187488015
2023-02-20,0.007075471698112956,0.01297169811320753,-0.011792452830188593,0.02594339622641506,-0.3056864486358557,0.031132075471696385,-0.06616386727795742,0.04150943396225859,0.09552451890596525,0.09775943396226516,0.39232267823530154,0.08773584905660581,1.3746652843224316
2023-02-21,0.016867469879517927,0.026265060240963756,-0.03132530120481947,0.02168674698795181,-0.3377371817058792,0.04963855421686558,-0.3843887092644026,0.05638554216866898,-0.28127365485647393,0.11566265060241054,-0.08016917531256063,0.11686746987952001,0.5115320796200777
2023-02-22,0.024691358024691468,0.0370370370370372,-0.01851851851851849,0.024691358024691468,-0.5159949879465562,0.06123456790123294,-0.6602767525162415,0.0730864197530805,-0.6843712460673086,0.13666666666666805,-0.5520032551107963,0.14872427983539338,-0.2936012330377856
2023-02-23,-0.007499999999999951,0.02499999999999991,-0.01749999999999996,0.012499999999999956,1.5983360287638413,0.05549999999999833,0.2208552005294131,0.07774999999999399,-0.008222537573829403,0.14225000000000132,0.25284223415210727,0.16066666666666896,0.633960772933867
2023-02-26,0.029484029484029506,0.041769041769041726,-0.011056511056511065,-0.017199017199017286,0.035877414861248624,0.021621621621619846,0.29838557131859655,0.04914004914004333,0.06027090435866422,0.11375921375921516,0.2969029289929983,0.1384930384930405,0.6412397815169177
2023-02-27,0.08611111111111103,0.11111111111111116,-0.01388888888888895,0.13055555555555554,-0.47162290157066233,0.1394444444444427,-0.2715888114759655,0.1769444444444377,-0.42294689499282356,0.2455555555555573,-0.3219117957538462,0.27666666666666906,-0.2941084826873325
2023-02-28,0.13609467455621305,0.13609467455621305,0.0,0.06508875739644981,0.08526726029816101,0.1757396449704125,-0.0913709019667196,0.2322485207100522,-0.3157474207300154,0.3071005917159779,-0.2404635328641458,0.34595660749507173,-0.2705512672827205
2023-03-01,0.01834862385321112,0.030581039755351647,-0.021406727828746086,0.03363914373088672,-0.11839140103780577,0.1681957186544325,-0.15433951074870267,0.2412844036697177,-0.3460402149740548,0.32461773700305985,-0.30739445885841366,0.3747196738022456,-0.3515146404744255
2023-03-02,0.047770700636942554,0.05417197452229283,-0.006369426751592355,0.0414012738853502,-0.2805381297458017,0.1668789808917177,-0.4434805101299324,0.2557324840764259,-0.49175138832407783,0.3447452229299379,-0.49929840467730213,0.4148619957537185,-0.5309668602209319
2023-03-05,0.08247422680412364,0.08934707903780059,-0.0068728522336769515,0.07903780068728516,-0.46564018017068054,0.19999999999999774,-0.63601219187237,0.31443298969071365,-0.6918315452585501,0.42079037800687424,-0.7417149130994231,0.5084765177548713,-0.7393960444337415
2023-03-06,0.050000000000000044,0.050928571428571434,-0.0071428571428571175,0.03928571428571437,1.0574116529560418,0.16428571428571215,0.0803810048725,0.31464285714284923,-0.18418240505661132,0.4458928571428591,-0.4031201443573401,0.546428571428575,-0.4078383143065434
2023-03-07,0.03690036900368998,0.03690036900368998,-0.011070110701106972,0.03321033210332103,0.14530250299254432,0.14391143911438875,0.2930729106333114,0.30516605166050814,0.009376694585887302,0.4614391143911456,-0.28091075754599626,0.5740467404674081,-0.29768548597855216
2023-03-08,-0.014336917562724039,0.11827956989247324,-0.017921146953404965,-0.028673835125448077,-0.4130533107743912,0.0630824372759835,-0.2173992903195927,0.21612903225805624,-0.3838730497830656,0.3869175627240158,-0.5777569586026332,0.5053763440860248,-0.578538950470509
2023-03-09,0.0036496350364962904,0.018248175182481674,-0.08394160583941623,0.018248175182481674,0.13531513006939488,0.04744525547445022,-0.005172122536971302,0.19233576642334937,-0.26911090998792886,0.3828467153284685,-0.4777911528423069,0.5091240875912442,-0.49233131476760017
2023-03-12,0.06299212598425208,0.08267716535433078,-0.003937007874015852,0.07874015748031504,0.3829595649382296,0.0984251968503913,0.42032289257285194,0.23661417322833778,0.10536679327603693,0.45885826771653715,-0.22357285969567342,0.6019685039370113,-0.2666390240506231
2023-03-13,0.04065040650406515,0.060975609756097615,-0.008130081300813052,0.03252032520325199,0.0575016361256544,0.104065040650404,0.2542146596858639,0.21463414634145428,0.23004548429319382,0.4684959349593514,-0.14125965314136124,0.6200542005420093,-0.20813198080279227
2023-03-14,0.008264462809917328,0.04338842975206614,-0.013925619834710745,0.016528925619834656,-0.13315538813704997,0.09421487603305545,0.06707096722952954,0.18760330578511475,0.07972062982387973,0.45433884297520843,-0.22930975795860364,0.6129476584022078,-0.2984575876796116
2023-03-15,0.0304347826086957,0.04347826086956519,-0.03478260869565197,0.052173913043478404,-0.05089413712570412,0.1260869565217364,0.04222615578244571,0.20782608695651206,0.05564433735588481,0.4863043478260889,-0.23467677127992514,0.6581159420289897,-0.3127369726991477
2023-03-16,0.02232142857142838,0.02611607142857153,-0.037946428571428714,0.02678571428571419,0.018158120513235287,0.11249999999999716,-0.013385943320459504,0.1968749999999897,0.1026749958198907,0.47857142857143065,-0.1874474745287441,0.6556547619047657,-0.2893266963248845
2023-03-19,0.05714285714285716,0.05714285714285716,-0.004761904761904856,0.06666666666666665,0.8996399347039941,0.13904761904761598,0.7887002501972158,0.23380952380951303,1.0893849730666991,0.5276190476190497,0.6077433564958852,0.7238095238095281,0.32567441731298774
2023-03-20,0.03864734299516903,0.04347826086956541,-0.004830917874396046,0.01449275362318847,-0.4376440307226499,0.11304347826086669,-0.0709051351802451,0.21256038647341913,0.025718945731712628,0.495410628019326,-0.07972025463606902,0.7080515297906647,-0.26065034294074985
2023-03-21,0.045226130653266416,0.045226130653266416,-0.01005025125628145,0.04020100502512558,-0.17405047983902178,0.11859296482411774,-0.21524601424038392,0.22462311557787817,-0.15270901052550123,0.5010050251256304,-0.21282795449268643,0.7350083752093843,-0.37226345838815367
2023-03-22,0.025252525252525082,0.04040404040404044,-0.030303030303030276,0.005050505050504972,0.2486772486772486,0.080808080808078,0.016705322413084867,0.1944444444444331,0.09291859945398762,0.45404040404040646,0.018527351960571092,0.7010101010101053,-0.2043380002093853
2023-03-23,-0.00520833333333337,0.02604166666666674,-0.03645833333333326,0.03125,0.17604982250643286,0.08124999999999716,0.167055986390088,0.18958333333332167,0.22271704559782202,0.4455729166666693,0.1914482551645389,0.7121527777777821,-0.03980757175659144
2023-03-26,-0.04040404040404044,0.025252525252525082,-0.0505050505050505,-0.030303030303030276,-0.4808087345842922,0.016161616161613157,-0.4247820410692158,0.11212121212120096,-0.39567087832654746,0.3492424242424268,-0.3684775974361244,0.6183501683501726,-0.4900954077417832
2023-03-27,0.030927835051546504,0.06139175257731955,-0.010309278350515427,0.020618556701030855,-0.41618814471279,0.02474226804123414,-0.5887681370047648,0.1061855670102978,-0.623595115523489,0.3231958762886622,-0.6094608742364641,0.6101374570446778,-0.68618672009175
2023-03-28,-0.09722222222222232,0.05555555555555536,-0.10185185185185197,-0.10185185185185197,0.3778116292746889,-0.09166666666666956,-0.2591469867759144,-0.030555555555565994,-0.38893251348106195,0.1500000000000019,-0.412164586505366,0.4094135802469172,-0.527639928516318
2023-03-29,0.14213197969543145,0.14832487309644682,-0.022842639593908642,0.09644670050761439,0.6737396118445145,0.013197969543144117,0.36944532370082106,0.04974619289338955,0.10261927371354451,0.22994923857868255,0.03804500965113178,0.5067681895093104,-0.16196101066900026
2023-03-30,0.01538461538461533,0.02051282051282044,-0.00512820512820511,0.01025641025641022,1.2386622575446005,0.022564102564099464,2.1453948757850276,0.04358974358973211,1.4858183738120379,0.20923076923077155,1.3607916967709666,0.4801709401709442,0.9269512217714295
2023-04-02,-0.04390243902439017,0.014682926829268306,-0.07317073170731703,-0.04878048780487798,-0.39445033402325547,-0.02439024390244182,0.836286536422838,-0.021463414634157463,0.4430612347922662,0.12121951219512428,0.39675105591734394,0.36943089430894704,0.17378004386333945
2023-04-03,0.0,0.004854368932038833,-0.029126213592232997,-0.004854368932038944,0.656229358795348,-0.02233009708738176,1.767997458257736,-0.028640776699040194,1.4486155586955736,0.09490291262136119,1.20056589996349,0.325566343042075,0.9840762076759502
2023-04-04,-0.019512195121951237,0.009756097560975618,-0.019512195121951237,0.004878048780487809,-0.18729190166206866,-0.005853658536588147,0.5705244417868258,-0.02439024390245026,0.9165767455345213,0.0821951219512218,0.751793892611065,0.2965853658536628,0.6217960972265635
2023-04-05,-0.009803921568627416,0.02450980392156854,-0.019607843137254943,0.004901960784313708,-0.8390270847727683,-0.011764705882356008,-0.8133185546280378,-0.01666666666667793,-0.7055366547744273,0.07132352941176667,-0.7208188144099669,0.2686274509803961,-0.7378880063392868
2023-04-09,0.00995024875621886,0.01990049751243772,-0.00995024875621886,0.014925373134328401,2.5786833160445983,0.009950248756215974,0.17357811572361515,0.0009950248756105395,0.32524755511192005,0.0686567164179126,0.11182764762296205,0.2542288557213974,0.025370903167861725
2023-04-10,-0.019512195121951237,0.012195121951219745,-0.024390243902438935,-0.019512195121951237,3.8403385227523925,-0.003902439024393023,5.1940278523383965,-0.01414634146342586,5.543030283891748,0.030000000000002025,4.341367669814002,0.19739837398374416,4.064997631603878
2023-04-11,0.01980198019801982,0.07425742574257432,-0.004950495049505066,0.014851485148514865,-0.8151710661326529,0.010891089108908236,0.04305970767763534,0.003960396039592418,0.10121483861101943,0.033168316831685196,-0.041244103532685816,0.18184818481848608,-0.06829543990963327
2023-04-12,-0.13559322033898302,0.016949152542372836,-0.13559322033898302,-0.14406779661016944,0.6903989518092735,-0.1381355932203413,0.9596628109349656,-0.13728813559323028,0.6639410155926262,-0.12499999999999833,0.6448973712355313,-0.010734463276832584,0.5973407816966534
2023-04-13,0.08715596330275233,0.14678899082568808,-0.00917431192660556,0.08256880733944949,-0.1977552635744816,-0.03853211009174584,0.5927972138673421,-0.056880733944964956,0.20166091499129335,-0.05412844036697084,0.303913883172392,0.0553516819571902,0.28309730357237073
2023-04-16,-0.11666666666666659,0.008333333333333304,-0.11666666666666659,-0.09166666666666656,0.34634566364589636,-0.11500000000000232,0.24462484761165904,-0.13458333333334316,0.5807864943435153,-0.14333333333333165,0.7436692768054289,-0.05652777777777418,0.734035598484784
2023-04-17,0.04329004329004338,0.04329004329004338,-0.008658008658008698,0.03896103896103886,0.4878249095469578,-0.0467532467532491,0.6632996889239813,-0.08138528138529166,1.3866040709418215,-0.10649350649350475,1.5529801146002784,-0.030447330447326504,1.550259758517067
2023-04-18,-0.008583690987124526,0.017167381974249052,-0.047210300429184504,-0.008583690987124526,0.029767405409464986,-0.03261802575107531,0.815359798328767,-0.0781115879828429,1.3665707726920955,-0.10965665236051336,1.6177525217067603,-0.04735336194563278,1.5077272474946204
2023-04-19,0.04484304932735439,0.05156950672645744,-0.004484304932735328,0.04484304932735439,0.16123980448886877,0.038565022421522155,0.6906419332698821,-0.02466367713005524,1.7282228432536146,-0.06390134529147806,1.9684038692699426,-0.011659192825108078,1.8645530533130592
2023-04-20,-0.030434782608695587,0.01521739130434785,-0.03434782608695641,-0.030434782608695587,0.3084869384008535,-0.004347826086958717,0.9709871244635191,-0.046521739130444884,2.481635862958645,-0.08717391304347666,2.7443908308318243,-0.04869565217390903,2.693333002555261
2023-04-23,0.061224489795918435,0.061224489795918435,-0.020408163265306145,0.1734693877551019,-0.8159638328685517,0.1806122448979568,-0.7158243070736291,0.13214285714284535,-0.591291417154733,0.07933673469387936,-0.3319310443067449,0.10799319727891632,-0.3450473517188397
2023-04-24,-0.005102040816326481,0.02556122448979603,-0.04081632653061229,0.0,1.015585228266171,0.135714285714283,-0.19681227971693338,0.12959183673468178,-0.1157083567228322,0.08035714285714479,0.395508572059595,0.09472789115646729,0.3324606366238141
2023-04-25,-0.020408163265306145,0.020408163265306145,-0.030612244897959218,0.0,1.3647936977715878,0.0999999999999972,1.0978220752089136,0.12499999999998801,1.2587334610027856,0.07984693877551208,2.1822989206128134,0.08486394557823607,2.136049936165274
2023-04-26,0.005154639175257714,0.02577319587628879,-0.010309278350515427,0.010309278350515427,0.27417923691215607,0.07319587628865709,1.5881732475598938,0.13350515463916324,1.5303732253771076,0.09149484536082686,2.6033873114463177,0.08745704467354432,2.9253780316474414
2023-04-27,-0.005154639175257714,0.04123711340206193,-0.030927835051546393,0.0,-0.40270623892412927,0.04329896907216191,0.4906493979694926,0.11185567010308084,0.40323986816608426,0.08582474226804337,0.9588272412593783,0.07920962199313197,1.2866624709474044
2023-04-30,-0.015306122448979553,0.022959183673469274,-0.015306122448979553,-0.010204081632653073,-0.1554581414735947,-0.00408163265306416,0.3150610127956224,0.08826530612243721,0.09283288480582752,0.07397959183673675,0.5838559471390288,0.06207482993197755,0.8900593809387933
2023-05-01,0.026315789473684292,0.02894736842105261,0.0,0.03157894736842115,-0.12855680156021454,0.0273684210526286,-0.21366357874207698,0.09947368421051439,-0.07489614822038038,0.108157894736844,0.3799486835689907,0.09070175438596961,0.6168356086461888
2023-05-02,-0.005235602094240788,0.03141361256544495,-0.005235602094240788,-0.005235602094240788,-0.05979751953407031,0.015706806282719477,-0.3217151933695326,0.07225130890051168,-0.10847649149990024,0.09842931937172983,0.2763362129230853,0.08150087260035366,0.5221471700333189
2023-05-03,0.005154639175257714,0.015463917525773141,-0.015463917525773252,-0.015463917525773252,0.7087728093434591,-0.005154639175260822,0.3208132444002303,0.034020618556689364,0.574345828617085,0.07757731958763081,1.1961415540315596,0.06202749140893937,1.568792862374326
2023-05-04,-0.005102040816326481,0.019795918367346843,-0.015306122448979553,-0.010204081632653073,0.0028555044069820124,-0.015306122448982662,0.3835040613363916,0.008673469387743493,0.5755436063410264,0.06377551020408334,1.1658498169649167,0.05034013605442622,1.5012877919003702
2023-05-07,-0.051886792452830344,0.023584905660377187,-0.08018867924528306,-0.07547169811320764,-0.5210471661198568,-0.0877358490566067,-0.35516283899708034,-0.08349056603774663,-0.23540882822141285,-0.01839622641509253,-0.19669308536255004,-0.029245283018863866,0.1724355115432079
2023-05-08,-0.10599078341013823,0.02073732718894017,-0.10599078341013823,-0.02304147465437778,0.49623666507163566,-0.0940092165898645,0.06284009345005215,-0.09723502304148512,-0.014622118388830985,-0.03847926267280943,0.1688881695611788,-0.048540706605218586,0.7512807160750978
2023-05-09,-0.07916666666666661,0.006625000000000103,-0.08958333333333324,-0.09583333333333333,-0.8328613097478359,-0.15833333333333588,-0.827526721866767,-0.1750000000000096,-0.844152850959729,-0.12812499999999838,-0.8000011055701919,-0.13708333333332956,-0.7187306015556392
2023-05-10,0.004149377593360981,0.07468879668049788,-0.012448132780083054,-0.004149377593361092,2.4983426650998517,-0.12116182572614353,0.15942903413747822,-0.16016597510374408,-0.14277322984453633,-0.12385892116182418,-0.19591311417671442,-0.1343015214384473,-0.0013318477117146843
2023-05-11,0.02991452991453003,0.05128205128205132,-0.004273504273504147,0.02991452991453003,0.14689710237665143,-0.05470085470085717,0.4627367260687947,-0.11495726495727487,0.06380377478155985,-0.09658119658119502,-0.06827941462383369,-0.10484330484330107,0.09876080403338006
2023-05-14,-0.1132075471698113,0.016981132075471583,-0.1132075471698113,-0.11698113207547167,0.19122666582721348,-0.13660377358490783,0.8662027189286181,-0.20339622641510313,0.31847194053074435,-0.19924528301886657,0.09843175920887548,-0.20490566037735525,0.28819968790333084
2023-05-15,0.07377049180327866,0.07377049180327866,-0.004098360655737654,0.08606557377049184,0.9070926243567754,-0.018852459016395873,2.48454974271012,-0.1065573770491901,1.5518700686106346,-0.12520491803278544,1.089566252144082,-0.12691256830600728,1.4688479130931964
2023-05-16,-0.05660377358490565,0.007547169811320753,-0.0811320754716981,-0.0792452830188679,-0.32121296797592225,-0.07622641509434191,1.2942041134727003,-0.1569811320754806,0.6806560249625968,-0.192075471698112,0.4064135477974351,-0.19119496855345564,0.6407891238834844
2023-05-17,0.01930501930501949,0.05791505791505802,-0.027027027027026973,0.02316602316602312,0.4112761106660916,-0.03552123552123798,0.773671822046953,-0.10888030888031797,1.3337753404399533,-0.16718146718146587,0.9925016944975045,-0.1648648648648613,1.3135176398901827
2023-05-18,0.007843137254901933,0.04313725490196085,-0.023529411764705688,0.015686274509803866,-0.2820276117135956,-0.006274509803923967,0.05863699238185682,-0.06941176470589161,0.6720800804579736,-0.14705882352941035,0.42756998044588124,-0.14470588235293746,0.6415699529187151
