date,open_price,close_price,lowest_price,highest_price,volume
2014-01-01,90.41,89.87,89.33,90.45,4898929.0
2014-01-02,90,89.82,89.59,90.25,3722775.0
2014-01-05,90.19,88.64,88.3801,90.3,5236559.0
2014-01-06,88.77,88.93,88.75,89.23,3516628.0
2014-01-07,88.78,89.14,88.67,89.82,4425298.0
2014-01-08,89.26,89.71,88.685,89.8,4469888.0
2014-01-09,89.41,90.51,89.29,90.6,5417625.0
2014-01-12,90.26,89.89,89.815,91.26,5214110.0
2014-01-13,89.86,90.56,89.86,90.71,3712636.0
2014-01-14,90.88,92.41,90.88,93.2,10126782.0
2014-01-15,91.89,92.01,91.7,92.86,4771492.0
2014-01-16,92.15,91.44,91.01,92.26,6833673.0
2014-01-20,91.6,90.6,89.64,91.8475,5558755.0
2014-01-21,90.59,89.64,89.35,90.82,4788701.0
2014-01-22,88.7,88.48,88.05,89.078,5021946.0
2014-01-23,87.98,86.17,85.875,87.99,8118570.0
2014-01-26,91.77,91.29,89.07,92.31,22210462.0
2014-01-27,91.4,92.47,91.35,92.67,9413550.0
2014-01-28,91.31,90.62,90.29,91.96,8150780.0
2014-01-29,91.53,93.2,90.73,93.85,14770638.0
2014-01-30,92.16,93.91,92.01,94.69,9771534.0
2014-02-02,93.74,92.42,91.95,93.94,9085901.0
2014-02-03,92.48,92.5,91.49,92.6503,6839994.0
2014-02-04,92.24,91.96,91.06,92.51,5135090.0
2014-02-05,91.94,93.83,91.79,94.23,6569871.0
2014-02-06,94.17,94.87,93.88,95.24,9665508.0
2014-02-09,94.97,94.5,93.6273,94.98,5933767.0
2014-02-10,94.62,94.96,94.28,95.34,6011688.0
2014-02-11,95.31,96.17,95.17,96.64,8006497.0
2014-02-12,95.29,96.11,95.11,96.41,4392328.0
2014-02-13,95.86,96.55,95.84,96.68,4163095.0
2014-02-17,95.85,96.56,95.85,96.9351,4873083.0
2014-02-18,96.19,96.21,96.105,97.67,5869115.0
2014-02-19,96.51,96.92,95.3,97.52,7719864.0
2014-02-20,97.11,97.5,96.92,97.95,5558889.0
2014-02-23,97.55,97.32,97.18,98.24,4888358.0
2014-02-24,96.84,96.41,95.82,96.98,5993356.0
2014-02-25,96.66,97.2,96.34,97.91,4753926.0
2014-02-26,97.21,96.7,96.52,97.635,4340246.0
2014-02-27,96.63,96.97,96.3,97.52,5411445.0
2014-03-02,96.32,96.31,95.6,96.67,4859285.0
2014-03-03,97.2,97.02,96.56,97.46,6264144.0
2014-03-04,96.54,96.37,95.88,96.9,5384928.0
2014-03-05,96.95,97.6,96.66,98.15,6792255.0
2014-03-06,97.78,97.05,96.5,97.87,5259954.0
2014-03-09,96.64,96.75,95.86,96.8,4693667.0
2014-03-10,97.09,96.84,96.62,97.91,5731479.0
2014-03-11,96.3,96.82,96.3,97.24,4449591.0
2014-03-12,97.2,95.61,95.06,97.73,8434706.0
2014-03-13,95.45,95.39,95.2,96.25,5002348.0
2014-03-16,95.99,95.67,95.55,96.4499,4697971.0
2014-03-17,96.12,96.41,95.7,96.65,4921486.0
2014-03-18,96.09,96.04,95.25,96.72,5109500.0
2014-03-19,95.71,96.21,95.1,96.24,4396040.0
2014-03-20,97.07,97.39,96.67,97.63,8340505.0
2014-03-23,97.6,96.85,96.42,97.6,4811417.0
2014-03-24,97.36,98.59,97.15,99.34,9078352.0
2014-03-25,99.28,97.8,97.8,99.6,5611072.0
2014-03-26,97.82,98.45,97.291,98.89,4954272.0
2014-03-27,98.91,99.39,98.78,99.62,5821509.0
2014-03-30,100,99.37,99.05,100.63,5772835.0
2014-03-31,98.94,99.81,98.94,100.08,4815450.0
2014-04-01,100.04,102.63,99.88,102.76,9358452.0
2014-04-02,101.92,102.55,101.61,103.2,8230347.0
2014-04-03,102.89,102.17,101.91,103.381,4889567.0
2014-04-06,101.61,101.11,100.41,102.07,5224580.0
2014-04-07,100.98,102.39,100.96,103.25,6627002.0
2014-04-08,102.65,102.99,101.85,103.2,4062354.0
2014-04-09,102.91,102.26,101.991,103.72,4540179.0
2014-04-10,101.1,101.45,100.97,102.1,5364440.0
2014-04-13,102.18,102.78,100.95,102.83,4118284.0
2014-04-14,102.63,102.5,101.26,103.09,6318112.0
2014-04-15,102.62,102.93,102.21,103.15,3801563.0
2014-04-16,103.05,102.83,102.6,103.435,3556876.0
2014-04-20,102.9,102.64,101.55,102.98,3821573.0
2014-04-21,102.78,103.69,102.76,104.1362,4533395.0
2014-04-22,103.56,103.38,103.18,104.62,6429426.0
2014-04-23,106.02,105.28,104.79,107.4,8854864.0
2014-04-24,105.03,104.69,103.29,105.275,5732129.0
2014-04-27,104.99,104.26,103.25,105.42,4036299.0
2014-04-28,104.79,105.3,103.83,105.5,4976036.0
2014-04-29,105.23,105.4,104.99,106.24,5199451.0
2014-04-30,105.2,105.07,104.63,105.79,2966277.0
2014-05-01,104.93,105.01,104.73,105.58,2681174.0
2014-05-04,104.66,104.52,103.81,104.8,3166368.0
2014-05-05,104.21,103.87,103.6,104.47,2836463.0
2014-05-06,104.1,104.62,103.43,104.66,3401094.0
2014-05-07,104.55,104.94,104.15,105.02,3121074.0
2014-05-08,104.96,105.06,104.3,105.2999,2762003.0
2014-05-11,105.71,106.2,105.65,106.5,3664616.0
2014-05-12,106.5,107.15,105.82,108.21,3951523.0
2014-05-13,106.85,106.53,106.3,107.035,3082582.0
2014-05-14,106.49,104.99,104.04,106.74,5156745.0
2014-05-15,105.05,106.03,104.17,106.05,4403648.0
2014-05-18,105.42,105.39,104.72,105.53,3924537.0
2014-05-19,104.79,101.56,100.72,104.81,9267128.0
2014-05-20,101.48,102.88,101.48,103,5460657.0
2014-05-21,102.9,103.08,102.51,103.88,3112514.0
2014-05-22,103.15,104.03,103.145,104.15,2892331.0
2014-05-26,104.2,103.68,103.46,104.48,3443652.0
2014-05-27,103.53,102.91,102.85,103.86,3353984.0
2014-05-28,103.28,103.6,102.56,103.665,3071783.0
2014-05-29,102.9,102.23,101.55,102.98,5944140.0
2014-06-01,102.42,103.76,102.01,103.94,3754529.0
2014-06-02,103.42,104.49,103.05,104.565,3644008.0
2014-06-03,104.42,104.31,104.07,105.1,2880295.0
2014-06-04,104.8,106.96,104.771,107.12,5396851.0
2014-06-05,107.08,108.18,106.98,108.36,4299750.0
2014-06-08,107.74,108.75,107.66,109.3,3904906.0
2014-06-09,108.5,109.31,108.395,109.5,4760418.0
2014-06-10,108.93,108.69,108.33,108.98,2738765.0
2014-06-11,108.47,106.65,106.44,108.5,3414237.0
2014-06-12,106.55,106.77,106.07,107.23,2009310.0
2014-06-15,106.5,106.81,105.73,106.88,2137285.0
2014-06-16,106.51,106.67,106,107,2138545.0
2014-06-17,106.63,107.48,106.05,107.6,2218832.0
2014-06-18,106.99,107.25,106.69,107.42,2593253.0
2014-06-19,108.05,109.38,107.64,109.53,7771501.0
2014-06-22,109.25,108.78,108.29,109.849,2839508.0
2014-06-23,108.56,107.81,107,109.34,2867775.0
2014-06-24,107.48,108.44,107.35,108.88,2176289.0
2014-06-25,108.55,108.52,107.85,108.8,1523090.0
2014-06-26,108.34,108.78,107.73,108.88,3632196.0
2014-06-29,108.68,108.67,107.97,109.03,2249720.0
2014-06-30,109.08,109.17,109.01,109.75,2349846.0
2014-07-01,109.32,109.56,109.3,109.95,1850266.0
2014-07-02,109.9,111.08,109.69,111.16,2876160.0
2014-07-06,110.18,110.16,109.57,110.45,2672180.0
2014-07-07,110.21,109.46,109.4,110.38,2453793.0
2014-07-08,109.79,110.14,109.42,110.29,2270908.0
2014-07-09,108.14,109.36,107.8,109.57,2303795.0
2014-07-10,109.5,109.96,108.65,109.99,1992796.0
2014-07-13,110.43,110.09,110.09,111.04,2375246.0
2014-07-14,110.25,109.85,109.4,110.42,3213096.0
2014-07-15,110.18,111.4,109.92,111.46,3978744.0
2014-07-16,110.4,109.07,108.93,110.67,3160254.0
2014-07-17,109.43,110.17,109.05,110.17,2425153.0
2014-07-20,110,110.23,109.45,110.55,2076828.0
2014-07-21,110.84,110.06,109.8,111.28,2880170.0
2014-07-22,109.79,108.38,108.21,109.98,4479201.0
2014-07-23,105.6,105.04,104.09,106.23,8690533.0
2014-07-24,104.14,104.85,104.1,105.35,4126927.0
2014-07-27,104.78,104.15,103.17,104.9,4474425.0
2014-07-28,105,104.69,104.69,106.44,7947210.0
2014-07-29,105.08,103.38,103.03,105.32,5861830.0
2014-07-30,102.24,100.75,100.74,102.69,6712563.0
2014-07-31,100.52,100.52,99.11,100.85,6012197.0
2014-08-03,100.36,101.81,100.1,102.05,5183872.0
2014-08-04,101.11,101.5,100.94,102.47,5684976.0
2014-08-05,100.76,101.49,100.61,101.85,5527276.0
2014-08-06,102.66,101.94,101.88,103.47,5753197.0
2014-08-07,102.01,103.28,101.7801,103.44,4694262.0
2014-08-10,104.61,104.5,103.93,104.85,5198173.0
2014-08-11,104.59,104.33,104.125,105.16,4201316.0
2014-08-12,104.33,105.16,104.33,105.5,4665442.0
2014-08-13,105.51,105.66,104.9944,106,4178948.0
2014-08-14,106.01,105.74,105.13,106.42,4026915.0
2014-08-17,106.69,106.98,106.28,107.1,3479129.0
2014-08-18,107.26,107.3,106.87,107.699,3642882.0
2014-08-19,107.39,107.7,107.2,108.15,5342191.0
2014-08-20,108.17,107.97,107.54,108.57,4118381.0
2014-08-21,107.58,107.31,106.54,107.82,4608938.0
2014-08-24,107.96,107.97,107.73,108.33,3019073.0
2014-08-25,108.05,108.06,107.98,108.635,2865958.0
2014-08-26,108.13,108.55,108.08,108.92,3281909.0
2014-08-27,108.02,108.65,107.8,108.82,3232013.0
2014-08-28,108.9,109.07,108.25,109.1,4438434.0
2014-09-01,109.03,108.92,108.83,109.73,4040995.0
2014-09-02,109.45,108.46,108.05,109.66,4669189.0
2014-09-03,108.3,108.82,108.16,109.49,4604186.0
2014-09-04,109,108.54,108.19,109.18,4305139.0
2014-09-07,108.23,107.91,107.52,108.46,3504937.0
2014-09-08,107.82,107.4,107.19,108.2,3579723.0
2014-09-09,105.61,105.93,105.38,106.121,8162166.0
2014-09-10,105.66,105.59,104.59,105.66,5461161.0
2014-09-11,104.97,105.02,104.4,105.09,6908671.0
2014-09-14,104.32,104.86,103.22,104.9,7052380.0
2014-09-15,104.21,104.86,103.77,105.83,5289978.0
2014-09-16,105.18,103.99,103.88,105.41,5126426.0
2014-09-17,104.3,104.34,103.4,104.55,3916241.0
2014-09-18,104.85,102.51,102.08,105,8291344.0
2014-09-21,102.1,100.9,100.82,102.26,5098777.0
2014-09-22,100.86,99.99,99.88,101.09,5711892.0
2014-09-23,100.04,101.2,99.89,101.49,5797171.0
2014-09-24,101,99.51,99.19,101.2,4967149.0
2014-09-25,99.44,100.38,99.24,100.64,2936209.0
2014-09-28,99.35,99.83,98.26,100.1,3156491.0
2014-09-29,100.03,99.03,98.8,100.095,3756126.0
2014-09-30,98.64,97.61,97.27,99,4834731.0
2014-10-01,97.65,97.41,96.145,97.98,4461247.0
2014-10-02,98.04,97.39,97.03,98.34,3922383.0
2014-10-05,97.81,98,96.91,98.13,3983987.0
2014-10-06,97.09,94.7,94.6855,97.51,6479596.0
2014-10-07,94.58,96.65,93.64,96.86,6214376.0
2014-10-08,96.21,93.5,93.24,96.52,6415113.0
2014-10-09,93.24,93.13,91.61,94.57,6179297.0
2014-10-12,93.29,91.68,91.62,94.06,5842920.0
2014-10-13,92.51,92.8,92.39,95.01,6791867.0
2014-10-14,91.43,92.59,90.05,92.75,9381360.0
2014-10-15,90.27,93.24,90.27,94.15,7439809.0
2014-10-16,94.2,95.05,93.98,95.6,7447833.0
2014-10-19,94.53,94.03,93.27,95.3,4274554.0
2014-10-20,95.04,95.89,95.04,96.32,3995654.0
2014-10-21,95.53,94.57,94.05,95.981,6215824.0
2014-10-22,97.6,99.27,97.34,99.94,11670422.0
2014-10-23,99.51,99.44,98.37,99.68,4134023.0
2014-10-26,98.68,98.54,97.145,98.77,4346311.0
2014-10-27,99.44,101.16,99.03,101.16,5069868.0
2014-10-28,101.53,100.19,99.84,101.84,4426748.0
2014-10-29,99.63,100.16,99.06,100.58,2651004.0
2014-10-30,101.35,101.41,100.84,102.37,5368033.0
2014-11-02,101.61,100.22,99.77,101.76,4435258.0
2014-11-03,99.75,98.61,98.04,100,4849148.0
2014-11-04,99.45,99.41,98.453,99.64,3515823.0
2014-11-05,99.51,100.91,99.24,100.99,3428024.0
2014-11-06,101.26,101.76,100.9,101.83,2708296.0
2014-11-09,101.86,102.21,101.86,102.55,3308415.0
2014-11-10,102.31,102.53,101.6,102.8,2466127.0
2014-11-11,102.17,102.99,101.521,103.22,2808933.0
2014-11-12,103.06,101.11,100.68,103.18,3924490.0
2014-11-13,101,101.34,100.65,101.7,2660685.0
2014-11-16,101.25,101.7,100.45,102.08,2477026.0
2014-11-17,101.7,102.04,101.31,102.45,2761407.0
2014-11-18,101.86,101.3,100.89,102.3,4679420.0
2014-11-19,100.33,102.09,100.07,102.14,3052765.0
2014-11-20,104.3,106.45,104.2,107.12,8738326.0
2014-11-23,106.4,105.96,105.1,106.4668,4108987.0
2014-11-24,106.1,106.24,105.33,106.6279,3321710.0
2014-11-25,106.29,105.79,105.45,106.44,2463899.0
2014-11-27,104.39,100.6,100.12,104.61,5780717.0
2014-11-30,100.24,99,97.79,100.47,7432217.0
2014-12-01,99.48,99.51,98.72,99.96,3900718.0
2014-12-02,100.04,100.18,99.96,101.46,6930961.0
2014-12-03,99.69,99.67,99.51,100.87,3406571.0
2014-12-04,99.81,98.78,98.705,99.96,3605095.0
2014-12-07,98.66,95.25,95.2,98.76,7192442.0
2014-12-08,94.17,95.45,93.8,96.171,6564787.0
2014-12-09,94.91,93.02,92.75,95.02,6759686.0
2014-12-10,93.68,92.69,92.532,94.29,4665326.0
2014-12-11,92,90.5,89.96,92,10327387.0
2014-12-14,91.25,89.75,89.39,91.29,6931200.0
2014-12-15,89.23,89.34,89.15,92.25,7649716.0
2014-12-16,89.4,89.75,88.03,90.14,8671800.0
2014-12-17,91.89,91.69,90.55,91.89,8344394.0
2014-12-18,91.58,91.71,90.88,91.98,9689911.0
2014-12-21,92.46,92.32,91.85,92.81,4577776.0
2014-12-22,92.99,93.5,92.65,93.9399,3558848.0
2014-12-23,93.64,93.72,93.27,93.98,1660812.0
2014-12-25,93.95,94.23,93.72,94.66,3128000.0
2014-12-28,94.2,93.71,93.59,94.28,2391883.0
2014-12-29,93.6,92.59,92.51,93.63,3197562.0
2014-12-30,92.89,91.53,91.45,93.57,3251276.0
2015-01-01,91.77,91.88,90.66,92.37,3772552.0
2015-01-04,90.35,87.03,86.6,90.42,11301630.0
2015-01-05,87.28,86.47,85.17,87.68,8664626.0
2015-01-06,87.37,87.81,86.42,88.14,6511305.0
2015-01-07,89.18,88.71,87.84,89.28,7618261.0
2015-01-08,88.76,87.65,87.02,88.89,4857257.0
2015-01-11,87.73,86.89,86.07,87.77,4351741.0
2015-01-12,87.68,86.37,85.2,87.9,5078635.0
2015-01-13,84.89,86.07,84.27,86.215,10367131.0
2015-01-14,86.03,84.32,84.3,86.17,6684080.0
2015-01-15,84.24,83.86,83.045,84.32,10425524.0
2015-01-19,84.42,83.97,83.19,84.5,5937511.0
2015-01-20,83.59,85.37,83.59,85.4,6613280.0
2015-01-21,86.05,86.82,85.43,87.36,5569532.0
2015-01-22,86.79,85.61,85.2,87,5027648.0
2015-01-25,85.36,86.03,84.9,86.26,8140617.0
2015-01-26,79.74,79.85,79.1,81.35,27489609.0
2015-01-27,80.4,80.01,79.96,81.2,14270086.0
2015-01-28,79.91,80,78.81,80.18,8235126.0
2015-01-29,79.51,79.97,79.42,80.82,8150773.0
2015-02-01,80.08,80.84,79.49,80.88,7149279.0
2015-02-02,81.22,83.92,81.15,84.11,10895426.0
2015-02-03,82.78,81.95,81.66,83.32,8807614.0
2015-02-04,82.4,83.57,81.87,83.63,6640223.0
2015-02-05,83.6,83.21,82.8,84.14,5581676.0
2015-02-08,83.05,84.67,82.95,84.87,7693879.0
2015-02-09,85,83.9,83.4622,85,6569297.0
2015-02-10,83.56,83.41,82.24,83.67,5722569.0
2015-02-11,84.08,83.53,83.31,84.25,4623425.0
2015-02-12,84.11,85.13,84.03,85.49,5645748.0
2015-02-16,84.86,85.38,84.2,85.58,3924453.0
2015-02-17,84.92,84.8,84.58,85.8099,3568836.0
2015-02-18,83.81,83.3,82.205,84,5733783.0
2015-02-19,83.14,84.44,82.4,84.62,6029542.0
2015-02-22,83.9,83.49,83.14,83.98,5180333.0
2015-02-23,83.77,84.5,83.6,84.69,3679640.0
2015-02-24,84.52,85.15,84.17,85.3578,3450146.0
2015-02-25,85.1,83.8,83.56,85.1,4457234.0
2015-02-26,84.18,82.9,82.89,84.18,4370737.0
2015-03-01,82.78,83,82.24,83.07,4155058.0
2015-03-02,82.71,82.84,82.65,83.79,4332127.0
2015-03-03,82.565,81.73,80.83,82.61,6863818.0
2015-03-04,80.41,81.51,80.06,81.56,7123694.0
2015-03-05,80.37,80.06,79.55,81.21,7913996.0
2015-03-08,80.17,80.81,80.1,81.34,4740677.0
2015-03-09,80.02,79.91,79.74,80.7636,4850925.0
2015-03-10,80.15,79.7,79.26,80.15,4612178.0
2015-03-11,80.27,80.19,79.8001,80.48,3613490.0
2015-03-12,79.9,79.23,78.19,79.91,7272888.0
2015-03-15,79.57,79.97,79.06,80,3598827.0
2015-03-16,79.35,78.45,78.25,79.35,6930331.0
2015-03-17,78.25,81.33,78.25,81.44,12154473.0
2015-03-18,80.5,80.09,79.56,80.5,5236561.0
2015-03-19,80.62,81.19,80.19,81.25,8217042.0
2015-03-22,81.19,81.09,81.02,81.92,4704236.0
2015-03-23,81.15,80.48,80.2,81.2,3978941.0
2015-03-24,81.03,79.86,79.83,81.04,4803645.0
2015-03-25,79.64,79.88,79.51,80.8,4238597.0
2015-03-26,79.46,79.67,78.76,79.88,6337376.0
2015-03-29,80.01,81.37,80,81.52,4621371.0
2015-03-30,80.51,80.03,79.81,80.65,4848838.0
2015-03-31,80.03,79.64,79.39,80.52,4446526.0
2015-04-01,79.6,80.24,79.4001,80.4999,3556234.0
2015-04-05,80.35,81.49,79.98,82,4496590.0
2015-04-06,81.22,80.54,80.5,81.43,3526507.0
2015-04-07,80.84,80.44,79.92,81.24,4196496.0
2015-04-08,80.5,80.68,80.28,81.21,4292050.0
2015-04-09,81.1,82.6,80.74,82.8,6832123.0
2015-04-12,82.6,82.14,81.6,82.61,5294099.0
2015-04-13,82.55,83,81.54,83.24,5899018.0
2015-04-14,83.29,85.16,83,85.73,9643812.0
2015-04-15,84.4,84.34,84,84.9,5692612.0
2015-04-16,83.5,83.28,82.66,83.59,5314792.0
2015-04-19,83.96,84.6,83.88,84.75,3914696.0
2015-04-20,84.66,83.92,83.61,84.97,5622609.0
2015-04-21,84.13,84.87,83.09,84.94,6520937.0
2015-04-22,86.85,84.79,83.85,87.5,18917739.0
2015-04-23,84.7,84.6,84.02,85.17,5848736.0
2015-04-26,84.77,85.33,84.4,85.94,5912394.0
2015-04-27,85.42,86.2,84.5,86.22,5736674.0
2015-04-28,85.69,87.5,85.46,87.92,7022163.0
2015-04-29,86.85,86.88,86.23,87.3,5460285.0
2015-04-30,87.69,87.37,86.76,88.28,4850216.0
2015-05-03,87.73,87.3,87.17,87.96,2754710.0
2015-05-04,87.57,87,86.7,88.22,4624078.0
2015-05-05,87.75,86.99,86.42,87.94,4465677.0
2015-05-06,86.65,86.43,85.89,86.88,3892984.0
2015-05-07,87.78,87.31,86.7,87.84,3577211.0
2015-05-10,88.4,88.77,88.09,89.44,6882968.0
2015-05-11,88.19,88.16,87.26,88.34,4066784.0
2015-05-12,88.59,88.44,88.21,89.07,3179534.0
2015-05-13,88.78,88.74,88.65,89.59,3228619.0
2015-05-14,88.5,88.43,87.6,88.56,3205183.0
2015-05-17,88.39,88.29,87.65,88.5,3074889.0
2015-05-18,87.89,87.24,86.505,87.9124,5677041.0
2015-05-19,87.63,87.93,87.13,88.13,3841669.0
2015-05-20,88.23,89.33,87.94,89.62,8155490.0
2015-05-21,89.18,88.63,88.63,89.5,3484191.0
2015-05-25,88.13,87.84,87.29,88.15,3149210.0
2015-05-26,87.99,87.92,87.65,88.82,4517219.0
2015-05-27,87.33,86.01,85.73,87.45,5899423.0
2015-05-28,85.74,85.32,85.11,86.33,4685759.0
2015-05-31,86.06,85.53,84.7,86.37,3977028.0
2015-06-01,85.21,86.17,85.07,86.68,2818045.0
2015-06-02,86.6,86.23,85.81,87.055,2841925.0
2015-06-03,85.5,85.47,85.32,86.4,3775449.0
2015-06-04,85.01,86.05,84.91,86.5,3937720.0
2015-06-07,85.8,86.15,85.78,86.48,3355944.0
2015-06-08,86.46,86.73,86.42,87.62,3985037.0
2015-06-09,87.45,88.48,87.36,88.71,4717300.0
2015-06-10,88.62,88.17,87.92,88.76,2872893.0
2015-06-11,87.95,87.85,87.5701,88.409,2212958.0
2015-06-14,87.14,87.13,86.35,87.39,2711530.0
2015-06-15,86.79,86.59,86.24,87.02,2896060.0
2015-06-16,86.89,87.25,86.32,87.55,3402971.0
2015-06-17,86.83,87.44,86.83,87.74,3373747.0
2015-06-18,87.27,87.52,87.1508,87.96,3911056.0
2015-06-21,87.97,88.27,87.71,88.32,3648659.0
2015-06-22,88.42,88.45,88.01,88.6204,2539110.0
2015-06-23,88.79,88.17,88.07,88.81,3413921.0
2015-06-24,88.22,86.72,86.66,88.3292,3239154.0
2015-06-25,86.5,86.82,85.81,86.95,4387493.0
2015-06-28,86.22,85.3,85.1,86.74,4747386.0
2015-06-29,86.09,84.82,84.8,86.25,3828477.0
2015-06-30,85.39,83.95,83.54,85.45,5296184.0
2015-07-01,84.53,84.38,83.85,84.78,2582465.0
2015-07-05,83.65,83.15,82.73,84.15,4896597.0
2015-07-06,82.99,83.99,81.85,84.12,5193399.0
2015-07-07,83.05,82.27,81.76,83.23,4325197.0
2015-07-08,83.43,81.69,81.46,83.7,4570828.0
2015-07-09,82.64,82.15,81.87,82.91,3499040.0
2015-07-12,82.87,83.64,82.6801,84.03,4229047.0
2015-07-13,83.53,84.46,83.52,84.68,3797810.0
2015-07-14,84.55,84.16,83.75,84.86,3661939.0
2015-07-15,84.75,83.76,83.41,84.89,3686230.0
2015-07-16,83.55,83.16,82.76,83.65,2931944.0
2015-07-19,83.06,82.25,82.14,83.29,4291618.0
2015-07-20,81.8,82.22,81.25,82.89,4692414.0
2015-07-21,81,79.76,79.15,81.12,10180786.0
2015-07-22,77.7,76.88,76.65,79.04,13909920.0
2015-07-23,76.91,76.1,75.85,77.09,9176103.0
2015-07-26,75.18,75.32,74.77,75.72,10269961.0
2015-07-27,75.92,77.78,75.79,78.15,15699309.0
2015-07-28,77.3,77.33,76.51,77.46,13795614.0
2015-07-29,76.98,78.35,76.68,78.37,7386382.0
2015-07-30,78.6,78.63,78.15,79.04,6203769.0
2015-08-02,78.42,77.26,76.75,78.43,6443360.0
2015-08-03,77.33,76.6,76.32,77.86,5822480.0
2015-08-04,77.5,76.88,76.72,77.922,4582193.0
2015-08-05,76.98,77.46,76.183,77.65,5609601.0
2015-08-06,77.52,77.29,76.94,78.15,7851413.0
2015-08-09,78.04,80.16,77.9,80.31,9041754.0
2015-08-10,78.73,78.04,77.2301,78.93,8692717.0
2015-08-11,77.31,78.92,76.92,79.12,9363528.0
2015-08-12,78.55,77.76,77.7,78.58,5662695.0
2015-08-13,77.66,78.49,77.601,78.73,3811693.0
2015-08-16,78.13,78.54,77.21,78.64,5226965.0
2015-08-17,78.51,78.82,78.18,79,5146551.0
2015-08-18,78.25,77.41,77.05,78.54,5862885.0
2015-08-19,77.28,76.41,76.41,77.83,7767708.0
2015-08-20,75.94,75,74.96,76.3,11805735.0
2015-08-23,71.82,72.82,70.23,74.88,15209448.0
2015-08-24,75.22,72.06,72.03,75.49,9427380.0
2015-08-25,73.82,73.87,72.53,74.08,8288537.0
2015-08-26,75.04,75.66,74.2299,76.22,8537981.0
2015-08-27,75.19,75.95,74.83,76.015,6649676.0
2015-08-30,75.32,76.44,74.9,76.77,7019955.0
2015-08-31,74.5,74.9,74.4599,75.94,9053454.0
2015-09-01,75.9,76.1,74.95,76.16,5325975.0
2015-09-02,75.95,74.45,73.775,76.005,11077200.0
2015-09-03,73,73.1,72.35,73.66,12008185.0
2015-09-07,74.58,74.3,73.56,74.62,5647966.0
2015-09-08,75,72.96,72.78,75.2,5859738.0
2015-09-09,72.89,72.42,72.03,73.31,6109227.0
2015-09-10,72.23,72.63,71.879,72.92,4414138.0
2015-09-13,72.35,72.77,72.01,72.89,4232363.0
2015-09-14,73.02,74.58,72.645,74.74,5109578.0
2015-09-15,74.85,75.64,74.58,75.87,5225986.0
2015-09-16,75.4,74.06,73.91,75.6802,7745180.0
2015-09-17,73.33,71.86,71.61,73.5,9260713.0
2015-09-20,72.3,72.16,71.91,72.839,7595084.0
2015-09-21,71.12,71.68,70.64,71.8,5717485.0
2015-09-22,71.67,70.2,70.16,71.81,4754287.0
2015-09-23,66.2,65.8,64.65,66.7,22589828.0
2015-09-24,65,64.98,64.74,65.77,12365184.0
2015-09-27,64.24,63.79,62.99,64.32,12572647.0
2015-09-28,63.65,64.31,63.6,65.385,8784449.0
2015-09-29,64.95,65.36,64.15,65.64,7850749.0
2015-09-30,65.63,64.39,63.61,66.1,7933129.0
2015-10-01,63.79,65.7,63.1,65.73,8782859.0
2015-10-04,66.69,69.18,66.515,69.48,10662042.0
2015-10-05,69.54,70.82,69.08,71.15,9664315.0
2015-10-06,71.36,70.38,69.15,72.71,8396184.0
2015-10-07,70.32,71.84,69.85,72.18,6091615.0
2015-10-08,72.34,71.3,70.86,72.49,5566130.0
2015-10-11,71.51,70.5,70.32,71.53,4643562.0
2015-10-12,69.96,70.17,69.26,71.03,4725100.0
2015-10-13,70.11,70.71,69.57,71.06,4043039.0
2015-10-14,70.47,70.83,69.76,70.915,4548062.0
2015-10-15,70.62,69.68,69.111,70.835,8310069.0
2015-10-18,69.25,69.27,68.8,69.47,5712474.0
2015-10-19,68.86,70.27,68.51,71.19,6386139.0
2015-10-20,70.59,69.67,69.58,71.9,8730617.0
2015-10-21,67.92,70.88,67.81,72.83,13909375.0
2015-10-22,71.71,71.75,70.66,72.43,7942520.0
2015-10-25,71.79,71.52,71.42,72.3,6253137.0
2015-10-26,70.18,70.39,68.34,71.08,8280976.0
2015-10-27,70.75,71.97,70.476,72.11,5487061.0
2015-10-28,71.49,71.97,71.28,72.57,4321294.0
2015-10-29,72.27,72.99,71.63,73.28,7388915.0
2015-11-01,73,74.34,72.83,74.64,5876660.0
2015-11-02,74.44,74.75,74.2,75.32,5006320.0
2015-11-03,75.34,74.55,74.3275,75.93,5478894.0
2015-11-04,74.65,74.22,73.21,75.56,6239069.0
2015-11-05,73.42,73.84,72.33,73.85,5538888.0
2015-11-08,73.43,71.89,71.48,73.605,5914928.0
2015-11-09,71.79,72.43,71.63,72.58,4374237.0
2015-11-10,72.54,71.91,71.82,72.85,4190796.0
2015-11-11,70.82,68.66,68.41,70.99,8707952.0
2015-11-12,68.7,69.63,68.5,70.13,6429766.0
2015-11-15,69.48,70.39,69.23,70.62,5167843.0
2015-11-16,70.13,69.39,69.05,70.36,4812691.0
2015-11-17,69.9,70.32,69.378,70.45,3788645.0
2015-11-18,69.5,70.02,68.6,70.11,6297672.0
2015-11-19,70.48,71.14,70.1601,71.21,6495268.0
2015-11-22,70.98,71.02,70.885,71.9,3847826.0
2015-11-23,70.78,71.4,70.44,71.7099,3847315.0
2015-11-24,71.74,71.49,70.725,71.89,3493196.0
2015-11-26,71.18,71.22,70.7,71.53,1642261.0
2015-11-29,71.33,72.65,71.15,72.79,5633054.0
2015-11-30,72.33,71.56,70.85,72.64,6580065.0
2015-12-01,71.2,71.03,70.62,72.13,5068417.0
2015-12-02,71.15,69.64,69.37,71.22,8130972.0
2015-12-03,69.36,69.98,68.8,70.03,5252120.0
2015-12-06,68.68,68.36,67.72,68.73,6806180.0
2015-12-07,66.99,66.54,66.18,67.16,6866420.0
2015-12-08,66.3,65.91,65.16,67.02,8578209.0
2015-12-09,65.98,66.38,65.91,67.09,5767300.0
2015-12-10,65.38,65.43,64.48,66.1,7572711.0
2015-12-13,65.63,66.12,64.73,66.18,7371242.0
2015-12-14,65.46,66.75,65.24,66.96,6061516.0
2015-12-15,66.22,67.72,66.14,67.88,6748072.0
2015-12-16,67.18,64.9,64.88,67.505,6800347.0
2015-12-17,64.6,65.11,64.1,65.87,13491191.0
2015-12-20,65.59,65.24,64.38,65.82,5311616.0
2015-12-21,66.25,68.41,66.11,68.79,9697228.0
2015-12-22,69.59,69.89,68.985,70.49,7586775.0
2015-12-23,69.75,69.38,69.06,69.9,2322199.0
2015-12-27,69.12,68.58,68.03,69.18,3884073.0
2015-12-28,69.22,69.19,68.62,69.57,3539891.0
2015-12-29,68.66,68.69,68.57,69.63,3158722.0
2015-12-30,68.45,67.96,67.94,69.1,4356547.0
2016-01-03,66.88,67.99,65.72,68.085,8587066.0
2016-01-04,68.38,67.28,66.42,68.44,6139406.0
2016-01-05,65.98,66.22,65.62,66.85,6639485.0
2016-01-06,65.08,63.94,63.66,65.5246,8601779.0
2016-01-07,64.33,63.29,62.93,64.53,8278652.0
2016-01-10,63.67,61.47,60.85,63.7,9669730.0
2016-01-11,62.44,61.6,60.39,62.5,8593298.0
2016-01-12,62.07,60.89,60.39,62.76,7237404.0
2016-01-13,61.24,62.27,60.38,62.97,9242046.0
2016-01-14,59.52,59.87,58.75,60.09,12674731.0
2016-01-18,60.26,59.03,58.48,60.54,8501282.0
2016-01-19,58.08,58.81,56.36,59.38,10857796.0
2016-01-20,59,59.69,58.25,60.42,8798635.0
2016-01-21,61.23,60.98,60.6,62.56,7815715.0
2016-01-24,58.96,57.91,57.76,59.35,10971851.0
2016-01-25,58.4,59.16,58.09,59.66,8142089.0
2016-01-26,58.43,58.32,57.46,59.89,11014142.0
2016-01-27,62.01,61.08,58.57,62.45,13567181.0
2016-01-28,61.69,62.24,60.76,62.29,8221189.0
2016-01-31,61.97,62.7,61.378,63.08,5955927.0
2016-02-01,61.28,60.67,60.48,61.55,6282661.0
2016-02-02,61.47,63.27,59.8,63.6,8332286.0
2016-02-03,63.6,65.96,63.6,66.99,12598422.0
2016-02-04,65.67,66.12,65.18,66.76,7463847.0
2016-02-07,65.42,64.58,63.66,65.64,6315535.0
2016-02-08,63.9,63.93,63.12,64.41,5638609.0
2016-02-09,64.27,62.14,62,64.38,5955503.0
2016-02-10,60.91,61.41,60.51,62.31,7055166.0
2016-02-11,61.99,63.15,61.82,63.47,4297524.0
2016-02-15,64.16,65.21,63.51,65.55,4819613.0
2016-02-16,66,67.26,65.72,67.79,7374266.0
2016-02-17,67.15,66.12,65.14,67.6,6175686.0
2016-02-18,64.92,65.42,64.08,65.52,4994996.0
2016-02-21,66.41,67.31,66.35,67.52,5787909.0
2016-02-22,67.11,65.78,65.7,67.24,5599519.0
2016-02-23,64.7,65.88,63.0673,65.97,6439463.0
2016-02-24,65.89,66.47,64.844,66.47,4277274.0
2016-02-25,67.39,66.87,66.45,68,4151135.0
2016-02-28,67.14,67.7,66.49,68.5779,8643346.0
2016-02-29,68.44,69.09,67.34,69.49,4451707.0
2016-03-01,68.75,69.38,68.21,69.9285,4801467.0
2016-03-02,69.62,71.75,69.39,72.08,7172846.0
2016-03-03,72.09,72.84,71.54,73.96,9521630.0
2016-03-06,72.8,74.77,72.8,75.73,10740752.0
2016-03-07,73.78,71.73,71.52,74.11,8748518.0
2016-03-08,72.33,71.87,71.26,72.7,4908030.0
2016-03-09,72.03,71.36,70.49,72.03,6352522.0
2016-03-10,72.36,72.8,72.2781,73.1,4787282.0
2016-03-13,72.73,72.73,72.1301,73.44,5060176.0
2016-03-14,71.44,72.44,70.86,72.47,4675145.0
2016-03-15,72.59,74.34,72.2,74.51,6641303.0
2016-03-16,74.2,75.9,73.52,76.3,13316197.0
2016-03-17,76.08,75.47,74.64,76.94,13750389.0
2016-03-20,75.53,75.89,75.04,76.35,4316119.0
2016-03-21,75.59,75.55,75.24,76.08,3626004.0
2016-03-22,74.97,73.68,73.57,75.12,5353010.0
2016-03-23,72.93,75.29,72.73,75.35,7036230.0
2016-03-27,75.15,75.32,74.46,75.55,3425632.0
2016-03-28,74.97,76.01,74.19,76.05,4085128.0
2016-03-29,76.94,76.51,76.01,77.25,4886950.0
2016-03-30,76.3,76.54,76.24,77.13,4348852.0
2016-03-31,75.65,76.79,74.67,76.87,4878568.0
2016-04-03,76.56,75.72,75.42,77.04,4349745.0
2016-04-04,75.32,75.24,74.6,75.85,4387106.0
2016-04-05,75.52,75.22,73.7,75.57,4929923.0
2016-04-06,74.49,74.17,73.76,74.68,4800925.0
2016-04-07,75.03,74.35,74,75.25,4911353.0
2016-04-10,74.61,74.63,74.61,75.779,3904892.0
2016-04-11,75.06,76.1,74.47,76.74,5129672.0
2016-04-12,76.87,79.13,76.56,79.16,9365890.0
2016-04-13,79.44,79.05,78.37,79.72,5372267.0
2016-04-14,79.38,79.17,78.73,79.78,5508720.0
2016-04-17,78.47,79.25,78.14,79.87,4822326.0
2016-04-18,79.99,80.39,79.4601,80.89,6283638.0
2016-04-19,80.25,79.74,79.3,80.6,5356891.0
2016-04-20,78.75,78.66,78.19,79.58,6509198.0
2016-04-21,78.93,78.32,77.2,79.18,10099640.0
2016-04-24,78.5,76.79,76.2,78.86,8079857.0
2016-04-25,77.15,77.65,76.47,77.74,6085985.0
2016-04-26,77.98,78.68,77.6,78.89,4459302.0
2016-04-27,78.03,77.75,77.595,79.17,4844652.0
2016-04-28,78.02,77.72,77.32,79,7702802.0
2016-05-01,77.35,77.84,76.62,78.07,3330226.0
2016-05-02,76.85,76.36,75.585,77.1,4790970.0
2016-05-03,76.18,74.24,73.9,76.31,6938110.0
2016-05-04,74.15,72.79,72.7,74.6,8063942.0
2016-05-05,72.16,73.36,71.6201,73.42,6942853.0
2016-05-08,72.33,70.78,70.57,72.625,9405368.0
2016-05-09,70.78,72.51,70.59,72.71,6507376.0
2016-05-10,72.85,72.43,72.36,73.61,4691944.0
2016-05-11,72.92,71.7,71.18,73.235,4526474.0
2016-05-12,71.63,70.07,70.06,71.7799,6417248.0
2016-05-15,70.39,70.7,70.1,71.7,4516123.0
2016-05-16,70.7,71.05,70.45,72.18,4841960.0
2016-05-17,70.62,70.59,70.08,71.87,5166069.0
2016-05-18,69.93,69.43,69.035,70.12,6137113.0
2016-05-19,70,69.87,69.75,70.78,5731707.0
2016-05-22,69.8,70.4,69.59,70.95,4002062.0
2016-05-23,70.78,71.09,70.25,71.25,3872777.0
2016-05-24,71.63,72.57,71.26,72.7,5042968.0
2016-05-25,73.24,72.08,72.06,73.59,4146739.0
2016-05-26,72.15,71.96,71.5,72.2,3002230.0
2016-05-30,72.03,72.51,71.95,73.17,4072720.0
2016-05-31,71.98,72.27,71.27,72.49,2697820.0
2016-06-01,72.6,73.62,72.276,73.64,4615367.0
2016-06-02,73.65,75.04,73.1,75.14,6619395.0
2016-06-05,75.36,76.42,75.11,76.53,4775207.0
2016-06-06,76.53,76.81,76.44,77.28,4235264.0
2016-06-07,77.5,78.11,77.26,78.7,5988337.0
2016-06-08,77.39,77.16,76.636,77.5,3784730.0
2016-06-09,76.32,76.03,75.3801,76.56,4879592.0
2016-06-12,75.7,75.23,75.23,76.34,4086811.0
2016-06-13,75.06,74.86,73.95,75.55,4058541.0
2016-06-14,75.19,75.07,74.34,75.95,3802122.0
2016-06-15,74.41,74.99,73.35,75.14,4064870.0
2016-06-16,75.35,75.93,75.24,76.66,5442437.0
2016-06-19,76.91,76.43,76.39,77.35,4090935.0
2016-06-20,76.45,76.49,76.01,76.9,3292183.0
2016-06-21,76.89,76.43,76.18,77.09,3056832.0
2016-06-22,77.66,78.22,77.22,78.25,3601224.0
2016-06-23,75.2,73.03,72.99,75.61,12179623.0
2016-06-26,72.5,71.38,70.53,72.71,7361743.0
2016-06-27,72.24,72.52,71.51,72.9,4743925.0
2016-06-28,73.25,74.23,72.79,74.395,4015520.0
2016-06-29,74.17,75.81,73.97,75.85,4695612.0
2016-06-30,75.38,76.45,75.38,76.99,4630126.0
2016-07-04,75.66,74.38,73.7,75.95,4776447.0
2016-07-05,74.59,74.83,73.46,74.87,3740599.0
2016-07-06,75.07,75.05,74.38,75.73,3080986.0
2016-07-07,75.92,77.37,75.78,77.43,5491582.0
2016-07-10,78,77.8,77.32,78.54,4511417.0
2016-07-11,78.72,79.8,78.3,79.94,5545855.0
2016-07-12,79.98,79.69,79.07,80.33,5162547.0
2016-07-13,80.5,80.06,79.97,81,5441807.0
2016-07-14,80.49,80.7,80.16,80.8,4642178.0
2016-07-17,79.88,79.82,78.87,79.89,4136843.0
2016-07-18,79.34,79.74,79.15,79.77,3308417.0
2016-07-19,79.45,79.69,78.93,79.86,4185581.0
2016-07-20,80.45,80.01,79.74,81.375,6492288.0
2016-07-21,79.78,79.38,78.86,79.79,4133934.0
2016-07-24,79.15,78.69,78.34,79.185,5779740.0
2016-07-25,79.04,82.75,78.74,83,11007677.0
2016-07-26,82.72,84.1,82.72,84.29,8461029.0
2016-07-27,83.7,82.92,82.45,83.7148,5065710.0
2016-07-28,82.8,82.76,82.1345,83.14,4274341.0
2016-07-31,82.76,81.95,81.53,82.88,3377228.0
2016-08-01,82,81.24,80.92,82.19,3909592.0
2016-08-02,81.15,82.03,80.93,82.3,3101745.0
2016-08-03,81.82,81.77,81.4,82.54,2407626.0
2016-08-04,82.22,82.56,82,82.9582,3286118.0
2016-08-07,83,83.44,82.8,83.79,3544927.0
2016-08-08,83.52,82.83,82.7,83.75,2314984.0
2016-08-09,83.31,82.65,82.48,83.31,2290407.0
2016-08-10,83,83.24,82.9901,83.65,2229322.0
2016-08-11,83.26,83,82.58,83.78,4342863.0
2016-08-14,83,84.15,82.9601,84.275,4056123.0
2016-08-15,84.21,84.29,83.64,84.36,3161853.0
2016-08-16,84.41,84.41,83.84,84.73,2983401.0
2016-08-17,83.41,83.38,82.51,83.61,5003153.0
2016-08-18,83.06,83.84,82.76,84.38,3824018.0
2016-08-21,83.62,83.59,83,83.78,2885100.0
2016-08-22,83.98,84.01,83.945,84.68,3178410.0
2016-08-23,83.41,83.15,82.97,84.1,2200883.0
2016-08-24,83.07,82.84,82.59,83.17,3082916.0
2016-08-25,83.21,82.66,82.28,83.9,3596899.0
2016-08-28,82.51,83.1,82.41,83.35,2253704.0
2016-08-29,82.86,82.48,82.31,83.15,3469584.0
2016-08-30,82.06,81.95,81.61,82.34,4041855.0
2016-08-31,81.59,81.45,80.57,82,4102395.0
2016-09-01,82.19,81.69,81.47,82.365,2449517.0
2016-09-05,82.01,82.08,81.48,82.23,3071162.0
2016-09-06,82.5,83.72,82.41,83.73,3997045.0
2016-09-07,83.5,83.54,83.08,83.96,3400559.0
2016-09-08,82.89,80.79,80.76,83,5311696.0
2016-09-11,80.27,81.92,80.1,82.12,4110822.0
2016-09-12,81.1,80.23,79.93,81.26,4740748.0
2016-09-13,80.38,81.02,80.23,81.6184,5325024.0
2016-09-14,80.83,82.03,80.74,82.35,3517935.0
2016-09-15,81.62,82.05,81.21,82.08,6715524.0
2016-09-18,82.18,81.88,81.35,82.35,4351560.0
2016-09-19,82.46,81.7,81.66,82.67,2775789.0
2016-09-20,82.3,83.47,82.01,83.49,4264526.0
2016-09-21,83.97,83.5,83.31,84.45,3925645.0
2016-09-22,83.51,82.44,82.39,83.58,3031693.0
2016-09-25,82.2,82.37,82.01,82.68,3340932.0
2016-09-26,82.19,82.88,81.67,82.88,4295617.0
2016-09-27,83.25,86.59,83.135,86.66,9497566.0
2016-09-28,86.28,87.47,86.28,88.85,10619176.0
2016-09-29,87.99,88.77,87.81,88.98,6379356.0
2016-10-02,88.23,88.28,88.17,89.19,4295745.0
2016-10-03,88.5,87.51,87.18,88.95,4743421.0
2016-10-04,88.12,89.42,88.04,89.87,5189603.0
2016-10-05,88.96,89.29,88.71,89.66,3787063.0
2016-10-06,89.52,88.47,87.94,89.74,3774221.0
2016-10-09,89.1,88.22,88.14,89.5,3785858.0
2016-10-10,89.1,87.47,87.26,89.32,6474019.0
2016-10-11,87.5,87.58,87.02,87.75,3950142.0
2016-10-12,86.9,86.97,86.26,87.07,5677140.0
2016-10-13,87.83,87.67,87.56,88.42,3601423.0
2016-10-16,87.38,87.29,86.9,87.72,4480043.0
2016-10-17,88.11,87.22,86.77,88.2,3715967.0
2016-10-18,87.31,88,86.86,88.28,5943991.0
2016-10-19,87.06,86.63,86.23,87.27,4575726.0
2016-10-20,85.73,86.33,85.36,86.625,3592724.0
2016-10-23,86.12,85.99,85.54,87.13,5096624.0
2016-10-24,85.86,84.48,83.88,87.65,11639439.0
2016-10-25,83.81,84.13,82.88,84.39,6581485.0
2016-10-26,84.28,83.01,82.71,84.344,5003424.0
2016-10-27,83.32,83.88,83,84.17,4974767.0
2016-10-30,84.19,83.46,83.41,84.375,4679719.0
2016-10-31,83.47,82.24,81.65,83.65,5139828.0
2016-11-01,82.15,81.11,80.33,82.15,5228678.0
2016-11-02,81.64,81.27,80.68,81.67,3859116.0
2016-11-03,81.34,82.31,80.59,82.9,5745953.0
2016-11-06,83.74,83.75,82.97,84.16,3786467.0
2016-11-07,83.77,84.68,83.06,85,3407927.0
2016-11-08,89.78,91.2,89.36,93.2,19282238.0
2016-11-09,92.04,93.45,91.84,94.95,14175371.0
2016-11-10,93.39,93.01,91.82,94.34,7344806.0
2016-11-13,93.25,94.17,93.03,95.5,7553099.0
2016-11-14,93.46,94.44,92.64,94.46,4646686.0
2016-11-15,93.77,93.35,92.835,94.3999,3298931.0
2016-11-16,93.5,92.78,92.4,93.5,3942423.0
2016-11-17,93.01,92.34,91.9,93.4,4716033.0
2016-11-20,93.13,92.9,92.78,93.85,3783623.0
2016-11-21,93.4,93.62,92.8,93.71,3173272.0
2016-11-22,94.81,96.18,94.22,96.42,6572117.0
2016-11-24,95.96,95.81,95.21,96.44,2007980.0
2016-11-27,95.51,94.9,94.47,95.86,4916276.0
2016-11-28,94,94.04,93.63,94.57,3806212.0
2016-11-29,95.75,95.56,94.35,95.895,4641933.0
2016-11-30,96,96.24,94.05,97.39,9361818.0
2016-12-01,95.36,95.14,94.93,96.15,5038587.0
2016-12-04,95.87,94.45,94.15,95.99,4980464.0
2016-12-05,94.1,95.22,94.07,95.31,3663198.0
2016-12-06,95.25,97.33,94.93,97.33,4901159.0
2016-12-07,97.26,96.27,96.13,97.4,3861745.0
2016-12-08,96.23,95.53,95.19,96.3,6550424.0
2016-12-11,96.01,95.08,94.91,96.65,3597136.0
2016-12-12,95.74,96.02,95.18,96.5,3803395.0
2016-12-13,95.77,93.74,93.61,96,5650137.0
2016-12-14,93.8,94.53,93.05,94.73,4203439.0
2016-12-15,94.35,92.58,92.53,94.48,7872913.0
2016-12-18,91.93,92.71,91,92.78,3857124.0
2016-12-19,93.64,94.34,93.3,94.83,4303015.0
2016-12-20,94.26,93.82,93.68,94.3,2829641.0
2016-12-21,93.78,94.12,93.72,94.45,2534959.0
2016-12-22,93.79,94.32,93.64,94.4,1546045.0
2016-12-26,94.34,94.55,94.1,94.8,1735510.0
2016-12-27,94.6,93.15,92.82,94.9,2700377.0
2016-12-28,93.28,93.29,93,93.85,2387383.0
2016-12-29,93.04,92.74,92.33,93.25,3472752.0
2017-01-02,94,93.99,93.25,95.19,5055085.0
2017-01-03,94.46,93.57,93.43,94.5,3772200.0
2017-01-04,93.18,93,92.42,94.46,4698950.0
2017-01-05,93.45,93.04,92.41,93.6,4023279.0
2017-01-08,92.93,92.37,92.2,93.49,3095143.0
2017-01-09,92.98,93.83,92.77,94.44,3980593.0
2017-01-10,94.47,94.65,93.39,94.75,3721103.0
2017-01-11,94.37,93.99,92.78,94.37,3103019.0
2017-01-12,94.07,94.48,93.68,94.625,2609506.0
2017-01-16,94.24,93.57,93.22,94.2899,5040701.0
2017-01-17,92.79,93.33,92.53,93.42,3426012.0
2017-01-18,93.58,93.38,92.96,93.98,3540268.0
2017-01-19,94.01,94.58,93.62,95,5045728.0
2017-01-22,94.6,94.46,93.56,94.74,3255071.0
2017-01-23,95.02,96.24,94.8,96.73,5768601.0
2017-01-24,97.82,98.15,97.32,98.59,7558367.0
2017-01-25,98.45,97.22,96.0187,98.98,9097481.0
2017-01-26,97.69,98.99,97.5,99.46,6371578.0
2017-01-29,98.4,96.79,96.57,98.59,5222348.0
2017-01-30,96.59,95.66,94.59,96.63,5724863.0
2017-01-31,95.81,95.11,94.4,96.52,3582738.0
2017-02-01,94.77,93.77,93.5,95.13,3807590.0
2017-02-02,94.32,93.28,92.81,94.449,4678160.0
2017-02-05,92.81,92.87,92.43,93.12,4621678.0
2017-02-06,94.32,93.31,93.02,94.9229,4996005.0
2017-02-07,93,92.91,92.11,93,4083618.0
2017-02-08,93.06,93.96,92.69,94.18,3994423.0
2017-02-09,94.87,96.31,94.5,96.62,5587338.0
2017-02-12,97.69,98.5,97.16,99.045,6995485.0
2017-02-13,98.29,98.09,97.26,98.74,4343641.0
2017-02-14,98.11,99.02,98,99.02,4326148.0
2017-02-15,99.05,98.26,97.8,99.07,3062528.0
2017-02-16,98.07,98.85,97.54,98.95,3632647.0
2017-02-20,98.87,98.1,97.92,99.2,3916709.0
2017-02-21,98.04,98.2,97.62,98.73,3031239.0
2017-02-22,98.44,95.55,95.12,98.5,6024838.0
2017-02-23,94.86,95.48,93.5,95.5,5018358.0
2017-02-26,95.48,97.44,95.115,97.52,5445070.0
2017-02-27,97.24,96.66,96.44,97.6,3951855.0
2017-02-28,98.2,98.58,97.43,98.97,5565332.0
2017-03-01,98.49,94.36,92.84,98.73,23059351.0
2017-03-02,94.36,95.12,94.22,95.9,8178329.0
2017-03-05,94.32,95.66,94.1,95.94,4706119.0
2017-03-06,95.65,95.93,94.76,96.23,4683289.0
2017-03-07,94.1,93.23,92.86,95.48,9370675.0
2017-03-08,92.45,91.39,90.41,93.22,9261509.0
2017-03-09,91.89,92.31,90.81,93.1,7169083.0
2017-03-12,93.33,92.64,92.26,93.53,4376544.0
2017-03-13,91.22,91.86,90.62,92,5781458.0
2017-03-14,92.37,93.36,92.06,93.79,6434717.0
2017-03-15,93.97,92.85,92.641,94.09,3718061.0
2017-03-16,92.99,92.91,92.65,93.32,7141704.0
2017-03-19,93.13,95.4,92.89,95.48,6516488.0
2017-03-20,95.38,92.43,92.09,95.39,7720189.0
2017-03-21,92,92.43,91.72,93.13,5035771.0
2017-03-22,92.45,92.23,91.96,93,2586455.0
2017-03-23,92.24,92.15,91.56,93.24,3634670.0
2017-03-26,90.9,91.51,90.34,91.97,3425760.0
2017-03-27,91.56,92.95,91.51,93.16,3866274.0
2017-03-28,92.76,92.86,92.4,93.249,2513804.0
2017-03-29,92.98,93.22,92.4,93.37,3672640.0
2017-03-30,92.63,92.76,92.02,93.24,4021048.0
2017-04-02,92.43,92.27,91,92.84,3685967.0
2017-04-03,93.89,94.13,93.06,94.78,5797748.0
2017-04-04,94.92,94.24,93.96,96.7299,6061756.0
2017-04-05,94.42,95.82,94.26,96.42,5366512.0
2017-04-06,95.87,95.52,95.42,96.62,4463905.0
2017-04-09,96.31,97.14,96.1,97.89,5168932.0
2017-04-10,97.3,97.1,95.67,97.308,4250582.0
2017-04-11,96.69,94.86,94.66,96.77,4774141.0
2017-04-12,94.6,93.1,93.09,94.86,4706127.0
2017-04-16,93.69,94.14,93.49,94.35,3719344.0
2017-04-17,93.5,94.39,93.12,94.54,3311218.0
2017-04-18,94.86,93.47,93.29,95.97,5550556.0
2017-04-19,93.28,94.66,92.98,94.96,4852867.0
2017-04-20,95.19,94.32,93.81,95.25,4128855.0
2017-04-23,95.84,96.81,95.8,97.06,6739703.0
2017-04-24,102.88,104.42,102,104.89,18373707.0
2017-04-25,103.8,104.66,103.64,105.98,9856260.0
2017-04-26,104.05,102.68,102.56,104.24,6727512.0
2017-04-27,102.83,102.26,102.23,103.53,4016157.0
2017-04-30,102.65,102,101.41,102.99,4512755.0
2017-05-01,102.27,101.51,101.25,102.71,4516471.0
2017-05-02,101.04,101.54,100.78,102.17,4278604.0
2017-05-03,101.44,99.39,98.635,101.5,7272150.0
2017-05-04,99.5,99.64,99.02,99.9869,4086859.0
2017-05-07,99.48,99.37,98.94,100.1,5094847.0
2017-05-08,99.72,99.29,99.25,100.21,9742155.0
2017-05-09,99.72,100.36,99.301,100.71,4697468.0
2017-05-10,101.9,100.99,100.15,101.9189,5220670.0
2017-05-11,100.59,100.71,100.17,100.95,4112014.0
2017-05-14,101.59,102.42,101.41,102.56,3756103.0
2017-05-15,102.75,102.34,101.27,102.8,3115883.0
2017-05-16,101,100.14,99.89,101.65,4618520.0
2017-05-17,99.14,100.22,97.74,100.67,5931747.0
2017-05-18,101.57,102.43,101.27,102.86,4636699.0
2017-05-21,102.67,102.29,101.81,103.05,4347407.0
2017-05-22,102.3,103.63,102.06,103.75,3327751.0
2017-05-23,103.33,103.95,103.15,104.91,5174813.0
2017-05-24,104.45,105.02,104.24,105.935,5220775.0
2017-05-25,105,105.66,104.62,105.71,2894259.0
2017-05-29,105.26,105.47,105.01,105.86,3212020.0
2017-05-30,105.25,105.43,103.6,105.76,4131570.0
2017-05-31,105.77,105.65,105.16,106.43,4211450.0
2017-06-01,105.67,105.95,105.18,106.76,3702944.0
2017-06-04,105.58,105.2,105.14,107.17,4319665.0
2017-06-05,104.79,104.55,104.06,105.52,3800353.0
2017-06-06,104.3,103.51,102.45,104.69,5121999.0
2017-06-07,103.8,105.01,103.61,105.39,4649443.0
2017-06-08,105.09,105.92,105.03,107.02,3881220.0
2017-06-11,105.65,106.07,104.9,106.3489,4167623.0
2017-06-12,106.18,105.75,105.505,106.66,3522890.0
2017-06-13,105.8,104.71,103.99,105.99,4100361.0
2017-06-14,103.8,106.4,103.8,106.64,5974079.0
2017-06-15,106.76,107.6,106.4,107.91,7351363.0
2017-06-18,107.95,107.49,106.67,108.04,4348576.0
2017-06-19,108.06,107.04,106.915,108.18,5314544.0
2017-06-20,106.63,103.47,103.15,106.76,6274412.0
2017-06-21,103.57,103.84,103.49,104.66,3652595.0
2017-06-22,102.5,104.11,102.3047,104.27,12090018.0
2017-06-25,104.66,104.25,103.44,105.63,2857793.0
2017-06-26,104.5,103.93,103.69,105.23,3380685.0
2017-06-27,104.85,106.45,104.76,106.63,4118484.0
2017-06-28,106.45,105.64,104.81,106.97,3550100.0
2017-06-29,106.1,107.46,105.83,108.04,4702348.0
2017-07-02,106.51,106.97,106.48,107.84,2405303.0
2017-07-04,107,107.49,106.65,107.88,3483668.0
2017-07-05,107.23,106.51,106.3,107.89,2921849.0
2017-07-06,106.61,106.92,105.85,107.58,2768004.0
2017-07-09,106.73,107.84,106.24,108.49,2951569.0
2017-07-10,107.91,108.24,107.05,108.47,2560120.0
2017-07-11,108.92,108.96,108.84,110,3611734.0
2017-07-12,108.89,108.47,107.97,109.25,3051271.0
2017-07-13,108.55,108.77,108.05,109.36,4480418.0
2017-07-16,108,108.84,107.98,109.38,2969811.0
2017-07-17,108.22,107.07,106.57,108.22,3984761.0
2017-07-18,107.3,107.85,107.14,108,2857975.0
2017-07-19,107.88,107.32,107.06,108.15,3759940.0
2017-07-20,106.71,106.59,105.11,106.95,4258315.0
2017-07-23,107.86,108.18,107.29,108.5,5956569.0
2017-07-24,113.24,114.54,111.8,114.89,14264726.0
2017-07-25,114.25,113.52,113.08,114.54,5741449.0
2017-07-26,113.72,114.37,113.25,114.39,5583516.0
2017-07-27,114.45,114.1,113.48,114.9,4704603.0
2017-07-30,114.5,113.95,113.69,114.66,4486127.0
2017-07-31,114.27,113.1,112.52,114.43,3683787.0
2017-08-01,113.15,113.09,112.09,113.58,2830816.0
2017-08-02,112.85,113.56,112.85,113.72,2443958.0
2017-08-03,113.88,114.35,113.451,114.64,2631957.0
2017-08-06,114.48,114.71,114.3,114.99,2269486.0
2017-08-07,114.59,114.41,114.19,115.25,2601354.0
2017-08-08,114.39,114.34,114.11,115.46,3170398.0
2017-08-09,113.89,113.15,112.86,114.13,3187243.0
2017-08-10,113.07,112.85,112.75,113.67,2130670.0
2017-08-13,113.46,113.71,113.27,114.37,1969116.0
2017-08-14,114,113.65,113.32,114.23,2827022.0
2017-08-15,113.81,114.12,113.63,114.505,2268635.0
2017-08-16,114,113.14,113.14,114.37,2905250.0
2017-08-17,112.99,113.92,112.69,114.64,3875961.0
2017-08-20,113.75,113.6,113.27,114.09,3137487.0
2017-08-21,114.21,115.82,114,115.86,3881183.0
2017-08-22,115,114.75,114.75,115.38,2447653.0
2017-08-23,115,114.78,114.39,115.05,1861340.0
2017-08-24,115.47,115.35,115.15,116.64,3282347.0
2017-08-27,115.76,115.07,114.6593,116.06,2011224.0
2017-08-28,114.38,116.01,114.3,116.6,4356130.0
2017-08-29,116.12,117.55,115.8775,117.69,3401323.0
2017-08-30,117.95,117.49,117.35,118.83,3354496.0
2017-08-31,117.49,118.28,117.4,118.82,2992340.0
2017-09-04,118.14,118.3,117.82,119.13,3830867.0
2017-09-05,118.75,116.98,116.98,119.185,4292795.0
2017-09-06,117.38,117.77,116.501,117.93,3270173.0
2017-09-07,117.23,117.82,117,118.85,2787061.0
2017-09-10,118.82,118.87,117.47,118.92,3527664.0
2017-09-11,119.19,120.94,119.06,121.39,5554746.0
2017-09-12,120.5,119.63,119.41,121,2532353.0
2017-09-13,119.79,120.48,119.21,120.79,2904870.0
2017-09-14,121.01,121.37,120.31,121.57,4610585.0
2017-09-17,123.62,123.83,122.85,124.43,4351314.0
2017-09-18,123.96,124.74,123.76,124.93,3050243.0
2017-09-19,124.97,124.85,124.18,125.2764,3151776.0
2017-09-20,124.52,124.79,123.821,125.04,2615582.0
2017-09-21,124.58,124.43,124.35,125.42,2616909.0
2017-09-24,124.37,124.32,123.65,124.78,3268666.0
2017-09-25,124.7,124.51,124.32,125.07,2302333.0
2017-09-26,125.21,124.52,124.34,125.42,2140739.0
2017-09-27,123.91,125.23,123.62,125.28,2067805.0
2017-09-28,125.35,124.71,124.5144,125.55,2273486.0
2017-10-01,124.4,124.72,123.95,124.8299,2502654.0
2017-10-02,124.98,125.51,124.35,125.53,2166324.0
2017-10-03,125.69,126.74,125.6,127.09,2792526.0
2017-10-04,126.8,126.4,126.01,126.91,2496655.0
2017-10-05,126.12,126.93,125.9778,126.99,2697560.0
2017-10-08,126.92,126.88,125.94,126.93,1979641.0
2017-10-09,127.52,128.19,127.27,128.29,4414972.0
2017-10-10,128.17,128.6,127.67,128.85,2178022.0
2017-10-11,128.4,129.99,128.38,130.16,3372491.0
2017-10-12,131,130.71,129.2041,131.41,3478404.0
2017-10-15,131.25,131.47,130.94,132.12,2914442.0
2017-10-16,131.14,130.54,130.3201,131.47,2380445.0
2017-10-17,130.5,131.29,130.5,131.65,2511539.0
2017-10-18,131,131.55,129.4,131.63,4837637.0
2017-10-19,131.34,131.36,130.48,131.91,3087050.0
2017-10-22,131.95,131.68,131.16,132.3438,5549633.0
2017-10-23,140.06,138.24,136.63,140.439,18886735.0
2017-10-24,137.21,136.84,134.7901,137.83,7438791.0
2017-10-25,136.88,136.94,136.85,138.24,5745529.0
2017-10-26,136.92,137.81,136.9,138.4,4065193.0
2017-10-29,137.3,136.49,136.48,137.81,3044661.0
2017-10-30,136.5,135.8,135.0801,136.62,3988421.0
2017-10-31,135.67,136.29,135.43,137.3,3629027.0
2017-11-01,136.42,136.47,135.69,136.99,2722813.0
2017-11-02,136.48,136.63,136.36,136.95,2105682.0
2017-11-05,136.8,137.71,136.8,138.45,2780971.0
2017-11-06,137.8,138.81,136.66,138.9,3222152.0
2017-11-07,138.4,137.29,137.18,138.75,1933286.0
2017-11-08,136.44,135.34,134.65,136.75,2940972.0
2017-11-09,135.09,136.48,135.07,136.89,2017756.0
2017-11-12,135.53,136.53,134.87,136.55,1894228.0
2017-11-13,138,137.54,136.47,138.12,3041337.0
2017-11-14,136.48,134.1,133.81,136.76,3746365.0
2017-11-15,135.47,136.36,135.1,137.41,2813705.0
2017-11-16,135.8,136.13,135.02,136.36,2312729.0
2017-11-19,136.44,136.91,136.25,137.81,2125208.0
2017-11-20,137.77,137.6,137.17,138,2221584.0
2017-11-21,138.22,138.01,137.2,138.42,4887859.0
2017-11-23,138.1,137.39,137.34,138.42,944717
2017-11-26,137.47,137.19,136.89,138.2698,2585480.0
2017-11-27,137.51,138.99,137.27,139,2592891.0
2017-11-28,139,138.06,137.201,139.21,3098431.0
2017-11-29,138.9,141.15,137.11,141.33,7507906.0
2017-11-30,141.6,141.52,138.375,142.4,5481746.0
2017-12-03,144.25,141.5,141.44,145.19,4922412.0
2017-12-04,141.75,140.14,139.73,142.19,3884280.0
2017-12-05,140.15,140.34,139.5,141.14,2881417.0
2017-12-06,139.775,142.89,139.1884,143,2977218.0
2017-12-07,143.87,143.86,142.93,144.32,2491156.0
2017-12-10,144.63,143.77,143.48,144.71,1913531.0
2017-12-11,143.49,143.42,143.21,144.8,3397102.0
2017-12-12,144.18,148.57,144.07,149.05,6486662.0
2017-12-13,148.85,146.28,145.88,149,4616936.0
2017-12-14,147.35,146.69,145.49,147.84,7924939.0
2017-12-17,147.75,149.77,146.8,149.81,3534961.0
2017-12-18,149.9,150.91,148.5301,151.09,3554340.0
2017-12-19,151.93,152.52,150.7,152.6,3076125.0
2017-12-20,152.69,154.64,151.81,155.1,4017568.0
2017-12-21,154.77,155.75,153.95,155.8,2486434.0
2017-12-25,156.04,156.44,155.66,156.9799,1870627.0
2017-12-26,156.94,157.52,156.31,157.69,2520591.0
2017-12-27,157.94,158.42,157.23,158.65,4064135.0
2017-12-28,158.05,157.58,157.51,158.4998,2616272.0
2018-01-01,158.3,157.04,156.03,159.39,5108404.0
2018-01-02,157.04,157.28,155.4,157.49,4146083.0
2018-01-03,157.89,159.44,157.02,159.58,4866106.0
2018-01-04,160.26,161.96,159.64,162.05,3945588.0
2018-01-07,164.11,166.03,162.55,166.43,5929402.0
2018-01-08,166.33,166.43,165.09,167.41,4522937.0
2018-01-09,165.9,165.87,164.5,167.525,5478793.0
2018-01-10,166.9,169.2,165.64,169.53,4199070.0
2018-01-11,169.99,170.3,169.2251,170.67,4127956.0
2018-01-15,172.9,169.31,167.57,173.24,8530675.0
2018-01-16,169.32,168.5,168.5,170.11,5571445.0
2018-01-17,169.33,168.83,168.091,170.7599,4669025.0
2018-01-18,169.63,170.41,168.61,170.45,5796802.0
2018-01-21,170.32,170.89,168.48,170.91,3541053.0
2018-01-22,172,169.43,169.2,172.05,5036505.0
2018-01-23,171.4,168.34,167.67,172.45,8241160.0
2018-01-24,173.1,169.37,162.46,173.1,16937425.0
2018-01-25,168.81,167.06,164.55,169,9045765.0
2018-01-28,165.58,162.58,159.42,165.88,9496931.0
2018-01-29,160.33,163.76,159.81,164.71,8694976.0
2018-01-30,164.7,162.78,161.893,165.79,7014012.0
2018-01-31,161.24,162.24,160.18,163.74,4323797.0
2018-02-01,160.77,157.49,156.53,160.8,7603021.0
2018-02-04,154.93,151.08,142.85,158.93,11390577.0
2018-02-05,148.07,156.41,146.81,156.5599,13908916.0
2018-02-06,155.36,154.34,154.28,158.09,7156496.0
2018-02-07,153.85,145.99,145.92,154.19,9102125.0
2018-02-08,148.71,149.21,142.88,150.89,9528168.0
2018-02-11,151.87,152.29,150.25,153.45,5756814.0
2018-02-12,151.25,153.97,151,155.2,5512349.0
2018-02-13,152.39,158.06,152.34,158.59,5560222.0
2018-02-14,159.8,159.98,157.48,160.3431,4914800.0
2018-02-15,160.13,156.29,156.0876,161,5991666.0
2018-02-19,155.17,155.56,154.27,158.25,5094692.0
2018-02-20,155.7,155.23,155.04,158.4,4179554.0
2018-02-21,156.41,158.86,156.2,159.78,4723270.0
2018-02-22,159.4,162.41,159.22,162.48,4451047.0
2018-02-25,163.05,163.69,161.55,164.05,6254750.0
2018-02-26,163.26,161.26,161.24,164.6,4127824.0
2018-02-27,161.5,154.63,154.17,162.34,7298688.0
2018-02-28,153.67,150.23,148.51,156.19,9435116.0
2018-03-01,149.13,146.38,145.86,149.88,9509523.0
2018-03-04,145.15,151.12,144.01,151.86,8453105.0
2018-03-05,152.64,153.75,151.67,154.98,5796281.0
2018-03-06,150,151.51,148.81,152.27,5491070.0
2018-03-07,151.73,153.59,150.29,153.97,4105205.0
2018-03-08,155.12,158.25,154.33,158.42,4576778.0
2018-03-11,158.24,154.5,153.85,159.34,4880917.0
2018-03-12,156.3,153.69,153.2,157.87,4820129.0
2018-03-13,154.8,152.54,151.31,155.2537,4874175.0
2018-03-14,153.18,154.57,151.65,155.59,5268858.0
2018-03-15,154.32,156.46,153.31,157.45,10897766.0
2018-03-18,154.24,152.15,150.82,154.83,5479335.0
2018-03-19,153,154.06,152.54,155.2,3557700.0
2018-03-20,154.16,155.8,153.21,157.28,3887447.0
2018-03-21,152.87,146.9,146.25,153.5,8225726.0
2018-03-22,147.7,144.29,143.79,148.95,6529700.0
2018-03-25,147.82,149.19,145.26,149.56,5454973.0
2018-03-26,149.9,146.99,145.79,151.12,4915390.0
2018-03-27,146.99,145.16,143.63,148.24,4934031.0
2018-03-28,146.21,147.38,145.57,148.77,4209528.0
2018-04-01,146.44,143.89,141.76,147.35,5397849.0
2018-04-02,144.8,145.06,142.38,145.649,4845810.0
2018-04-03,139.88,145.18,138.05,145.46,6188396.0
2018-04-04,146.51,148.13,146.47,148.879,4524964.0
2018-04-05,145.77,142.99,140.82,147,5707684.0
2018-04-08,144.8,143.08,142.8,146.79,4051023.0
2018-04-09,146.75,148.09,145.615,149.01,4031478.0
2018-04-10,146.68,146.79,146.32,148.35,3219107.0
2018-04-11,147.64,150.14,147.64,151.155,3958128.0
2018-04-12,151.75,150.23,148.99,152.91,3603263.0
2018-04-15,151.74,152.14,150.28,153.42,3055772.0
2018-04-16,153.34,153.31,153.01,155.54,3817378.0
2018-04-17,155.19,155.95,154.575,157.12,3087160.0
2018-04-18,155.39,155.7,153.96,156.325,4013341.0
2018-04-19,155.25,153.25,152.37,156.14,4057904.0
2018-04-22,154.65,153.99,152.18,155.74,5350517.0
2018-04-23,159.75,144.44,143.36,161.1,24122497.0
2018-04-24,143.83,145.19,142.16,147.6,9963870.0
2018-04-25,145.32,146.31,144.01,147.4,6559094.0
2018-04-26,145.67,144.72,144.16,146.6,3860761.0
2018-04-29,145.21,144.36,143.6,146.2,4764911.0
2018-04-30,143.08,144.42,140.3,144.43,5004536.0
2018-05-01,143.99,143.86,143.48,146.65,4637844.0
2018-05-02,141.69,143.78,138.15,145.15,7703593.0
2018-05-03,142.24,146.37,141.05,147.19,4678460.0
2018-05-06,148.18,149.82,148,151.46,6844715.0
2018-05-07,150.65,149.93,148.57,151.07,3853718.0
2018-05-08,150.75,152.61,150.5,153.35,4668430.0
2018-05-09,153.2,153.97,152.81,155.44,3911059.0
2018-05-10,154.25,154.86,153.77,156.74,3508201.0
2018-05-13,155.61,155.28,154.39,156.4,3564025.0
2018-05-14,153.82,152.59,151.71,154.4,4127567.0
2018-05-15,152.55,153.8,152.35,153.87,2693507.0
2018-05-16,153.7,153.69,152.76,155.25,2885986.0
2018-05-17,154.15,155.71,154.01,156.84,3889388.0
2018-05-20,159.26,158.92,158.7,161.6,5849798.0
2018-05-21,159.03,156.2,156.14,159.3548,3512532.0
2018-05-22,154.65,157.74,153.7211,158,4010103.0
2018-05-23,157.21,157.7,156.03,158.3958,2891682.0
2018-05-24,156.92,155.85,155.23,157.57,2359921.0
2018-05-28,154.26,153.62,152.64,155.7193,3795767.0
2018-05-29,154.6,155.46,153.84,155.98,2688483.0
2018-05-30,155.3,151.91,151.5,155.3099,4546160.0
2018-05-31,153.3,153.52,152.26,154.19,2755644.0
2018-06-03,154.79,152.5,152.08,154.93,2470974.0
2018-06-04,152.4,153.01,152.02,153.1,2916663.0
2018-06-05,153.65,156.51,153.01,156.54,3689296.0
2018-06-06,157.11,156.29,155.53,157.93,3149251.0
2018-06-07,156.19,155.32,155.035,156.65,3254185.0
2018-06-10,155.19,156.3,154.72,157.08,2758439.0
2018-06-11,156.45,157.49,156.39,159.19,2596846.0
2018-06-12,157.18,154.71,154.51,157.35,4189441.0
2018-06-13,155.7,153.14,152.76,157.36,3967711.0
2018-06-14,150.85,150.02,148.43,151,8852820.0
2018-06-17,148.42,148.68,147.72,149.46,3651672.0
2018-06-18,146,143.3,142.32,146.3,6792079.0
2018-06-19,144.22,143.13,141.82,144.69,4128459.0
2018-06-20,142.25,139.53,139.12,142.39,5914910.0
2018-06-21,140.9,139.94,139.77,142.5,5223900.0
2018-06-24,138.86,136.58,135.18,138.98,6078189.0
2018-06-25,136.75,135.54,135.28,137.33,4285514.0
2018-06-26,136.77,134.61,134.58,139.46,5665032.0
2018-06-27,134.18,136.03,132.68,136.72,4216263.0
2018-06-28,136.61,135.67,135.58,137.85,4120350.0
2018-07-01,133.8,136.29,133.2,136.43,3172741.0
2018-07-02,137,133.83,133.33,137.3482,1838156.0
2018-07-04,135.01,135.81,134.09,136.09,3366395.0
2018-07-05,135.11,135.41,133.32,135.864,3190310.0
2018-07-08,136.22,140.97,136.0953,141.05,5562410.0
2018-07-09,141.61,141.25,140.144,141.859,3761725.0
2018-07-10,138.13,136.76,135.84,139.39,5232517.0
2018-07-11,138.5,139.42,136.83,139.73,4251162.0
2018-07-12,139.54,140.75,139.07,141.25,2840749.0
2018-07-15,140.88,138.08,137.901,140.88,3723298.0
2018-07-16,136.98,138.95,136.53,139.33,3306125.0
2018-07-17,139,141.12,138.33,141.4999,4395097.0
2018-07-18,139.57,139.42,139.05,140.54,3576757.0
2018-07-19,138.36,136.82,136.64,138.58,5250506.0
2018-07-22,136.62,136.28,135.6,136.8,3542586.0
2018-07-23,138.9,137.97,137.36,140.6,5065381.0
2018-07-24,138,140.48,136.67,141.05,5021874.0
2018-07-25,140.75,142.58,140.07,143.55,5385754.0
2018-07-26,143.95,142.56,140.78,143.95,4583604.0
2018-07-29,145.71,139.75,139.06,146.7,13837759.0
2018-07-30,141.97,143.8,140.17,144.78,7608771.0
2018-07-31,142.97,138.54,138.11,143.0699,6364716.0
2018-08-01,137.07,138.01,135.69,138.71,4195111.0
2018-08-02,138.2,138.51,137.0746,138.6,3594179.0
2018-08-05,138.52,139.48,137.97,140.67,3125288.0
2018-08-06,140.61,142.38,140.3,143.32,4813205.0
2018-08-07,142.32,139.71,139.26,142.4,3435718.0
2018-08-08,140.1,138.52,138.25,140.9,3338523.0
2018-08-09,137.52,135.92,134.73,137.52,6268818.0
2018-08-12,135.92,135.02,134.72,136.7259,3879461.0
2018-08-13,135.6,134.92,134.67,136.4488,3538427.0
2018-08-14,133.25,132.02,129.43,133.2525,5682191.0
2018-08-15,133.72,136.26,133.65,136.55,5539608.0
2018-08-16,135.65,139.34,135.44,140.21,6611966.0
2018-08-19,139.82,138.67,138.56,140.55,3311326.0
2018-08-20,139.07,139.99,139.07,140.96,3021557.0
2018-08-21,140.32,139.63,139.36,140.7,2209770.0
2018-08-22,139.05,136.79,136.42,139.17,3905279.0
2018-08-23,137.82,138.21,136.89,138.55,2565581.0
2018-08-26,139.4,142.04,139.3,142.38,4771074.0
2018-08-27,143.42,142,141.485,143.77,3234288.0
2018-08-28,142.43,141.86,141.29,142.59,3369983.0
2018-08-29,141.03,139.06,138.45,141.47,4773390.0
2018-08-30,138.52,138.85,138.38,140.22,4552236.0
2018-09-03,137.86,138.24,136.93,139,3955893.0
2018-09-04,138.33,140.59,137.68,141.1,4579387.0
2018-09-05,140.34,141.57,140.0555,141.87,4588240.0
2018-09-06,140.73,141.32,140.05,142.14,4173620.0
2018-09-09,141.77,142.05,141.685,142.51,3069177.0
2018-09-10,140.61,142.03,140.37,142.45,2583470.0
2018-09-11,141.58,144.28,140.62,144.75,5630681.0
2018-09-12,145.05,145.54,144.52,146.46,3670789.0
2018-09-13,145.63,144.9,143.225,147.2,4699676.0
2018-09-16,144.85,146.22,144.55,148.06,3827126.0
2018-09-17,147,149.07,146.27,149.28,4496498.0
2018-09-18,149.76,152.76,149.37,153.11,6000258.0
2018-09-19,155.406,156,154.46,157.72,6774237.0
2018-09-20,156.63,156.38,154.8,157.29,5932437.0
2018-09-23,156,154,153.77,156.1,3844760.0
2018-09-24,154.12,154.09,152.81,154.5,3454805.0
2018-09-25,153.95,153.17,152.89,155.1479,2976140.0
2018-09-26,153.02,152.47,151.2,154.05,2674324.0
2018-09-27,152,152.49,150.56,152.91,3600133.0
2018-09-30,153.61,152.28,151.68,154.5,3736396.0
2018-10-01,152.29,154.82,151.5,155.38,4344136.0
2018-10-02,156,158.22,155.79,159.37,6043398.0
2018-10-03,158.03,156.75,155.2,158.55,4131427.0
2018-10-04,156.51,153.31,151.61,156.81,4955405.0
2018-10-07,151.95,153.35,150.88,153.66,3463300.0
2018-10-08,152.61,149.46,149.08,152.61,4997146.0
2018-10-09,148.7,143.72,143.72,149.17,9419334.0
2018-10-10,142.95,140.97,139.84,145.89,7608391.0
2018-10-11,144.02,142.07,139.75,144.4,5596370.0
2018-10-14,142,141.8,141.12,143.18,3741922.0
2018-10-15,143.35,143.71,141.27,143.89,3573570.0
2018-10-16,143.08,141.34,141.11,143.52,4807534.0
2018-10-17,140.16,135.8,134.47,140.8,10250284.0
2018-10-18,136.19,131.32,131.27,136.93,7055218.0
2018-10-21,132.68,128.71,128.66,133.13,7848810.0
2018-10-22,119.68,118.98,115.6201,122.5,24113759.0
2018-10-23,120,112.34,112.25,121.64,15304760.0
2018-10-24,114.83,115.63,112.5,117.09,13569132.0
2018-10-25,114.1,115.05,112.3648,116.43,10660562.0
2018-10-28,116.88,113.98,112.06,118.35,8071215.0
2018-10-29,114,117.46,113.1,117.74,8057650.0
2018-10-30,119.41,121.32,119.26,122.885,10341460.0
2018-10-31,122.59,124.7,120.94,125.23,10139180.0
2018-11-01,127.05,125.79,124.26,128.3005,7684209.0
2018-11-04,126.09,126.41,124.55,126.95,4844318.0
2018-11-05,126.4,129.33,126.31,129.5,4728360.0
2018-11-06,133.52,135.1,130.8836,135.22,7552145.0
2018-11-07,133.83,131.39,130.9,134.7,6269402.0
2018-11-08,129.59,126.91,125.73,129.6,7248481.0
2018-11-11,127.18,125,124.59,128.41,5870160.0
2018-11-12,125.5,125.96,125.2824,129.79,5820324.0
2018-11-13,127.27,125.1,123.73,129,5516485.0
2018-11-14,124.32,129.42,123.13,130.282,5815361.0
2018-11-15,128.79,129.96,128.05,131.92,5958845.0
2018-11-18,129.15,125.98,125.6,129.49,5385735.0
2018-11-19,123.85,122.27,121.23,123.97,7746450.0
2018-11-20,122.82,123.87,122.51,126.216,4759732.0
2018-11-22,121.96,122.32,121.57,124.05,3130254.0
2018-11-25,123.65,124.8,123.16,125.79,4696746.0
2018-11-26,124,124.6,122.3944,124.6,4049377.0
2018-11-27,125.3,130.77,123.84,130.78,5745246.0
2018-11-28,130.8,130.23,127.585,130.91,4999723.0
2018-11-29,130.05,135.67,129.84,135.97,8458284.0
2018-12-02,141.88,138.95,138.53,142.41,9353247.0
2018-12-03,138.08,129.32,129.04,138.08,8113709.0
2018-12-05,125.22,128.37,124.05,128.69,6530469.0
2018-12-06,129.1,123.55,122.75,129.98,6414035.0
2018-12-09,122.41,123.39,121.16,124.37,5971298.0
2018-12-10,127.18,123.24,122.25,127.98,4450215.0
2018-12-11,125.74,125.37,125.1,127.97,5544218.0
2018-12-12,126.45,125.9,125.04,129.11,4544234.0
2018-12-13,123.42,126.77,123.15,127.74,4483305.0
2018-12-16,126.8,124.47,123.68,127.65,5662405.0
2018-12-17,125.87,124.27,123.6,128.75,5377997.0
2018-12-18,125.07,122.33,120.8,128.9493,6416545.0
2018-12-19,121.74,121.55,120.755,124.54,7563607.0
2018-12-20,121.73,120.07,119.57,123.73,10034538.0
2018-12-23,118.17,116.95,116.67,119.59,2986622.0
2018-12-25,118,124.76,116.09,124.77,5093773.0
2018-12-26,121.8,126.67,120.93,126.69,4599121.0
2018-12-27,127.13,125.61,125.05,128.25,3813574.0
2018-12-30,126.6,127.07,124.5,128.11,3455402.0
2019-01-01,124.03,126.38,123,127.88,4783375.0
2019-01-02,125.31,121.51,120.4434,125.5,6166280.0
2019-01-03,124.17,128.15,123.7001,128.59,5456958.0
2019-01-06,128.59,128.23,126.7,129.6,4653843.0
2019-01-07,129.9,129.77,128.23,131.5016,4202823.0
2019-01-08,131.09,130.27,129.91,132.22,4865783.0
2019-01-09,128.61,132.96,127.25,133.12,3418701.0
2019-01-10,131.08,132.1,130.05,132.32,2908849.0
2019-01-13,130.31,131.8,129.13,132.39,4482307.0
2019-01-14,132.11,130.69,129.56,133.11,3224181.0
2019-01-15,130.76,131.66,130.2382,132.52,3637047.0
2019-01-16,130.47,134.54,129.16,135.9,6878658.0
2019-01-17,135.1,136.6,133.66,137.72,6122538.0
2019-01-21,134.93,132.24,131.17,134.94,5188810.0
2019-01-22,133.04,131.82,130.15,133.49,3123680.0
2019-01-23,131.41,132.73,131.2,132.99,3943643.0
2019-01-24,134.77,136.86,133.89,136.89,6434401.0
2019-01-27,126.99,124.37,123.15,127.8,17422967.0
2019-01-28,125.61,126.53,125.61,128.39,8550967.0
2019-01-29,127.93,130.11,126.3108,131.355,7181758.0
2019-01-30,130.32,133.16,129.04,133.34,6643347.0
2019-01-31,133.03,130.91,130.11,133.86,5646883.0
2019-02-03,130.88,130.88,130.1,131.31,4541819.0
2019-02-04,130.63,132,130.6,132.1,3610505.0
2019-02-05,131.27,130.54,130.3602,132.1,3098296.0
2019-02-06,129.29,128.78,127.36,130.44,3682130.0
2019-02-07,127.48,128.6,126.55,128.6,3135154.0
2019-02-10,128.95,128.93,128.69,130.07,2648539.0
2019-02-11,130.26,132.67,130,133.56,4505704.0
2019-02-12,134.2,133.1,132.45,134.31,3189626.0
2019-02-13,131.78,132.62,131.268,133.25,2873109.0
2019-02-14,134.1,136.2,133.68,136.25,5217673.0
2019-02-18,135.35,135.8,135,136.98,3881397.0
2019-02-19,136.39,140.31,136.34,140.69,6199238.0
2019-02-20,139.75,138.88,138.41,140.98,4051215.0
2019-02-21,138.78,138.68,137.93,139.69,3485115.0
2019-02-24,140.99,141.41,140.18,142.55,4444307.0
2019-02-25,136.53,137.98,135.27,139.03,7275695.0
2019-02-26,137.86,139.58,137.14,139.64,3441032.0
2019-02-27,138.55,137.34,137.14,139,4019070.0
2019-02-28,138.86,137.47,136.94,139.4999,3811009.0
2019-03-03,138.8,138.35,137.095,139.7704,3860025.0
2019-03-04,138.06,137.14,137,138.46,3123078.0
2019-03-05,137.54,134.83,134.73,137.6589,3886126.0
2019-03-06,134.38,132.8,131.62,134.81,4290915.0
2019-03-07,130.5,131.35,130.23,132.13,4238032.0
2019-03-10,131.91,133.11,131.595,133.4,3914839.0
2019-03-11,133.24,132.48,131.92,133.38,4208784.0
2019-03-12,133.98,133.5,132.69,134.31,4285297.0
2019-03-13,132.84,133.69,132.02,134.07,3742505.0
2019-03-14,133.87,132.67,131.9808,134.53,7050045.0
2019-03-17,132.7,134.1,132.53,134.2,4095444.0
2019-03-18,135.35,134.15,133.51,135.71,3316046.0
2019-03-19,133.83,133.01,132.06,134.15,3522095.0
2019-03-20,132.16,134.06,132.01,134.6,2635895.0
2019-03-21,132.99,129.77,129.49,133.3,5745898.0
2019-03-24,129.59,131.38,129.23,132,3200120.0
2019-03-25,132.69,131.84,131.13,133.56,2638454.0
2019-03-26,132.27,131.2,130.25,132.47,2378375.0
2019-03-27,131.9,132.37,131.16,132.8,2487313.0
2019-03-28,134,135.49,133.62,136.28,4681982.0
2019-03-31,137.69,140.25,136.32,140.37,5081558.0
2019-04-01,140.15,140.19,139.23,140.69,2529238.0
2019-04-02,139.85,139.26,138.41,140.55,4822413.0
2019-04-03,139.14,140.13,139,140.87,2989065.0
2019-04-04,141.1,140.36,139.92,141.15,2812554.0
2019-04-07,140,139.82,138.61,140.12,2497686.0
2019-04-08,138.65,136.35,136.07,138.905,3316962.0
2019-04-09,137.16,137.53,136.28,138.2099,3311046.0
2019-04-10,137.59,138.87,136.98,139.585,2763339.0
2019-04-11,141,141.2,139.81,141.92,4383180.0
2019-04-14,141.67,140.25,139.67,142.43,3030297.0
2019-04-15,140.56,142.03,139.59,142.21,2673262.0
2019-04-16,143,142.74,142.46,144.495,3469625.0
2019-04-17,142.8,143.36,142.42,144.77,4504707.0
2019-04-21,142.95,142.38,141.43,143.18,3638013.0
2019-04-22,142,142.03,141.44,143.13,5930558.0
2019-04-23,139.75,137.73,136.56,140.3,8694494.0
2019-04-24,137.05,136.13,134.09,137.46,5095019.0
2019-04-25,136.56,139.03,135.89,139.03,5119632.0
2019-04-28,139.5,139.02,138.82,140.45,3374470.0
2019-04-29,139.99,139.42,137.58,140,3862184.0
2019-04-30,139.58,138.15,137.64,139.93,3652216.0
2019-05-01,138.52,135.17,134.38,138.54,5405800.0
2019-05-02,136.12,139.06,135.8,139.2,4154976.0
2019-05-05,134.78,136.76,134.31,137.49,4866690.0
2019-05-06,135.2,133.67,132.06,136,5623135.0
2019-05-07,133.02,131.95,131.79,134.42,4140654.0
2019-05-08,130.22,131.2,128.18,131.68,5906327.0
2019-05-09,130.53,131.34,127.92,131.73,5240646.0
2019-05-12,127.51,125.3,124.08,127.52,8580932.0
2019-05-13,126.5,127.47,125.7,128.555,4019197.0
2019-05-14,125.91,127.3,124.98,127.96,2876022.0
2019-05-15,128.43,126.61,126.415,128.53,4316770.0
2019-05-16,124.38,122.76,122.315,125.53,6122581.0
2019-05-19,121.56,122.43,121.31,123.025,6312594.0
2019-05-20,123.33,124.95,122.72,125.071,5492954.0
2019-05-21,124.25,123.56,123.52,125.4393,4620576.0
2019-05-22,122.1,122.26,121.41,123.76,4964963.0
2019-05-23,123.52,122.9,122.21,124.08,3802586.0
2019-05-27,122.9,121.59,121.51,123.46,4889435.0
2019-05-28,120.5,121.48,120.26,122.825,5330141.0
2019-05-29,121.61,121.84,121.2775,122.6778,2878504.0
2019-05-30,119.79,119.81,118.74,120.7491,4711773.0
2019-06-02,119.91,120.65,119.76,121.69,4162228.0
2019-06-03,121.81,122.08,120.75,122.77,4060510.0
2019-06-04,123.4,123.12,121.96,123.64,3598766.0
2019-06-05,123.1,123.39,122.2342,123.95,3295827.0
2019-06-06,124.38,124.46,124.08,125.63,2547862.0
2019-06-09,125.47,125.74,125.24,127.28,3705309.0
2019-06-10,129,127.28,126.96,129.6,4516423.0
2019-06-11,126.75,127.1,126.08,127.52,3034837.0
2019-06-12,127.35,127.17,126.76,128.4,3495400.0
2019-06-13,126.61,127.23,125.5,127.65,2530304.0
2019-06-16,127.21,127.32,126.68,128.23,2608038.0
2019-06-17,128.4,130.33,128.21,131.35,4756337.0
2019-06-18,130.32,130.61,129.87,131.54,3847218.0
2019-06-19,132.9,133.63,131.51,133.8,3803733.0
2019-06-20,133.35,133.89,132.55,135.25,5742505.0
2019-06-23,133.64,134.37,133.55,134.95,3198167.0
2019-06-24,134.58,133.71,132.63,134.91,3751898.0
2019-06-25,134.26,135.15,134.175,135.65,3343794.0
2019-06-26,135.7,135.5,133.97,136.01,3594641.0
2019-06-27,136,136.29,136,137.27,10469535.0
2019-06-30,139.3,136.6,134.97,140.17,4846906.0
2019-07-01,136.6,135.85,135.07,136.99,3205447.0
2019-07-02,136.44,135.59,134.33,136.48,2530909.0
2019-07-04,134.43,135.49,133.22,135.59,3072294.0
2019-07-07,135.15,134.84,134.43,136.13,2742202.0
2019-07-08,134.11,134.29,133.35,134.44,2618769.0
2019-07-09,134.73,132.64,132.55,135.49,3933455.0
2019-07-10,133.2,133.96,132.59,134.01,3164562.0
2019-07-11,134.71,138.36,134.6,138.38,4149929.0
2019-07-14,138.38,139.64,138.265,139.9938,4498696.0
2019-07-15,139.41,139.09,138.16,140.62,4051722.0
2019-07-16,138.2,135.73,135.73,138.5095,3750447.0
2019-07-17,134.87,134.89,134.04,135.9302,3552291.0
2019-07-18,134.22,136.23,134.22,137.0451,4837166.0
2019-07-21,136.37,135.24,134.6,136.66,3268104.0
2019-07-22,135.93,138.1,135.53,138.225,4122195.0
2019-07-23,130.98,131.91,128.45,134.31,12664988.0
2019-07-24,131.08,134.71,131.01,134.9,4823315.0
2019-07-25,134.45,132.92,132.63,134.7254,4238058.0
2019-07-28,133.49,134.46,132.85,134.65,2715764.0
2019-07-29,133.32,132.95,131.49,133.575,3257291.0
2019-07-30,132.9,131.67,131.01,134.37,4322097.0
2019-07-31,131.64,126.79,126.42,133.19,5530212.0
2019-08-01,126.55,124.54,123.5,126.8,5968738.0
2019-08-04,122.11,121.65,120.33,122.81,5482688.0
2019-08-05,122.78,122.08,120.64,123.65,3714017.0
2019-08-06,120,120.78,118.65,121.2,5048826.0
2019-08-07,121,122.02,120.37,122.1,3734973.0
2019-08-08,121.51,119.38,118.81,121.7,3805712.0
2019-08-11,118.95,116.72,116.0702,119.03,4406157.0
2019-08-12,116.94,119.01,116.79,122,4363190.0
2019-08-13,116.58,115.21,115.04,116.9,5543187.0
2019-08-14,115.08,115.25,113.9703,115.6,4171979.0
2019-08-15,116.25,116.43,115.92,117.87,3552072.0
2019-08-18,118.22,117.36,116.71,118.49,2631426.0
2019-08-19,117.59,116.67,116.466,117.79,2481795.0
2019-08-20,118,117.68,117.54,119.32,2825253.0
2019-08-21,118.33,117.89,117.22,118.9356,2148838.0
2019-08-22,116.25,114.06,113.32,116.9,6164149.0
2019-08-25,115.06,114.42,113.84,115.67,5262993.0
2019-08-26,115.16,113.38,113.1507,115.46,3195817.0
2019-08-27,112.86,114.86,111.75,114.95,3246687.0
2019-08-28,116.62,117.77,116.49,118.13,3495064.0
2019-08-29,119.02,119,118.45,119.59,2958495.0
2019-09-02,117.9,117.03,115.4,117.9,3855588.0
2019-09-03,118.42,119.1,118.26,119.24,3747707.0
2019-09-04,120.5,122.99,120.5,124.24,5420131.0
2019-09-05,123.71,122.7,122.46,124.34,3362648.0
2019-09-08,123.39,127.25,123.2,127.39,4477240.0
2019-09-09,127.26,130.29,127.22,130.29,8542569.0
2019-09-10,130.85,133.09,129.47,133.19,7661621.0
2019-09-11,132,131.75,130.07,132.69,5665167.0
2019-09-12,132.8,133.78,131.13,133.99,3776630.0
2019-09-15,132.99,133.15,131.99,133.7999,2923662.0
2019-09-16,132.59,132.17,131.19,132.76,2944876.0
2019-09-17,131.63,131.07,129.72,132.215,3064546.0
2019-09-18,131.47,130.12,129.87,132.03,2768799.0
2019-09-19,130.01,128.16,127.87,130.99,7552782.0
2019-09-22,127.34,128.42,126.34,128.88,2879043.0
2019-09-23,128.74,125.99,125.57,129,3497988.0
2019-09-24,125.85,126.61,125.02,126.82,2418990.0
2019-09-25,126.79,126.39,125.65,126.92,2573609.0
2019-09-26,127,126.59,125.66,127.38,2243076.0
2019-09-29,126.34,126.31,125.88,127.095,2843700.0
2019-09-30,127.4,122.37,122.3,128.5,3772772.0
2019-10-01,121.15,119.96,119.34,121.85,4353769.0
2019-10-02,119.34,120.04,117.25,120.06,3226177.0
2019-10-03,119.72,121.04,119.35,121.15,2523452.0
2019-10-06,120.85,120.25,119.75,121.7,2416421.0
2019-10-07,118.79,117.97,117.69,119.2,3612067.0
2019-10-08,119.49,119.44,118,120.06,2677469.0
2019-10-09,120.04,122.69,119.76,123.03,3320860.0
2019-10-10,125.61,128.4,125.4,130.38,6863476.0
2019-10-13,126.81,128.38,126.01,128.56,2983968.0
2019-10-14,127.99,131.03,127.65,131.68,3353173.0
2019-10-15,131,130.19,130.11,132.81,3096095.0
2019-10-16,130.97,132.07,130.18,132.86,3476340.0
2019-10-17,130.15,130.71,129.99,132.03,4607895.0
2019-10-20,131.95,132.23,131.5,133.45,4332418.0
2019-10-21,132.59,133.69,130.94,134.26,4787753.0
2019-10-22,134.23,135.34,130.7,135.99,11463889.0
2019-10-23,135.09,133.85,132.3834,135.29,4026791.0
2019-10-24,135,139.73,134.85,139.98,8414823.0
2019-10-27,139.97,140.06,138.87,141.63,6324930.0
2019-10-28,139.38,141.33,138.7701,141.45,4495057.0
2019-10-29,141,140.34,139.61,141,4016573.0
2019-10-30,139.37,137.8,136.3909,140.34,4082367.0
2019-10-31,139.37,144.49,139.23,144.61,6270316.0
2019-11-03,145.35,146.92,145.02,147,5606632.0
2019-11-04,146.86,146.37,145.665,148,4597171.0
2019-11-05,146.47,145.49,144.66,146.47,3806298.0
2019-11-06,147.39,147.01,146.7508,148.405,3925586.0
2019-11-07,146.66,148.16,145.8,148.18,2824978.0
2019-11-10,146.74,148,146.61,148.15,2254116.0
2019-11-11,148.11,146.34,146.02,148.4699,2885391.0
2019-11-12,144.36,144.49,143.69,145.86,3300507.0
2019-11-13,144.21,143.44,143.21,145.34,2614206.0
2019-11-14,144.56,145.31,144.51,145.88,2947331.0
2019-11-17,144.24,143.59,143.02,144.78,2696001.0
2019-11-18,144.35,143.18,142.76,144.76,2130151.0
2019-11-19,142.45,141.52,140.1018,142.7,3572030.0
2019-11-20,141.55,143.36,140.95,143.94,3329679.0
2019-11-21,143.92,143.88,143.03,144.46,2292153.0
2019-11-24,144.75,146.42,143.8,146.57,3123337.0
2019-11-25,146.4,146.09,145.49,146.65,2498222.0
2019-11-26,145.02,145.69,143.7,145.72,2708372.0
2019-11-28,144.19,144.73,143.79,145.46,1687017.0
2019-12-01,145.2,142.96,142.84,146.04,2937657.0
2019-12-02,140.05,140.06,138.5604,140.43,4022275.0
2019-12-03,140.98,140.12,140,142.28,2526897.0
2019-12-04,140.58,141.05,139.53,141.12,2312113.0
2019-12-05,142.91,142.72,142.17,143.42,2303912.0
2019-12-08,142.97,142.83,142.37,143.28,1633521.0
2019-12-09,142.69,142.87,141.75,143.59,1911217.0
2019-12-10,143.77,144,143.29,144.62,2307576.0
2019-12-11,143.54,146.78,143,147.4,3743973.0
2019-12-12,146.8,145.53,145.15,148.3999,3351733.0
2019-12-15,147.71,145.36,145.23,148.3,2474583.0
2019-12-16,145.5,146.37,145.46,146.99,2897455.0
2019-12-17,146.5,147.12,145.6,147.3,2657911.0
2019-12-18,146.98,145.02,144.3,146.98,3604571.0
2019-12-19,147.38,147.57,145.24,147.77,7706140.0
2019-12-22,147.68,148.5,146.78,148.53,2373525.0
2019-12-23,148.7,147.48,147.29,148.8,990245
2019-12-25,147.9,148.22,146.99,148.23,1591119.0
2019-12-26,148.64,148.28,147.99,148.9299,1570037.0
2019-12-29,148.42,147.52,147.01,148.47,1820474.0
2019-12-30,147.43,147.68,146.79,148.23,1970235.0
