date,c_open,c_high,c_low,p_price,p_volume,p_5_SMA,vol_5_SMA,p_10_SMA,vol_10_SMA,p_20_SMA,vol_20_SMA,p_30_SMA,vol_30_SMA
2021-01-03,0.03820574501202767,0.04414886090278758,-0.010188198669874082,,,,,,,,,,
2021-01-04,-0.02430555555555558,0.015416666666666634,-0.02430555555555558,-0.018472222222222223,0.446634229640821,,,,,,,,
2021-01-05,0.0013770311209031494,0.025750481960892246,-0.01239328008813012,-0.00853759294960077,-0.3767177574890641,,,,,,,,
2021-01-06,-0.0013696753869334444,0.020271195726612623,-0.011231338172853156,-0.005341734009039811,0.9359206204812895,,,,,,,,
2021-01-07,-0.00340321263272525,0.00816771031854091,-0.011025047644976804,-0.006125782738905405,-0.39855480711425484,,,,,,,,
2021-01-10,0.0033222591362127574,0.02436323366555926,-0.009828349944628889,0.016888150609080776,-0.027741828254374212,0.0015503875968994052,-0.11692439946967981,,,,,,
2021-01-11,-0.013220662396074667,0.0029985007496251548,-0.022488755622188994,-0.015401390213984012,0.24840540439627268,-0.00959520239880074,0.09726174410727717,,,,,,
2021-01-12,0.001909438079650938,0.015002727768685276,-0.0036824877250408727,0.0006819421713040175,-0.14166664377496907,-0.005182760501909356,-0.037730828432220975,,,,,,
2021-01-13,0.006682121914632466,0.02495567980362745,-0.001090958679940024,-0.00013636983499254463,0.024892686946190512,-0.0034092458748125054,-0.05744697224219064,,,,,,
2021-01-14,0.018443481905826564,0.0190023752969124,-0.010339527735084508,0.024591309207768752,0.1862123935279938,0.021992454939220307,0.20295435987663368,,,,,,
2021-01-18,-0.07407891298667368,0.019074993467467882,-0.0804807943558925,-0.06493336817350426,-0.7126514674360007,-0.049307551607003064,-0.6696533486534788,-0.05201201985889725,-0.6695432297762723,,,,
2021-01-19,0.03797640037976402,0.04500339075003401,-0.0008137800081378099,0.03811203038112043,0.9284643341061789,-0.0014105520141055594,-0.12162407996468994,-0.007920792079207817,-0.2435649268953043,,,,
2021-01-20,-0.011261563212226933,0.002010993430754615,-0.02066228716986196,-0.011529695669660778,0.8641368251042281,-0.011958707601555152,0.794651948898726,-0.017039817669928792,0.5015608783972982,,,,
2021-01-21,0.01687880464858882,0.02850027670171551,-0.003597122302158362,0.03195904814609851,-0.3541323781060237,0.023132263420033272,0.1260579939632327,0.017100166021029484,-0.06399563730674618,,,,
2021-01-24,0.03583297211385639,0.04016760583730683,-0.011992486634879285,0.044357751769975584,-0.2516144237043757,0.06548186678225698,-0.1260540583204658,0.06116168183788506,-0.2627055062159064,,,,
2021-01-25,0.017030567685589526,0.02183406113537112,-0.017030567685589526,0.007423580786026118,0.4250565557097503,0.06652110625909757,0.38812567724274283,0.06285298398835537,0.10306945421363811,,,,
2021-01-26,-0.013426736719206134,0.02189141856392296,-0.031523642732048995,0.0026269702276708884,-0.10348243549990044,0.04643899591360201,-0.020213599603180032,0.06047869235259817,-0.0045289521234799235,,,,
2021-01-27,0.01185313674472388,0.019947961838681527,-0.01647875108412833,-0.009540329575021822,0.2604685821697099,0.02139346631974548,0.19688220551378444,0.04335067938710613,0.29690198711063354,,,,
2021-01-28,0.03265613243039889,0.03671933784800596,-0.008577878103837588,0.0410835214446954,-0.23883806300229737,0.04707298720842723,-0.05524112999708397,0.0799849510910462,-0.011137409760205386,,,,
2021-01-31,-0.002516281823564226,0.009325044404973282,-0.019390171699230296,-0.01642984014209592,0.2395540917152268,0.012611012433392244,0.19157461363060557,0.052057430432208784,0.25971387551727054,,,,
2021-02-01,-0.021028701335606526,0.022165387894288235,-0.02486501847115663,-0.040068201193520836,-0.2781684828279263,-0.032651321398124655,-0.2148643891269899,0.004205740267121616,-0.0732763232130006,0.01758312020460373,-0.22175873051288086,,
2021-02-02,-0.008118701007838736,0.006578947368421018,-0.011618141097424428,-0.014837625979843283,1.8571984689945267,-0.04230123180291179,1.3749437629815415,-0.019316909294512463,1.3890506111394147,0.0022816349384098267,1.262424091999669,,
2021-02-03,-0.03758997600639824,0.009197547320714428,-0.041855505198613696,-0.04772060783790988,-0.594980111693379,-0.08021860837110129,-0.15577794371452258,-0.0691682218075177,-0.1062425332873852,-0.045921087709943964,-0.0925467085090631,,
2021-02-04,0.011030400860909229,0.01466236211998928,-0.009147161689534666,0.009147161689534444,0.36872721268674,-0.05609362389023431,0.21350949728869595,-0.06007532956685491,0.27621680390551373,-0.03557976863061607,0.2465350972902407,,
2021-02-07,-0.018196098965833185,0.00484356591176871,-0.027097787668543094,-0.026835973294933813,0.4220215734089061,-0.060767116114675,0.6069796403699554,-0.08260243487367436,0.77213993057844,-0.060590391412488565,0.7967213553680881,,
2021-02-08,-0.01547987616099078,0.010414086687306368,-0.028417182662538676,-0.014576883384932904,-0.21035820461834365,-0.051676986584107465,0.1701016564713842,-0.08671310629514939,0.2832585582909224,-0.07239422084623315,0.3965686061917637,,
2021-02-09,-0.022730126836619347,0.014818535727740834,-0.036795177696847814,-0.026497551174180622,-0.37038203853322926,-0.058872284314956835,-0.3613228010402135,-0.0998367449453722,-0.21525751224578737,-0.09365816903177193,-0.12915719355324262,,
2021-02-10,-0.010735439289239923,0.025172754195458946,-0.02060710760118467,-0.017398815399802703,-0.1586397442075379,-0.055034550839092256,-0.3603209237383974,-0.10178923988153987,-0.3364925256978495,-0.10556515301085878,-0.2521588088902469,,
2021-02-11,-0.037305453249376286,0.0004752287038136682,-0.03920636806463107,-0.03718664607342281,-0.1610198546541114,-0.07587026256385909,-0.4321395451598392,-0.12110015444932876,-0.41326669739379196,-0.13424022810977776,-0.35693946748269434,,
2021-02-15,0.0,0.02011528055522871,-0.014115986354546584,-0.009881190448182586,0.1755422828531954,-0.06187507352076249,-0.21467926390126435,-0.10894012469121295,-0.27585794067049185,-0.13641924479472978,-0.21545809893840406,,
2021-02-16,-0.003181711053499847,0.007306151308036801,-0.020150836672165884,0.00176761725194452,0.611727875455802,-0.039901013433891186,0.45508444092239553,-0.08680179118548215,0.22018753389414258,-0.12697383926467098,0.304048261607089,-0.13296802576793132,0.18375191648361544
2021-02-17,0.004026050917702806,0.004026050917702806,-0.013025458851391503,0.004854943753700436,0.2300313425410705,-0.017856719952634825,0.8286547862227578,-0.06522202486678541,0.4396562315058232,-0.11780935464772035,0.48998970221778526,-0.12315768699427654,0.4523398350483203
2021-02-18,-0.036780565330911674,0.006811215802020598,-0.03791576796458174,-0.041321375865592036,-0.2722118561853366,-0.0474968781927575,0.2369809251299706,-0.08907935066409378,0.07361993450190307,-0.1481779997729593,0.05454173399142004,-0.1546789268551102,0.05876054073389381
2021-02-21,-0.010804727068092213,0.02847495779403486,-0.018570624648283518,-0.008553742262239594,-0.33625456900788653,-0.03977490151941476,-0.23511151688349452,-0.08216094541361862,-0.29791341858893194,-0.14786719189645448,-0.2904525230037138,-0.15610579628587484,-0.29908280794489306
2021-02-22,-0.012066865936012472,0.0014391674969556068,-0.04594265471050585,-0.016384368426879292,-0.26072118863841853,-0.04514557732757685,-0.45313112026688496,-0.08113583527067425,-0.44856879372979885,-0.15265692460976388,-0.46548106814153634,-0.16408723569135375,-0.46633199766513733
2021-02-23,-0.006630566913471081,0.026245994032489728,-0.01182451099569004,-0.0017681511769256364,0.7999058003183299,-0.03507569897226237,0.08943317777753723,-0.06735550889601061,0.11994315536450961,-0.1424853574980658,-0.012853582655709128,-0.15935094117213677,-0.006827191105047592
2021-02-24,0.044141252006420384,0.04540243063517546,-0.017885806007796434,0.037491401054803974,-0.15237883423524234,0.014010548039440351,-0.04108238877364123,-0.017518917679431367,-0.02238208006774345,-0.09784453107085522,-0.15951454154374978,-0.12085913016892147,-0.15377840702535606
2021-02-25,-0.00045014629754680513,0.024420436641908738,-0.04062570335358995,-0.01845599819941479,0.2908323378713238,0.0015304974116585601,0.35530976474188725,-0.0271100607697502,0.27532868016546064,-0.10397254107584952,0.0938586279407263,-0.13188911396203773,0.11068009306335758
2021-02-28,-0.018953262976523888,0.01496877019168652,-0.022291621796252326,-0.043075597673917776,0.14326804479301924,-0.03995261684255891,0.557178187872801,-0.06059659702778375,0.41515863742828407,-0.1319728623734654,0.2572988205805178,-0.16370521932658488,0.27504401829716474
2021-03-01,0.016782599094623096,0.02451142762504155,-0.008060064038864834,0.025284310478083327,0.137539255588224,-0.006823451473998321,0.6201776419684928,-0.02724964116153239,0.5103968056286672,-0.09544551175886051,0.4117249861979535,-0.1353722719075483,0.45184786506948105
2021-03-02,-0.02833787465940052,0.03138964577656678,-0.03204359673024526,-0.012861035422343403,-0.29947251099445094,-0.01907356948228911,-0.08374742407496949,-0.033700272479563864,0.0011038342428220105,-0.0945395095367848,-0.018621365643204157,-0.13958946412352402,0.018865077172219635
2021-03-03,0.007241606319947191,0.028417818740399392,-0.026700680272108812,0.006692999780557374,-0.1325545753203553,-0.009743252139565728,-0.20464702014428593,-0.01967303050252356,-0.1132175713323178,-0.07675554092604786,-0.15652883142919294,-0.12826786628629938,-0.15231571333774196
2021-03-04,0.022046542701258165,0.024050773855917917,-0.037969045763277975,0.014809041309431059,0.0887389744356406,0.013651041086738314,-0.13844948966417048,0.00229373121033305,0.013836454694953648,-0.05211557732991878,-0.0467504654860762,-0.10889655940318455,-0.0775211677244867
2021-03-07,0.02348993288590595,0.027181208053691286,-0.007158836689038051,0.004586129753914925,0.7188845086873996,0.02042505592841115,0.5288935611038108,0.008814317673378147,0.7716393634107168,-0.039496644295302086,0.6416818513651628,-0.09913497390007464,0.6090724874677569
2021-03-08,0.033004813201925165,0.03529681411872554,-0.00022920009168014843,0.024524409809763892,-0.15780117861107656,0.03752005500802147,0.23817633520914905,0.034185193674077574,0.39495123387230446,-0.007311482924593271,0.3737915940958285,-0.07050194820077949,0.33908176349965147
2021-03-09,-0.0015878416695020992,0.013723488714982413,-0.007712373823296037,-0.010320970851763644,0.031182415022986465,0.01930361801066094,0.2854990281965031,0.020029488488148006,0.28862376191422956,-0.011392763978677611,0.4312489602311229,-0.07327133189671475,0.3543764294708709
2021-03-10,0.005857175039423179,0.005857175039423179,-0.01115116017120965,-0.006870916873169652,0.6525325776377473,0.004235188105428778,0.9888818203077265,0.010407749493128948,1.0625129392753,-0.012187429601261512,1.3705057444096043,-0.07232860253810902,1.22269103958154
2021-03-11,0.005006827492034516,0.013313609467455745,-0.012744651797906181,0.010241238051889034,-0.4200074961753464,0.009148839326353908,-0.04201154177659361,0.022530723714155654,0.09533370376690109,0.0031349567592169336,0.33266193464521265,-0.05514337733272612,0.26283917722264616
2021-03-14,-0.023735581188997323,0.002218278615794267,-0.026730257320319417,-0.0252883762200532,-0.04027707665190183,-0.020652173913043748,-0.16328011204743165,-0.004414374445430469,0.029042707352599395,-0.018439440993788914,0.24574081193331287,-0.07212363206151995,0.20921758395703738
2021-03-15,0.025110782865583436,0.02522440631746381,-0.019770480627201548,0.02442904215430053,0.15960754504656816,0.004999431882739991,0.01691635580634787,0.016838995568685178,0.1894114528245232,0.008942165662992663,0.39027556786673645,-0.040476461008218556,0.38793252414972157
2021-03-16,0.005075556580920404,0.012112123659014928,-0.011766062983042946,0.015226669742761656,0.06633448368565031,0.02203252970354086,0.06306134481608772,0.029369016034144657,0.2626100305645265,0.02603529818894912,0.43397061351738975,-0.018002845387779853,0.470003765278898
2021-03-17,-0.01740812379110257,0.023324610308339988,-0.035612697690294626,-0.013653430424394153,-0.5898363350949368,0.004710433496415423,-0.5752442101108499,0.00955740129707583,-0.506879127057406,0.013067470702013972,-0.41724736717814215,-0.025224712709067787,-0.40926335727517626
2021-03-18,0.03282947567312222,0.03637222484648084,-0.003660840812470534,0.0379074161549362,0.45495552410360496,0.04069437883797766,-0.173158503026399,0.0439891355692017,-0.2473544958061452,0.05350141709966927,-0.11003066852073273,0.018201857975122193,-0.10518345511113902
2021-03-21,0.0047460844803037805,0.019696250593260523,-0.007356430944470915,0.0047460844803037805,0.49441384040176106,0.03803986710963403,0.32285671802897964,0.04285714285714293,0.12278031510930765,0.056478405315614655,0.34175195753541154,0.026854928017718827,0.33841856074735266
2021-03-22,0.02682508574228315,0.02682508574228315,-0.006246937775600259,0.032337089661930385,-0.04035258708029932,0.057202351788338435,0.2497527367811938,0.07030867221950032,0.08889794072397561,0.08784296913277823,0.2445758853188451,0.06411889596602993,0.28230848456481095
2021-03-23,0.007480073574494206,0.02881912936848563,-0.0002452483139178119,0.001103617412630431,0.3128552565820306,0.04274678111587926,0.6636917969071572,0.06459840588595966,0.42906633271170525,0.08371551195585569,0.5379604115580048,0.06743919885550831,0.6957746141076524
2021-03-24,-0.040921021235981736,0.005845860176568962,-0.0557146265807682,-0.027081842042471882,-0.3054057509943531,0.0022429014554994353,0.13842232609739025,0.027869243617275163,-0.02668810405206201,0.049033643521832815,0.04061406763131892,0.04013361966117901,0.17334407303719002
2021-03-25,0.0011899095668728155,0.02748691099476419,-0.018800571156592283,-0.002617801047120616,-0.3122318536843517,-0.010066634935745555,-0.34120507954084833,0.019276534983341254,-0.298754980496057,0.0442646358876726,-0.3005213437886979,0.039072663810884034,-0.20032694948338892
2021-03-28,0.020305810397553525,0.026911314984709556,-0.004036697247706389,0.028012232415902227,1.0547050170390486,0.016097859327216524,0.3949530567213255,0.043131498470948104,0.5154403175192976,0.0705688073394497,0.45939667261357875,0.06940265035677928,0.6377295944986396
2021-03-29,-0.018804647263145235,0.00682716492993185,-0.03197987782968026,-0.020840819259791532,0.16358978914949063,-0.011139058569889171,0.5680774697938877,0.01131872080488705,0.7210257492300403,0.04160378488441774,0.6743256929637529,0.04614923942987237,0.842004585208876
2021-03-30,-0.007442409923213322,0.0067336089781451225,-0.011458948611931419,-0.013703484937980015,-0.32053056888058984,-0.02031896042528125,-0.002415005956022065,-0.007879503839338331,0.1443507332346028,0.02314825753101024,0.12265101835903547,0.031214806064185918,0.21503135966324338
2021-03-31,-0.02918133303054382,0.000908368343363275,-0.03519927330532524,-0.03883274667877812,-0.018647099216706264,-0.05132281140002315,0.022936726832560206,-0.04872260701714526,0.13557669855559396,-0.020614284092198898,0.08217571211994823,-0.00890957950115423,0.18903838074875723
2021-04-04,0.019645916619074777,0.0215876641918904,-0.005197030268418001,0.005939463163906256,0.20270824687118338,-0.03597944031981781,0.20709556642875837,-0.0428669331810394,0.2351229588253141,-0.016550542547115632,0.26655139369564007,-0.001644774414619965,0.4349093540221054
2021-04-05,-0.014730687057236014,0.005285055661756521,-0.016361182952884468,-0.015517823006859444,-0.07549460725359936,-0.04304509164511483,-0.05365542521430733,-0.054492297312493165,0.07489218075100501,-0.03308219948273894,0.13638266351008,-0.017339480490273118,0.31262396857904373
2021-04-06,0.025380710659898442,0.025380710659898442,-0.0011536686663591311,0.025957544993078008,0.40388059379450225,-0.0016382095062303925,0.36710257010930225,-0.024584679280110766,0.4996309590594967,-0.008254499307798757,0.5995664982646061,0.00819873865559173,0.7948616822122627
2021-04-07,-0.003908045977011554,0.0012643678160919603,-0.014022988505747125,-0.0036781609195400966,-0.0018798091270733064,0.002022988505746559,0.35637473733436287,-0.022379310344827652,0.44084192989634885,-0.012235632183907774,0.5682785286417071,0.0030919540229887854,0.6968991097314223
2021-04-08,0.01372093023255827,0.015813953488372112,-0.010000000000000009,0.011627906976744207,-0.11060489145008678,0.019139534883720444,0.11225475709665234,-0.0046744186046511205,0.2648825844018674,-0.0014302325581392328,0.37185261346161225,0.013403100775194021,0.47568063741720357
2021-04-11,0.01036757775683328,0.012959472196041544,-0.010014137606031981,0.013195098963242335,0.08591952635469169,0.027709707822808127,0.12404559653234593,0.011027332704995452,0.3171610995762004,0.01010838831291272,0.4997034145399304,0.02629594721960471,0.5577259181396892
2021-04-12,0.01729768960928979,0.017479133905890842,-0.009072214830047165,0.02673279303253895,-0.5583009999425792,0.04872384178057265,-0.5256981141361858,0.039071005201403164,-0.48000236245662675,0.0352969638321039,-0.3492453919791316,0.05212693036571148,-0.3249275157838899
2021-04-13,0.01218769043266299,0.03168799512492404,-0.003656307129798919,0.007556368068251107,0.27416702063969334,0.04138939670932307,-0.29315772926582095,0.04804387568555768,-0.2757281671109446,0.03855575868372996,-0.15192658878145204,0.05593743652244609,-0.12824062305941952
2021-04-14,0.02909657320872272,0.034641744548286724,-0.0008722741433020431,0.02242990654205612,0.02085546456705001,0.0532087227414324,-0.18501513637677003,0.06975700934579443,-0.21618600009987066,0.05813707165109072,-0.12264073757453486,0.07608307372793388,-0.10373281446126836
2021-04-15,-0.004444993209038128,0.009013458451660794,-0.00592665761205069,-0.009136930485244998,0.18695361215651363,0.02691690332139718,0.07301344943001142,0.054549944437584985,-0.051658800184601006,0.044493147302136604,0.056826818008426594,0.06151788286619797,0.05645580914835491
2021-04-18,-0.007354743809757203,0.010541799460652035,-0.013974013238538863,-0.007232164746261427,-0.3428743676705376,0.007207648933561739,-0.2607957730631312,0.03824466781073799,-0.3785414111716088,0.03271022309389582,-0.34301716194425247,0.049693552341260494,-0.3194282436720449
2021-04-19,0.032377310388782554,0.03645634161886546,-0.009177820267686432,0.03989802421924793,0.20707325805530008,0.03898024219247875,0.02550436161744507,0.07205863607393259,-0.1968246524910583,0.07193753983428963,-0.2049772144716735,0.08807733163373732,-0.17768550519473614
2021-04-20,-0.0394931102362206,0.0006151574803148208,-0.047244094488189003,-0.03481791338582674,-0.03747653293047715,-0.007578740157480834,-0.056171133435285125,0.021838090551181244,-0.20113365187438748,0.03102854330708693,-0.22423255817551324,0.04570209973753303,-0.1984935952723702
2021-04-21,0.006668313163743944,0.01122128920721166,-0.013336626327488221,0.003704618424302364,-0.27341342014212844,-0.005803902198074251,-0.3033431765094682,0.018955297604346777,-0.38336333684795054,0.03462583353914561,-0.4284669093925707,0.04711451387173793,-0.4124610694327978
2021-04-22,0.00012227928588903758,0.004768892149669801,-0.007825874296894075,-0.009782342871117566,1.682301045717443,-0.01374419173392094,1.0518780777733974,0.0016263145023234227,0.8242340664335479,0.02415627292736633,0.6089952579770537,0.033940653786582065,0.6158281756013335
2021-04-25,-0.0025417574437183177,0.008109416606148612,-0.006899055918663799,-0.010167029774872938,0.2741758885574279,-0.02185911401597762,1.4901068209016288,-0.013664972161704037,1.311412990236097,0.012509077705156413,1.0071921143469633,0.020604373436617474,1.0631257231364608
2021-04-26,0.009115216334467657,0.013247447739426432,-0.002673796791443861,0.004132231404958775,0.11570077013830771,-0.015289256198347756,1.3575602035556877,-0.012335926105979445,1.546165221295551,0.01583009236752586,1.1221870449170552,0.02269081186193489,1.2655451601231165
2021-04-27,-0.00024265954865321238,0.013103615627275023,-0.002426595486532457,-0.0016986168405727087,0.026264507998231768,-0.007668041737443065,1.077373791137612,-0.014486775054598278,1.3805078706646463,0.014426110167435446,1.1428181972142006,0.01776672328722828,1.2806871976240277
2021-04-28,0.004963079530323267,0.015373441471976612,-0.009805108340394608,-0.0022999636847839122,0.08733334130504966,-0.007190412782956623,0.8579291872436596,-0.016305532017915403,1.4111261643688193,0.0114453455998067,1.3035676619354533,0.01317031836339444,1.4424384683144207
2021-04-29,0.0017098192476794338,0.011297020029311433,-0.0039081582804102455,0.008915486077186285,-0.11985223696812153,0.00564240351734191,0.06226380542429255,-0.004653150952613427,0.9635713609143628,0.01921714704445554,0.9668795057726511,0.020542256961407324,1.1182354736520832
2021-05-02,0.005964698721850237,0.00998174071819835,-0.0073037127206331265,-0.0032866707242850124,-0.0015111264302107852,0.00258064516128953,-0.018466217181864808,-0.006841144248326159,0.8530160528284756,0.012099817407182245,0.9073973211658584,0.01474944207750073,1.000284781128364
2021-05-03,0.03065085771947529,0.03544399596367298,-0.01034308779011106,0.036200807265388546,-0.4046317707238456,0.03768920282542809,-0.42683426429222104,0.029830978809283648,-0.025178120964593487,0.04533299697275517,0.11268469023093797,0.0504204507231758,0.150176577708373
2021-05-04,0.010410054589310658,0.012441284753078596,-0.000888663196648376,0.006474546147010374,-0.0026469586183399674,0.0367906563412459,-0.3453431124788936,0.03755236765265968,-0.08331143134193686,0.04597562523803522,0.10276804355937941,0.05510558165122137,0.13995018908927226
2021-05-05,0.05151757188498385,0.05923855165069214,-0.0027955271565496265,0.04858892438764628,-0.6021975774322609,0.07744941427049956,-0.7051587417819212,0.0846246006389777,-0.659738103736815,0.09153354632587885,-0.557531950162562,0.10509850905218365,-0.550023175855012
2021-05-06,-0.0700350175087543,0.0051275637818910536,-0.07441220610305144,-0.06053026513256621,0.333778078541783,-0.006503251625813777,-0.3953666598685762,0.011643321660830486,-0.5306007437287614,0.018034017008504488,-0.3646790252862482,0.035526096381524486,-0.3723967837968837
2021-05-09,-0.011437515049361968,0.027450036118468635,-0.030459908499879673,-0.03732241752949683,-0.22413650053621537,-0.04820611606067993,-0.42452832951239716,-0.028304839874789267,-0.5923014879174935,-0.02359739947026218,-0.487059279095305,-0.004671321935949657,-0.5062207323782063
2021-05-10,-0.009151921903599702,0.007443563148261223,-0.02501525320317266,0.013544844417327617,0.3309541782735519,-0.03309334960341759,-0.032950220650477924,-0.014606467358145192,-0.359872655887819,-0.01148261134838302,-0.27376298637806384,0.00841163310962001,-0.3352391075336606
2021-05-11,0.0571171864972404,0.05929919137466322,-0.0011551790527531969,0.05185470414580928,0.15937761975825393,0.023899371069181496,0.22634362508150363,0.036067257091515925,-0.17890253062454042,0.03931459376203339,-0.16044853234082268,0.06078808882043418,-0.21141079328839818
2021-05-12,-0.03754770405022767,0.0039394312446139335,-0.03754770405022767,-0.040871599162870975,0.01031622652208486,-0.020066477902253688,0.3127034432273157,-0.011830604456481542,-0.10581506639211191,-0.005712175304690148,-0.1491645422312139,0.01514218884648555,-0.1876285907497689
2021-05-13,-0.03741258741258735,0.0008158508158508937,-0.04020979020979021,-0.053263403263403175,-0.29221905055869746,-0.058018648018648755,-0.15770945237927203,-0.06607226107226105,-0.32003842276205696,-0.05810023310023271,-0.3956109448751275,-0.040256410256410025,-0.42020783324362543
2021-05-16,0.008282063416942709,0.02342640795078088,-0.01668244202555602,0.015144344533838172,0.35723117096544876,-0.0299337434926652,0.18224140371825914,-0.047290582110742996,0.02203607930152618,-0.04099029815428268,-0.14981142498392008,-0.02661697428616472,-0.193822212716106
2021-05-17,-0.026524285222183974,0.01940406476059242,-0.028131817659892144,-0.0295097026064991,-0.5242144905508981,-0.05520725686071948,-0.48485756978747296,-0.07268343093351703,-0.48356876470187726,-0.06760248019290371,-0.599194155928302,-0.056500937727255285,-0.6108484570944954
2021-05-18,-0.02428407789232523,0.0010309278350515427,-0.034936998854524615,-0.002405498281786822,0.9307179038116178,-0.045704467353952505,0.17401235837448437,-0.06596792668957596,0.13367240059622132,-0.06489690721649466,-0.1735927736797579,-0.059473081328751176,-0.20576040942975693
2021-05-19,-0.008260721964467588,0.01493719588095499,-0.014371393006676558,-0.012108181509562166,0.07523223437433502,-0.03600769491909073,0.28566021132112174,-0.06762475953377844,0.2655914301260267,-0.07281317189091308,-0.10677934770714159,-0.07062728678661656,-0.1266027667503603
2021-05-20,0.002240645305847888,0.004481290611695998,-0.015124355814474688,-0.009970871611023946,0.0340549806710726,-0.029621330943312207,0.34002740114625896,-0.06207707819852115,0.2538104841799047,-0.07791844051086694,-0.09456493509810238,-0.0793823287773543,-0.07941832351138056
2021-05-23,-0.022459659834278223,0.0032708242477104132,-0.0369603139991278,-0.026820758831225366,0.11395655517394876,-0.04810292193632848,0.4066875497585547,-0.0770933275185347,0.3758872505616506,-0.09857174007849956,0.035280877877680306,-0.10288922808547707,0.041293038915876545
2021-05-24,0.02932389067168306,0.029877171627752386,-0.01206152484231493,0.014938585813876193,-0.285269810464331,-0.017948434214894782,-0.014287765503688599,-0.053723580834347584,-0.06692117857532764,-0.08007081996237664,-0.24060221972173235,-0.0869647006750025,-0.2459689820389127
2021-05-25,0.006644518272425293,0.012205980066445132,-0.00442967884828338,0.0007751937984497026,1.486496472149387,-0.00992248062015555,1.0983201192880983,-0.04366555924695459,1.3412323325505766,-0.07487818383167189,0.9762708001620999,-0.08341454411221827,0.8787595209704422
2021-05-26,0.0028722934158198488,0.0053026955368979944,-0.018117543084401277,-0.0024304021210782567,-0.35210865155657467,-0.005700397702165794,0.20384412835598997,-0.03230225364560313,0.4545120884935685,-0.07277397260273943,0.2898905925188666,-0.08260421269700957,0.19864857487222776
2021-05-27,0.011874375762956468,0.015425590944401213,-0.0018865830651426663,0.004549994451226169,0.8031662921287053,0.003595605371212285,1.0530540216108255,-0.017589612695594226,1.5761279529508836,-0.06416601930973231,1.3780485012272061,-0.07463100654755273,1.1504974403291208
2021-05-31,-0.009459606393389164,0.0016309666195499783,-0.018429922800913268,-0.020223986082418155,-0.2934523767485251,-0.014852669348701109,0.26507071787519587,-0.03277155594215497,0.6642914055422473,-0.07861802761770131,0.6850293766978037,-0.09004023050994847,0.5007342622845918
2021-06-01,0.011219887801122042,0.016708832911670912,-0.006489935100648991,0.011659883401166082,-0.3002180855556734,-0.002815971840282039,-0.18007621762188797,-0.013298867011329762,0.1178263600469418,-0.06247387526124726,0.19276476233436912,-0.07562057712756176,0.028524233825096612
2021-06-02,0.0017771853826502593,0.011996001332889028,-0.013884260801954929,0.009774519604576204,0.21188157195501223,0.008130623125624181,-0.11208608117643981,0.0005886926580027652,0.1783761989598125,-0.04685104965011655,0.46256963985468746,-0.061971935280832,0.24167788309361393
2021-06-03,0.013670999551770535,0.020282384580905477,-0.0020170327207529315,0.008852532496638421,0.5113470846822175,0.016450022411474086,0.43262486401437794,0.012505602868668975,0.6992016965080703,-0.032104437471985436,1.220078307968552,-0.050399671298371085,0.856062448876812
2021-06-06,-0.003232998885172922,0.014269788182831755,-0.005685618729097008,-0.005128205128205221,-0.029074970118057597,0.008383500557413104,0.26806818835531065,0.00828316610925306,0.53661185114638,-0.029197324414715675,1.0431361018606702,-0.05219992567818643,0.7396897711075172
2021-06-07,0.007391645201030306,0.007615634449546382,-0.015455258147609063,0.004591779594579348,-0.11237757526328851,0.012095419419867248,0.14700117017127057,0.013405756523686918,0.2721927591220168,-0.019285474297233707,0.7508099712776144,-0.0448911785567625,0.5424133186766427
2021-06-08,0.014517409549733573,0.014517409549733573,-0.0009073380968582789,0.012702733356016793,0.28287360776756976,0.01887263241465309,0.44462240272796594,0.02352274016105249,0.5524786786688429,-0.0032947714642167503,1.1331164807930607,-0.0302370420778042,0.9899079639061297
2021-06-09,0.01609010458567961,0.0197678427766923,-0.014667279623031826,0.013331800942420369,-0.4790219319720669,0.02615791288357605,-0.35418255519253217,0.034639696586599156,-0.2906154328164793,0.013567406045282171,0.06803511409640284,-0.015051909742175074,0.03931996398311144
2021-06-10,-0.001943745712325473,0.006974616967756697,-0.0052595472215869465,-0.005145209238508919,0.6790068338072512,0.013972101532128356,0.12780962431170506,0.025554539217928385,0.2566479407455511,0.013554767893894315,0.77679859965445,-0.018370302614528433,0.7768698663878073
2021-06-13,0.010532407407407351,0.016550925925925775,-0.007291666666666807,0.01226851851851829,0.04825024255261279,0.022291666666665932,0.18912496694360348,0.03459490740740745,0.25656802443295246,0.029594907407407334,0.8107827671269674,-0.004456018518518401,0.874290646576164
2021-06-14,0.010702652396463508,0.01768264308980938,-0.005351326198231643,0.005118659841786943,-0.12239262074423651,0.019846440204745797,0.03584143004927953,0.0355746859004189,0.10996593412466527,0.03521405304792946,0.5038851790380288,0.002392585698774763,0.6509567071264524
2021-06-15,-0.01387296491630352,0.002637009860123829,-0.016968585186883822,-0.014446227929374,0.34446830877778734,-0.002522357257510599,0.3839610681071888,0.013723916532905278,0.47345008701404034,0.021084613620729442,0.9612123595372901,-0.010632118015745484,1.2332516346302755
2021-06-16,0.018509840674789002,0.02729615745079661,-0.007263355201499566,0.0217900656044987,-0.23519036151108785,0.016986879100280294,0.04593895693952077,0.03149015932521104,0.0358325158976498,0.043410262417994616,0.3325400254904427,0.014026866604186283,0.6933970519116202
2021-06-17,-0.017160868550081698,0.0022180714452486594,-0.024632267102498218,-0.00350221807144524,-0.370387065154846,0.009572729395282975,-0.41553853635507876,0.022425869717487945,-0.3719167550647605,0.03862362829792221,-0.19659949359504858,0.013039925286014498,0.061851632765721254
2021-06-20,-0.025376150909499295,0.001010554682236764,-0.035313271951493364,-0.03817651021783075,0.36678094438484377,-0.03301145295306607,-0.09061950961643106,-0.020626543902986683,-0.08359447476302284,-0.002548843476307794,0.08116244538768913,-0.02168949771689499,0.4098822369409849
2021-06-21,-0.028736888111888015,0.011254370629370625,-0.04403409090909094,-0.026879370629370514,-0.7437972058172804,-0.05319055944056006,-0.7555651453141654,-0.047650786713286486,-0.7603675618005539,-0.029468968531468298,-0.7313147785888869,-0.04467147435897445,-0.6469549713253309
2021-06-22,-0.004894496410702609,0.022405916902327627,-0.007885577550576395,-0.004568196649989087,1.8595431998978622,-0.04542092669132103,0.14122634448383242,-0.049575810311072166,-0.09572977383064984,-0.03401131172503791,-0.14292571148682864,-0.04596838517873969,0.0432757258756411
2021-06-23,0.008153060115229982,0.009131427329057473,-0.00934884226546362,-0.0005435373410153099,0.38552777288234563,-0.03567779106424673,0.7246924426511088,-0.0459941297967168,0.3191657482251502,-0.03368300902271959,0.1516696346137154,-0.042866978294742175,0.4275564677133832
2021-06-24,-0.00647948164146861,0.00831533477321833,-0.01069114470842325,-0.006587473002159783,-0.5969423969423969,-0.0277105831533484,-0.29465311737156397,-0.04690064794816384,-0.48391315410732894,-0.03913606911447054,-0.532695612647069,-0.04410367170626339,-0.433466935602858
2021-06-27,0.050628610261637785,0.050628610261637785,-0.022086306489976226,0.04881640049835756,-0.08399253965070763,0.0354740061162071,-0.2731405089100286,0.005447955600860865,-0.46616714115278024,0.008947785706195477,-0.5502337064640984,0.006852418167402785,-0.4707269340913457
2021-06-28,-0.0021473779385171587,0.014353526220614699,-0.012601717902350873,-0.0021473779385171587,1.1681904416982336,0.031509945750451296,0.8470944396599829,0.005424954792043524,0.31116937275355494,0.005752712477396171,0.054623781629211,0.005628390596744914,0.15793021026130183
2021-06-29,0.01004680899646071,0.014042698938234732,-0.006393423906838724,0.010160977280511574,-0.29703994695054436,0.03504966320356129,-0.006872968460440831,0.018518095673022206,-0.05854793397237401,0.013979906382007412,-0.2523112555432536,0.01735357917570468,-0.19465354787969935
2021-06-30,-0.0034992662828762233,0.00722429168077654,-0.0066598938932159735,-0.011287955751213441,0.5260981036605337,0.013545546901455374,0.5828590790499104,0.007438762840049629,0.5319862433503879,0.000660345411445995,0.15450518980336336,0.006057869586484355,0.1770605232345821
2021-07-01,0.015236567762630271,0.017642341619887647,-0.010883262687593098,0.01489288578302217,0.01566416399479209,0.02085004009623015,0.6363417781780012,0.026142742582197398,0.5813604478425209,0.014738228892198446,0.17070216292795415,0.021533585366784846,0.17525041057966773
2021-07-05,0.03578575632725123,0.03578575632725123,-0.008475573866980612,0.027545615067686935,-0.15725745055720575,0.036468510888757466,0.18282235396762858,0.05632725132430849,0.3149736683737714,0.041542083578575806,-0.0006320073665715409,0.04924857759466339,-0.02387995324192782
2021-07-06,0.005382775119617156,0.01674641148325362,-0.012081339712918582,0.01614832535885169,0.2299570633775938,0.04521531100478393,0.21106090674631717,0.06846889952153146,0.6485854457810696,0.05552033492822983,0.25347241461723846,0.06447368421052624,0.19114579307901125
2021-07-07,-0.003532277710109555,0.01236297198538372,-0.010596833130328775,0.018270401948842885,0.1330310146134186,0.052423873325212256,0.3428465382216277,0.07834348355663856,0.575351728430489,0.07133982947624862,0.4293830825462135,0.0806252537555825,0.33607063803530557
2021-07-08,-0.005498446091321996,0.005857040401625824,-0.009084389194358056,-0.018646904135787734,-0.09120872326397578,0.019674874491990568,0.0712585176646463,0.04647382261534827,0.39356192803625567,0.04773487927324882,0.31080726432599115,0.05717985496852318,0.1792708003651018
2021-07-11,-0.016589643322668657,0.003966109728640754,-0.025358454793221963,-0.008650314018248673,0.3445491794507942,-0.0008294821661345431,0.41776350338047497,0.027550657660860622,0.8829991818377867,0.03668681123355855,0.7428454019118986,0.04541217363826644,0.5951325384374364
2021-07-12,0.028246515040352138,0.028307654683296546,-0.0072144778674493315,0.03191489361702127,-0.4115876147057812,0.023966740034237155,-0.2169683432143239,0.05030569821472275,-0.015908354518416212,0.06789557348985098,0.02450372662113698,0.07627781853753945,-0.07382563445872181
2021-07-13,0.01223128243143079,0.01735853718804048,-0.005189028910303928,0.010378057820607856,0.29445445796879754,0.026760563380280544,0.01308899637318861,0.0531628366691379,0.1450831784284654,0.0761242895972325,0.3533205856814612,0.08401696730088104,0.21904169004606922
2021-07-14,0.00725634930564234,0.015763793319154118,-0.015638683848367307,0.012636056549480745,-0.18025697254255424,0.033078944076065264,-0.17846440378844608,0.05703740773176569,-0.07698034392857267,0.08658200925810067,0.11526422658726876,0.09311480879102518,-5.601777356589732e-05
2021-07-15,0.055010823888959504,0.056029542849866276,-0.007767732076913281,0.017827581815866633,-0.3618908884843568,0.0459696931109117,-0.4455158970517873,0.06612759454985384,-0.4358237965670593,0.10131160066216727,-0.27309244724840376,0.10794176323273463,-0.3649865429852175
2021-07-18,0.019922449525337615,0.022596603824040606,-0.007487632036368486,0.050006685385746596,-0.20262604704166354,0.08455675892498848,-0.4838239466433347,0.10599010562909483,-0.5167074548660422,0.15181842492311803,-0.3978815980327527,0.15822079600659578,-0.4830860720349498
2021-07-19,-0.020522145733212094,0.006624236913884918,-0.032341862579555736,-0.028575139628523094,0.06028751937668564,0.02862709442784661,-0.30801597989122154,0.05815040914404501,-0.42988083840918623,0.11184569424600599,-0.3378143070985973,0.1188682512880459,-0.4278104061153666
2021-07-20,-0.026000000000000023,0.011737499999999956,-0.027125000000000066,-0.03762500000000002,0.4526048580413182,-0.022050000000001235,0.12938868519067448,0.008387500000000214,-0.10990122337066488,0.06246875000000007,0.003440568897967733,0.07147499999999996,-0.1372167646136463
2021-07-21,0.011421319796954377,0.01732233502538083,-0.006218274111675082,0.015228426395939021,0.8228493400091033,-0.009543147208122993,1.1890754254335092,0.019175126903553386,0.6813177059626765,0.07133883248730988,0.6991060757337719,0.08386209813874768,0.5989797426598342
2021-07-22,0.022776991378201217,0.023291725646634953,-0.0015442028053016532,0.014026508814824368,-0.059809178825655285,0.001441255951613707,0.9775750953726245,0.029224038090336135,0.572312017399335,0.07791146570582952,0.5717790212666973,0.09504568266632352,0.5093972376507951
2021-07-25,-0.05427111219274772,0.0009734728644439361,-0.05439279630080329,-0.05439279630080329,-0.4687877887897688,-0.05502555366269313,-0.0668590159606649,-0.03399853979070333,-0.1715418009555133,0.010592601606230101,-0.16636994789776083,0.031710878559259914,-0.20626798615006858
2021-07-26,0.014198530327562686,0.02061277867729472,-0.015319466932370185,0.023539668700959027,0.19589524751641685,-0.01437289824386756,0.019744134815064207,-0.014011707560094622,0.057066328857271253,0.02789263918296192,-0.02598893875933095,0.053804957030763045,-0.029282412279470926
2021-07-27,0.016955491833935854,0.01994763745168937,-0.01583343722727837,0.0009973818725845796,0.9083679207390547,-0.005161451190625832,0.7240950930512786,-0.01488592444832304,1.03533254117017,0.023930931305323755,0.7818591427901997,0.05231683497485751,0.8826628955237203
2021-07-28,-0.0048315163528246385,0.017715559960356897,-0.011025768087215115,-0.006318136769078331,-0.21346813402054388,-0.010926660059466298,0.18652120372862857,-0.022014370664023675,0.5745257108331758,0.01233894945490599,0.3783009703306417,0.04329369012223294,0.47702627191767166
2021-07-29,0.014830777031309417,0.03891494485993152,-0.00342248700722525,0.0231968563823044,0.026658765370700888,0.016884269235643234,0.23940197009850483,0.0016732158701990851,0.5876862086347561,0.03146786664976564,0.37507638895458295,0.06474838382557957,0.5277415222112456
2021-08-01,0.0016430738119312949,0.024140546006066632,-0.002780586450960576,-0.0029069767441860517,-0.03497037928212554,0.01691102123356769,0.2001201130706105,-0.0007836198179979048,0.4298259925467296,0.022339484327603687,0.31750644743749,0.05892736771149254,0.4776106715007504
2021-08-02,0.013660155751308745,0.016724115919826366,-0.025788331418358124,0.010085535554704483,-0.49004738548507776,0.019354015064469543,-0.4673887438689833,0.014821907315205163,-0.3470281486407847,0.027435210008936783,-0.33162429129603455,0.06682412017532613,-0.2528755729209966
2021-08-03,0.012328594791797709,0.04264687382060628,-0.011447980878097841,-0.014593030569882925,-0.27450238668148264,-0.000452887155618531,-0.5785298543866159,0.00169832683356419,-0.5407341850084655,0.008277770788778671,-0.503775048334341,0.04675640541787196,-0.44619291372965486
2021-08-04,-0.06347333647947151,0.00023596035865969256,-0.06347333647947151,-0.06217555450684298,0.6811658978213029,-0.06429919773478188,-0.05214255991031802,-0.06118452100047178,-0.16048603951489326,-0.056836951392165935,-0.11581483954020144,-0.023057259713701983,-0.09437289554437411
2021-08-05,-0.00035124692658938805,0.008781173164734701,-0.018967334035827066,-0.007610350076103445,0.2726101545495414,-0.06195995785037001,0.30393081168574754,-0.06135112984428026,0.1253287203661333,-0.062457557663036845,0.15054192729879734,-0.03329430589704607,0.1586806177439577
2021-08-08,0.015364302004561292,0.019565478333933406,-0.00924258792461885,0.02520705797623335,0.22057960989322178,-0.022662345456729294,0.6491974782477765,-0.028447965430320354,0.4043378447422652,-0.03777457688152652,0.4139014520802189,-0.011559236586244581,0.4230135405267659
2021-08-09,-0.009552238805970115,0.019223880597014853,-0.012238805970149369,-0.005253731343283552,-0.2800199758964773,-0.0177910447761207,0.19226564495066567,-0.03220298507462693,-0.0406144810734731,-0.043474626865671495,0.026426355664395773,-0.020449751243781567,-0.008503590354417945
2021-08-10,-0.012176196729139277,0.005252477020412982,-0.024471767936015243,-0.0002387489554732669,0.2380420505615295,-0.00508535275158295,0.3859345526996605,-0.028303688671362015,0.18349632544737893,-0.04252715769368487,0.27468759142860844,-0.022490151605587094,0.19168340576491372
2021-08-11,-0.003213520590335639,0.00035705784337070057,-0.02047131635324917,-0.0029754820280885053,0.18286128774488208,0.002142347060222427,0.32527019819073,-0.02695786717448223,0.4388182021682281,-0.043691978100452,0.5139459862674023,-0.02726731730540377,0.40696338926053377
2021-08-12,0.030767344937484786,0.033647952929639624,-0.0007354743809757647,0.029909291493013024,0.1225611474742414,0.030301544496198485,0.34451115575101676,0.006190242706545668,0.6141242053177165,-0.012582740867859599,0.6830797732014418,0.0003677371904873272,0.5496528973933379
2021-08-15,-0.004560019719004216,0.010475720976090619,-0.02908553118067536,0.005422726152329194,-0.35141871805399794,0.026448114370222875,-0.18565491813069968,0.014961794429381392,0.040176965557198185,-0.00534877988661564,0.05030731515993003,0.0029126612439400734,-0.0018508066992721783
2021-08-16,-0.005834160873882777,0.00328947368421062,-0.026129592850049677,0.007199602780536329,-0.10038190589226237,0.028450844091359118,-0.22559543905690393,0.024776564051638417,-0.0409968013532469,0.005753475670307928,-0.09333426728713679,0.007588546838794397,-0.09734413413200882
2021-08-17,0.0014838629899838196,0.019537529368121698,-0.005688141461605123,-0.0038333127241251264,0.7495718311317208,0.016619265487818558,0.3691585967935671,0.023605787065660744,0.6238935735849116,0.004105354272288864,0.5364832226310654,0.0019166563620618415,0.5850886100230337
2021-08-18,0.004528301886792541,0.012075471698113072,-0.017106918238993685,0.017232704402515786,-0.42415068039809156,0.026842767295595982,-0.2525133635927298,0.04298113207547183,-0.1889887064217569,0.021955974842767567,-0.14084288710585902,0.01803773584905599,-0.09260874424965537
2021-08-19,-0.01658354114713212,0.0012468827930174342,-0.023566084788029906,-0.008728179551122262,0.1671984086623124,0.006608478802991202,-0.04814021616898145,0.027319201995012365,-0.0628137883189347,0.013472568578553723,0.026321945050143736,0.008071487946799127,0.07269521906303589
2021-08-22,-0.028163950143815897,0.0028763183125599667,-0.03343720038350906,-0.038830297219558885,-0.07090929660160528,-0.03578619367210101,-0.057313626377178406,-0.018815915627996116,-0.1284540332110442,-0.024388782358580774,-0.03443269140271843,-0.032454458293385,0.0017183218475380624
2021-08-23,-0.01912759505481687,0.004781898763704273,-0.024259388850011665,-0.026825285747609007,-0.24951367957896586,-0.0562864473991147,-0.2899574877648453,-0.04498483788196861,-0.3274930766450972,-0.049825052484254506,-0.2864774740804503,-0.05877847756784116,-0.2376547268299639
2021-08-24,0.0005821399464431831,0.020840610082663913,-0.004074979625101838,-0.0017464198393294383,0.6690033883854174,-0.045872627779719344,0.24516489725588997,-0.04433577832110813,0.1580527887942147,-0.048311794155314614,0.2064296563209076,-0.058885396049210836,0.287012538792379
2021-08-25,0.00814159292035388,0.01911504424778765,-0.008436578171091447,0.013451327433628313,-0.11151591198957667,-0.021191740412980553,0.14501353440892695,-0.028979351032448197,0.02355801809913105,-0.032159292035398024,0.08470908030028035,-0.04427925270403221,0.14498010174743858
2021-08-26,-0.020713463751438566,0.004660529344073572,-0.020713463751438566,-0.02474108170310707,0.4377294976985584,-0.03332566168009332,0.5867415357750214,-0.05216340621403892,0.5008731940603639,-0.05378596087456822,0.5736260940594511,-0.06607594936708927,0.6447660581206567
2021-08-29,0.013977128335451283,0.013977128335451283,-0.008259212198221011,0.003811944091486774,-0.023389719219382044,-0.014161949867160684,0.4545905202188487,-0.042404990181355906,0.46381664658721045,-0.04555273189326525,0.5306879578227433,-0.05929305764121584,0.5633508824314413
2021-08-30,-0.006113033448673644,0.0031141868512110094,-0.015455594002306894,-0.0014994232987313172,-0.489715998893256,-0.00841983852364614,-0.3151629983664157,-0.037577854671280275,-0.2803815234406092,-0.04268742791234137,-0.22246277057425612,-0.05617454825067347,-0.23355311549681568
2021-08-31,0.004747568318665962,0.009726725335803543,-0.004168596572487249,0.003937007874015741,1.9020534813708356,-0.002292728114869247,0.9511744628709142,-0.02667901806391837,1.125758107396119,-0.034072487262621354,1.236167296750002,-0.04871082291184248,1.188763251090684
2021-09-01,0.0041527281116622294,0.00945899180989751,-0.0038066674356903585,-0.0038066674356903585,0.0060564412072601215,-0.005006344445727451,0.7924812928670548,-0.024051216980043644,1.0938600102250167,-0.03378705733071852,1.070664991268898,-0.049886569000654246,1.143965580203305
2021-09-02,-0.00011617100371752453,0.00917750929368033,-0.013011152416356975,0.007086431226765777,0.21382988011686077,0.006552044609664298,0.9106943819470095,-0.008782527881040614,1.3565307095604284,-0.025819005576207976,1.4085331945330601,-0.040098358116481325,1.5818816391864514
2021-09-06,-0.019160583941605913,0.0027372262773721623,-0.02047217153284675,-0.018248175182481896,-0.38426935253893,-0.013686131386862588,0.08212906875572745,-0.02016423357664221,0.3509042322668581,-0.04321395985401466,0.43367473277467705,-0.05443278588807854,0.5703264378007078
2021-09-07,0.01015111316184103,0.025031722228630704,-0.006494405352405197,0.011420002307071186,0.2705591085536063,0.00013842427038768257,0.3460685019892351,-0.004083515976467389,0.6223888266559621,-0.02976698581151216,0.8016962617509895,-0.041519590879379176,0.9420118492426615
2021-09-08,-0.00856679786987724,0.014239407270201454,-0.01829127112757578,0.0035887937022458516,-0.27539798508036606,0.0037045612410269158,-0.28150716171363344,0.0005904144477892892,0.03460039305476359,-0.024583236860384106,0.25780726153827405,-0.035610094929382385,0.3734551229482712
2021-09-09,0.009990706319702669,0.014521375464684017,-0.008828996282527979,0.0034851301115241817,-0.09318624198262604,0.007249070631969001,-0.2926471126406083,0.004646840148699427,-0.08709963190336545,-0.01966775092936779,0.12445833313194221,-0.029859820322181485,0.24818995563184632
2021-09-12,-0.012456514420379317,0.007743238693749266,-0.029177421164852335,-0.0340029177421165,-0.30908588690133154,-0.02836943104028844,-0.4593185036199664,-0.028021546403321218,-0.3903555658177461,-0.05184603299293,-0.22446046374499562,-0.06084240451876011,-0.13873887326237155
2021-09-13,0.00552548488949034,0.011389264772214691,-0.016689219666215616,0.004848894903022094,0.09637860396561093,-0.01682453766351044,-0.2658112116458765,-0.020816418583671226,-0.29073224515884044,-0.04300293188994142,-0.12996884753126103,-0.05244700045106043,-0.04498796215466705
2021-09-14,0.005315461058470028,0.00855095909406045,-0.02495955627455526,0.02472844927201301,-0.572821961466353,0.009798936907786882,-0.6549651992427419,0.005835451814190318,-0.6843797318852513,-0.014981511439796535,-0.6300830097097141,-0.02533317926199885,-0.5892221064592675
2021-09-15,-0.002534270245363457,0.004665361133509904,-0.017855085819606042,-0.0031102407556732325,1.0107821373872263,0.006312636792995097,0.010438352582496924,0.002522750835157739,-0.2828134104827409,-0.014600852436355227,-0.20727065325852012,-0.025212149137964546,-0.15202509706948764
2021-09-16,0.00023033513762515945,0.017505470459518557,-0.0066797189911320665,-0.00023033513762515945,-0.42756500813590237,0.007071288725093883,-0.37465389302992225,0.002810088679028544,-0.5555950756123273,-0.011407347690890246,-0.5344855658779201,-0.022626588352720134,-0.5310428245678962
2021-09-19,-0.008646529859349772,0.001383444777496079,-0.02317270002305727,0.0010375835831220037,1.7240565195064317,0.009845515333178678,1.04536664889544,0.004011989854739051,0.41968129488489914,-0.006156329259857096,0.3243765066719164,-0.020817000999154844,0.31068984819262413
2021-09-20,0.03074395681764841,0.03602440741609958,-0.008331377610889423,0.01783618868810133,-0.33526086126362753,0.022295235860125606,0.29734793765222545,0.02269420323867677,-0.024478487037269847,0.01540718141281383,-0.13191048334893418,-0.0028318860987253114,-0.1366506000530897
2021-09-21,-0.02796648550724634,0.007699275362318847,-0.02864583333333315,-0.03509963768115931,0.06259760927785463,-0.021422101449276254,0.4018586587965629,-0.015987318840579134,0.08301460007165429,-0.019225543478260998,-0.07649256833391727,-0.03711126207729509,-0.07336976423338737
2021-09-22,-0.026203734032099635,0.005022382356152377,-0.029151654110710745,-0.03570258761873579,-0.246551281224332,-0.052472977399280474,-0.12682381566864265,-0.04933944753794062,-0.14413987188315946,-0.05283327874222088,-0.3187698329992025,-0.06982567238053694,-0.3041164895592965
2021-09-23,-0.013478542160879847,0.003727625620012942,-0.017779814535259786,-0.012400258788009433,0.6948938006848877,-0.05391416864352061,0.5376074679183973,-0.05551002803536731,0.5370895997280165,-0.06150528358852736,0.18628906839967674,-0.07854934943569869,0.19843445191598597
2021-09-26,-0.006834686031610415,0.030542503203759175,-0.006834686031610415,-0.009611277231952209,-0.3673855450633894,-0.050384451089279136,-0.21165063525333183,-0.05747543784707365,-0.02225047702466132,-0.066259077317386,-0.2556911950422216,-0.08430158052114534,-0.2408272345202349
2021-09-27,0.0119021856740964,0.023155161220514975,-0.002164033758926709,0.013200605929452491,0.6807655300495339,-0.02291711750703429,0.4693641501979471,-0.040132006059294234,0.6705999424837865,-0.05028673447305798,0.290874004552919,-0.06786409867993992,0.3019798970979397
2021-09-28,0.013784049885132932,0.02023848594245714,-0.005032272180286568,0.01104911935236852,-0.3878339758239263,0.003631987747510168,-0.15472070168857388,-0.025434853954709236,0.005260319748071396,-0.036593370528388736,-0.20685124491807216,-0.0534514823323492,-0.2109171847998188
2021-09-29,0.0069132009217602874,0.019313069241742697,-0.010424668056622233,0.003072533743004424,0.18137413067225427,0.013497201799625769,0.03847151870439558,-0.01709645561286033,0.08824235438638772,-0.03104905080654019,-0.06802895361900807,-0.04657449065437691,-0.06564867691135479
2021-09-30,-0.06300010128633649,0.003646308113035568,-0.06512711435227392,-0.07697761571963946,-0.5390331108442058,-0.06545123062898928,-0.5492615478487516,-0.08838245720652249,-0.5021172008033441,-0.10322090549984819,-0.5575260990543278,-0.11650292042270194,-0.5637385132278664
2021-10-03,0.0037256302949881803,0.008369909155864219,-0.017046034500357243,0.007757476778605721,0.96247317958567,-0.04597325711952749,0.13793137402724498,-0.069164029805042,0.002402704702237912,-0.09011942431356545,-0.05339525235256959,-0.10310639311353842,-0.11186180674824564
2021-10-04,-0.01232094560753283,0.004006811579685632,-0.02033456876690376,-0.018631673845537433,-0.005387866959079668,-0.055073625162777584,0.1119863971989914,-0.07525793849544193,0.03405422232482325,-0.10111689872783747,-0.02503980891719748,-0.11388360212361037,-0.11197934337657733
2021-10-05,-0.031079877264178934,0.0005938830050480348,-0.0348411362961496,-0.011877660100960141,0.09395786649192739,-0.05162822923884103,0.2928891514228251,-0.07178065921013532,0.13790155136829885,-0.10578046124913398,0.09234778678311684,-0.11900095681150857,-0.025618518527375955
2021-10-06,0.023441446903102126,0.03304031524704443,-0.0033343437405274345,0.020814388198443945,0.19361236535904536,-0.012448216631303466,0.5043379121867226,-0.03961806608063023,0.3622053056543064,-0.07992320905324868,0.33635612635968304,-0.09551379205819965,0.1494755756108357
2021-10-07,0.009762050030506453,0.018913971934106266,-0.0015253203172667096,0.006406345332519825,0.47802874708672904,0.009823062843195896,1.1717610586164473,-0.025960951799877785,0.9348633104209454,-0.06762761846654486,0.9936649750990216,-0.08528574333943495,0.7009842819781946
2021-10-10,0.008465932272541776,0.01193390452876364,-0.005603835169318727,0.003059975520195879,0.11340936486208442,0.0121175030599745,0.8018816535025455,-0.017268461852305017,1.1169629729148247,-0.05852203182374571,1.2074028333785862,-0.07786617707058374,0.871804760754979
2021-10-11,-0.022486508095142965,0.00019988007195670399,-0.023785728562862207,-0.020187887267639426,-0.3365672353472451,-0.008175094943035144,0.04452949063082601,-0.03271037377573438,0.31489026444862334,-0.07306616030381774,0.4323081458802498,-0.09277100406422845,0.23661317275394445
2021-10-12,0.005420598273438992,0.008933949006223685,-0.00652479421802854,0.004416783778357747,-0.18868569527160595,-0.0033326641236708365,-0.22161782754709414,-0.020768921903232207,0.07265943152872922,-0.06326038948002433,0.15427627802874277,-0.08425015057217466,0.007631585468164337
2021-10-13,0.0011951000896326391,0.0024897918534010355,-0.014341201075590004,-0.007867742256747245,0.45977870184247815,-0.013982671048701323,0.11954455897236382,-0.020296783188925138,0.5323542807957522,-0.0641171198087842,0.5927812715231984,-0.08716595292633555,0.45465676196606797
2021-10-14,-0.0032489908437530746,0.01260214630304235,-0.011076105149158244,-0.011420695087131949,-0.06442202302473687,-0.022408191395097976,-0.007410487174369318,-0.02234911883430113,0.38506596699681817,-0.06811066259722365,0.460087670528986,-0.0929802106921338,0.37120100705310133
2021-10-17,-0.015721120984278913,0.002148227712137407,-0.021570159164144176,-0.008202323991797655,-0.07232600037929071,-0.024118738404453777,-0.045522191070266116,-0.02759496142954765,0.09162971999118397,-0.06855775803144237,0.2763079123120846,-0.09557660384728084,0.28365088253434534
2021-10-18,0.026397360263973546,0.028097190280971684,-0.0004999500049995831,0.02399760023997599,-0.3144353058736974,0.00803919608039072,-0.3020340628328593,0.0001799820017998055,-0.2829807065127873,-0.038371162883711785,-0.12207849165998663,-0.06842982368429862,-0.10802215218831557
2021-10-19,-0.007680031917015828,0.0009475364053461721,-0.021344504288849042,-0.0024935168561739385,1.2321875030639355,0.005425892679033151,0.6898269489082585,-0.0021344504288849375,0.5994919259164846,-0.03339317773788164,0.9660272763817124,-0.06665336791010068,1.0259525326901517
2021-10-20,-0.0037784627622551303,0.006264293526896836,-0.005965993835139627,-0.003082430148155346,0.25411303530939366,0.0035994829471996947,0.8837522194405778,-0.005975937158198108,0.8742767451811704,-0.030436511882271144,1.4040858609953917,-0.06503264724404245,1.5435732132581141
2021-10-21,-0.0034739454094292466,0.0063523573200992,-0.010620347394540874,-0.0017866004962779902,-0.08020502519837502,0.002124069478906865,0.6102082824389492,-0.006163771712158872,0.617825927634972,-0.027712158808932963,1.10558588483845,-0.06200827129859399,1.320714768268445
2021-10-24,0.0010943095901312372,0.010545165141265356,-0.004775169120572964,0.002288101870274506,-0.26451429365226586,0.0027855153203331096,0.09049915278698561,-0.0014922403501791415,0.1648574211617757,-0.021503183446080376,0.5195866332495132,-0.05499734712826654,0.6912121093649273
2021-10-25,-0.0008902957760411612,0.004550400633099194,-0.011524384212088346,-0.005638539914927354,0.355789281368311,-0.006607973093284536,0.3975958019575978,-0.0046691067365715044,0.5948413159369752,-0.02361756850331409,0.9869750614357296,-0.056563458304481284,1.2593203932037063
2021-10-26,0.004770897525096851,0.014809661067488378,-0.002882417254746139,0.004770897525096851,-0.5687463036745366,0.00027830235562942285,-0.5324870044978445,0.0011032700526785177,-0.34712270244190935,-0.014650631149985216,-0.1577387680341774,-0.04795083325050531,-0.042280029726238455
2021-10-27,-0.0009956192751890969,0.005874153723616216,-0.016825965750696947,0.0016925527678215424,-0.20391580796062514,0.0026682596575058337,-0.5475832461527621,0.003783353245718768,-0.47721079216745477,-0.008403026682596848,-0.3367501341587029,-0.04166998539758393,-0.2688008547954993
2021-10-28,-0.010874938210578389,0.003064755313890055,-0.015126050420168125,-0.007019278299555176,1.1979026519377451,-0.004626791893229232,0.2955320512329558,-0.003232822540781055,0.25355139081425193,-0.010761245674740683,0.48009072396206975,-0.04390509144834409,0.6172299222564603
2021-10-31,-0.021049596309111962,0.005478662053056471,-0.02249134948096887,-0.02777777777777779,-0.2502062549649542,-0.03150711264898243,0.008506956518964826,-0.03132449058054598,-0.07750260809642462,-0.037077085736255566,0.0048252495637222115,-0.06587530437011413,0.15488177161263827
2021-11-01,-0.022663420116126654,0.0025285634013860747,-0.025660235999250713,-0.025660235999250713,-0.3371282373596367,-0.04976587375913211,-0.3006085070872656,-0.05465442966847722,-0.3882306938469601,-0.05894362240119899,-0.3488942867499242,-0.08444465255665856,-0.23249002916001038
2021-11-02,0.01006838905775087,0.014010258358662542,-0.007883738601823675,0.014247720364741534,0.4461281098521339,-0.025417933130700177,0.1921656345092282,-0.03475493920972639,-0.10994296374451429,-0.042234992401215976,-0.05605874887227247,-0.06457383485308987,0.11434202384411107
2021-11-03,-0.0181361607142857,9.300595238093123e-05,-0.026413690476190355,-0.02083333333333326,-0.16517693699324298,-0.03703497023809643,-0.04776418000530025,-0.05019531249999987,-0.22555707209270381,-0.06021205357142878,-0.22361332591915173,-0.07880394345238073,-0.0762896140012973
2021-11-04,-0.04176090468497573,0.031906300484652705,-0.06704361873990305,-0.13150242326332795,-0.7556659500781818,-0.15222940226171344,-0.7829154093306383,-0.1694830371567042,-0.7964902717842005,-0.18034329563812623,-0.8090122282491732,-0.19565428109854588,-0.7773156556264798
2021-11-07,0.014341813214956423,0.027317739457059842,-0.03004951340276585,0.05685504524500584,0.3807106188010254,-0.0653576916510169,-0.46461141522574434,-0.10258664845484033,-0.5961718075227116,-0.1228743383984976,-0.6774728114168105,-0.14108474190427378,-0.6556000712465424
2021-11-08,0.001715118771975055,0.0033444816053511683,-0.022125032158476943,0.004545064745733685,0.9313217650859302,-0.03864162593259679,0.31599174133861907,-0.08425520967326983,-0.06694070225236814,-0.110698053340194,-0.29823553619751586,-0.13046336792156155,-0.2982155804273541
2021-11-09,0.008607947135031768,0.023650117381097235,-0.009216589861751223,0.013911833753586622,-0.0312972235569835,-0.00817320233023311,0.3161531031828979,-0.05802104164855215,-0.027848802114906257,-0.09113120598208857,-0.2976159928996074,-0.11135553430136491,-0.3038772638436762
2021-11-10,0.00875196919306842,0.01409067040084011,-0.009277087344652601,0.006563976894801371,0.8825390546555867,0.0153684579030271,1.6558363420489521,-0.03923507789252578,0.8936236058842408,-0.07843077192368275,0.3564056672857008,-0.09863761012894534,0.32406347596192453
2021-11-11,0.018251424501424696,0.01967592592592604,-0.005430911680911699,0.017272079772079785,-0.3983094064999071,0.04490740740740651,0.5753486265022945,-0.010336538461538258,0.10526229715853108,-0.05634793447293429,-0.17850417957554832,-0.07620489078822357,-0.20830808138883328
2021-11-14,-0.024754183198205992,0.007331378299120228,-0.027945489046058314,-0.031223046403312082,0.5911615206742908,-0.007521131619804167,0.8937385537318971,-0.03160255304467807,0.8495117711054225,-0.08117560807314117,0.34463976310835487,-0.10114139497441155,0.2263122198272065
2021-11-15,-0.010889292196007205,0.0028519574799068526,-0.031025840463226984,0.0019877279405411397,0.029644200222000983,-0.007622504537206032,0.4614311413917169,-0.019393310863364932,0.9135729254382607,-0.073502722323049,0.3893096496306361,-0.09417797366980607,0.2516365402281251
2021-11-16,0.0023457862728062384,0.013466550825369294,-0.011033883579496084,0.005299739357080835,-0.2905682280073961,-0.003927019982624791,-0.07639235506210262,-0.006437880104256832,0.3281784254442053,-0.06177237185056483,-0.0272059640902097,-0.08477845351867874,-0.1207486990712966
2021-11-17,0.0172627478753542,0.022308781869688543,-0.009109419263456098,0.018944759206798834,-0.027745624680818093,0.01510269121812935,-0.16356709895279453,0.02107825779036876,0.32110994049087394,-0.037429178470255176,-0.02662074296892214,-0.06328788951841302,-0.1414841090365373
2021-11-18,-0.00835258574728992,0.003998578283276988,-0.03101119601919322,0.003732006397725085,-0.21792165944111042,0.016580771281321294,-0.29578022780665925,0.029722765239026394,0.04823760519749665,-0.02833214856939792,-0.21275597277882707,-0.05564836206385826,-0.32134063051071005
2021-11-21,0.015788065293015796,0.040941932031040906,-0.0004459905450003854,0.003835518687003825,-0.004111241269716848,0.020872357506020123,-0.27552622667346083,0.023628579074123968,-0.11400732929320456,-0.019347069842119646,-0.18040210869792916,-0.047804239883447175,-0.3036264772162822
2021-11-22,0.0007982969664714901,0.007894270001773895,-0.019336526521199104,-0.0055880787653006525,1.1448328377442483,0.008373248181656079,0.7455610952805907,0.013446868901898279,0.7147443897363099,-0.019686890189817507,0.8237201569805703,-0.04896517059901784,0.5406497902216771
2021-11-23,-0.009235414261610897,0.008143148921055055,-0.01562916259657232,0.0011544267827012789,0.04149964867908351,0.004262498889973321,0.786288508038036,0.011180179380161803,0.6743242186070182,-0.013382470473315422,0.919659078756891,-0.04411390344255928,0.6009205636732975
2021-11-25,0.0025306674393894557,0.014681734762870713,-0.04858495122186812,0.0877040471360957,-0.6959208201178811,0.08753018448758709,-0.49888611552020234,0.09754660484883626,-0.5281837936671896,0.07894330145851391,-0.4235039904427538,0.04390353842686556,-0.5174430365178964
2021-11-28,-0.015391747797867339,0.016411682892906843,-0.028187297171998082,-0.04005563282336577,0.6044414517757823,0.026481223922113273,-0.04487119152565877,0.04363467779323149,-0.14026947323895922,0.0371580899397308,-0.04004234439406862,0.003053623860300725,-0.18809544652157129
2021-11-29,0.00046882325363339916,0.010126582278481067,-0.02250351617440227,0.011251758087200914,-0.08882107906948256,0.029235818096576383,-0.14526248015477994,0.05118612283169255,-0.212915473401024,0.05196905766525961,-0.09849399666140857,0.016302547273012058,-0.24523593478005634
2021-11-30,0.0673927842069435,0.06924049401925503,-0.004862394242925228,0.037148692015948725,0.03161744666901023,0.056851113488280536,-0.11680187848315249,0.0812019838568514,-0.1415343513058407,0.0923174170961778,-0.04420200342571712,0.05543129436934824,-0.20410925869605945
2021-12-01,-0.020412002633806825,0.009124259241839905,-0.02840748753644995,-0.03273445583670398,0.14233698496634117,0.0036120778854282776,0.12825428480331125,0.0336939140250212,0.032022512889001264,0.05470322641331893,0.10451216559283383,0.021766531840843317,-0.08128038014281669
2021-12-02,0.05578123451897343,0.05578123451897343,-0.01753690676706643,0.05330427028633711,-0.2936733589310365,0.044624987615177636,-0.13582389530897032,0.08008520756960258,-0.2630154175791314,0.11143366689784928,-0.2062469027540459,0.07822913570461432,-0.3365685002362715
2021-12-05,-0.04770796377555786,0.021519932779385798,-0.049108393240593795,-0.05769769395948088,0.30448106801767105,-0.020502287368127092,0.07071944858626789,0.006535337503501326,0.007848936305838272,0.04423023060405118,0.06673686595458084,0.016129835371736734,-0.10047495089860636
2021-12-06,0.009021448955168987,0.018779342723004744,-0.009942004971002505,-0.013992451440670184,0.5824682839595039,-0.035570284451809875,0.6977430229096688,-0.012547178495811329,0.5832062462275442,0.021936849857313145,0.5474924852404806,0.003863266746448657,0.4600611523892175
2021-12-07,-0.012671976828385279,0.027062816799420686,-0.012671976828385279,-0.016745112237509074,-0.16360352445531057,-0.0481354091238243,0.29983465359791217,-0.03223207820419982,0.2651125511033181,0.0009730267921790325,0.20304391446372927,-0.010499637943518603,0.2306953566670764
2021-12-08,-0.01517204009753459,0.02266775038381641,-0.016075137722387778,-0.0022577440621330824,0.17616641786537124,-0.03646708209157512,0.4363497614096248,-0.03645805111532552,0.5273384984769911,-0.004054908335591856,0.39273502014859063,-0.00990698094463971,0.4707679331084056
2021-12-09,-0.005452757665147079,0.009207115401805632,-0.01519620988647541,-0.010190399570930597,0.22491441828878855,-0.03838383838383952,0.6529938074646013,-0.04795745061231793,0.9013070781459123,-0.01611692142665666,0.6647360740620363,-0.016981019635886496,0.7971195748153492
2021-12-12,0.021823204419889608,0.031215469613259605,-0.018232044198894903,0.0301104972375692,-0.33503335468243867,0.010718232044198084,-0.09863910435671097,-0.011611418047882238,0.12952023376831034,0.012407918968691645,0.10403959336543611,0.01612645794966272,0.17937143431137992
2021-12-13,-0.009612718365837769,0.02338478602458638,-0.01275533783159255,0.00378962935576288,0.5174297225162579,0.017302893058507296,0.28641550837357244,-0.007172566780663692,0.6753442216883663,0.014525372030685713,0.6598728099528326,0.022272545213667616,0.8140842707663978
2021-12-14,0.018323623379064014,0.021236609659838424,-0.030163503100920974,0.016632211990227352,-0.41724662474498164,0.0333959781995854,-0.2754994320839179,0.010787445968802656,-0.08716280468192805,0.027757940236796452,-0.03700435531813406,0.04057507987220488,0.05629568513261485
2021-12-15,0.052465483234714005,0.06306706114398408,-0.011932938856015873,0.049506903353057075,-0.28512287452180907,0.07654832347139906,-0.460219401333825,0.06436883629191303,-0.3603150672910733,0.07405818540433806,-0.29904878325120965,0.09197238658777152,-0.24293439101837822
2021-12-16,-0.031862278866273464,0.007799124976222149,-0.04108807304546325,-0.03557161879398896,-0.06054963921496803,0.020505992010651175,-0.40175911889092286,0.021837549933422018,-0.3744874019381874,0.029337074377020045,-0.3252621786307882,0.05189905522795035,-0.2716767771000965
2021-12-19,-0.05689155048189387,0.0007485730326564077,-0.06044727238701231,-0.016187891831196843,0.35287139853135385,-0.008608589875551131,-0.02693531844546293,0.009235519790399493,-0.15137155276530523,0.00901562646205556,-0.06230195760648671,0.03412869218053105,0.007383465132186018
2021-12-20,-0.05261775520924539,0.006478725267028418,-0.05261775520924539,-0.0643495009630537,0.03952674306021042,-0.07543337419016061,0.05239198524520816,-0.055918403081771983,-0.11977936787295962,-0.05839607774470423,-0.03012270956034635,-0.03735773069514958,-0.0161710429750066
2021-12-21,-0.025145398563120036,0.020099213137187766,-0.027198084160109492,-0.02309271296613069,-0.18134758133742934,-0.08646938077317945,-0.06484431738792729,-0.0729387615463567,-0.2523269343864153,-0.07923794047211863,-0.2118167466710238,-0.06042023035693911,-0.22541811812852075
2021-12-22,-0.004555424329340307,0.005145942297958506,-0.01754681963894056,-0.013666272988020922,0.8496410607402338,-0.08123840053990339,0.8135986924633309,-0.08017546819638954,0.446732880525059,-0.09005820819976484,0.5100294384636666,-0.07317361228277364,0.438690737430089
2021-12-26,-0.010899409268657956,0.0004992095848239675,-0.022797237706963958,-0.013728263582660771,0.23922731162467925,-0.0653298943339724,0.9994751259690791,-0.08630501705632765,0.7890996386327664,-0.10008320159747142,0.8852697931002196,-0.08491832376514952,0.7529654625452398
2021-12-27,-0.0035806478474478265,0.009492880339745158,-0.01315679906736611,0.0008327088017319184,-0.060660617548134566,-0.03948705137813413,0.570280811282893,-0.07861603797152161,0.6766127910984705,-0.09239736864018755,0.6697165760980277,-0.08251033946762143,0.6424103307959455
2021-12-28,0.0035049653676040293,0.014437119252274089,-0.01001418676458321,0.002169740465659764,0.06098713167816494,-0.015338396061087556,0.4894361747017919,-0.06702829007761013,0.7287703565461712,-0.08532087123424925,0.7266226744565012,-0.0783582297143175,0.7152900318248818
2021-12-29,0.0033414084036422764,0.023306323615403857,-0.00041767605045528455,0.0010024225210927273,0.12983372520200032,-0.004978698521427738,0.48619591262762873,-0.056369559769443134,0.9499097267927312,-0.07889900593100074,0.8858028811455743,-0.07635118202322277,0.9311661303505319
2021-12-30,-0.0035090650848024207,0.009106859386749155,-0.009273957724120652,0.00016709833737160729,-0.13317819810182208,-0.00015038850363546796,0.014180426350859143,-0.0451081961734483,0.6039198636709393,-0.07169354164926145,0.5759174728054166,-0.07508285292561334,0.6654184619437105
2022-01-02,-0.0045402014198447915,0.019399042430245927,-0.0045402014198447915,-0.01196962192504547,-0.3127901156121682,-0.010219580650488225,-0.3318477443713185,-0.04143965659567472,0.004658935791746588,-0.0772824830774318,0.05593782267136338,-0.0848907600022013,0.13111966539768516
2022-01-03,0.022282968853545304,0.04141815772034452,-0.005218687872763361,0.0034791252485089075,-0.10147062301587462,-0.005202120609676397,-0.34047899913155943,-0.024850894632207132,-0.16647972857186133,-0.06570162359178333,-0.08440140875751578,-0.07944831013916509,0.012766892649319184
2022-01-04,0.037967140546522504,0.05252404869328342,-0.0010215374138078381,0.027666638290627432,0.005196848357549744,0.02339320677619705,-0.2650025629721635,0.013918447263130629,-0.17980277835358338,-0.03405975993870869,-0.08957969341931349,-0.051658579495474144,0.008443043417874607
2022-01-05,-0.010055304172951307,0.015166750460868128,-0.026333165744930498,-0.015669515669515688,0.2575374136743682,0.0034020445785141185,0.022908135943299657,0.0007541478129708956,0.01422435564245883,-0.045491871962461294,0.15992833274502272,-0.06502150717837007,0.2556572321914512
2022-01-06,0.03400655964094601,0.03922837907819776,-0.00043155532539274066,0.030036250647333063,-0.02582702479541532,0.032901778007939475,0.059501536939691624,0.03290177800794014,-0.08466877110226378,-0.012998446400829589,0.12296347826620124,-0.035039415386385886,0.2309844929870315
2022-01-09,0.004162330905306932,0.010752688172043001,-0.04769337495664239,0.004682622268470382,-0.3880586234745912,0.031096080471729737,-0.32232030044014814,0.035414498785986126,-0.43495856003346844,-0.006152445369407733,-0.31120329893838516,-0.029581454503410765,-0.24083326845391995
2022-01-10,-0.008448275862068977,0.006982758620689644,-0.02525862068965523,-0.005862068965517331,0.860648618144902,0.015017241379309265,0.38108599470005267,0.025146551724137156,0.15290371374466583,-0.010491379310345716,0.33060792315949006,-0.03188218390804598,0.38570668388713214
2022-01-11,0.023157894736842044,0.03219298245614044,-8.771929824569202e-05,0.01754385964912286,-0.3372674545704809,0.024543859649121647,-0.138007728926953,0.039543859649122215,-0.22928058827135522,0.010114035087718465,-0.12891139571404286,-0.012514619883041034,-0.09625957103414395
2022-01-12,0.012470360937911762,0.024262755774128397,-0.005883902696056875,0.0011416527619214634,0.5164269702600275,0.019618863616403415,0.3300705466340963,0.0356107842276272,0.23516895293266105,0.013818389391410335,0.35290740301153334,-0.009235678112467505,0.3599201063948796
2022-01-13,-0.007142234996951546,0.0014807072554656742,-0.022471910112359494,-0.008187440118456513,0.26770186335403734,0.0017420085358403892,0.6570439822707126,0.02204511802107767,0.5969845387568746,0.008762302935283461,0.6830650469173869,-0.01414220596347604,0.6911672027947842
2022-01-17,-0.009026994184532566,0.012064924919711784,-0.01701241211700366,-0.0034719208402047563,-0.4494497884806311,-0.003558718861211063,-0.13733093446796563,0.014260914851140782,-0.12645124485687798,0.011079767381302785,-0.11933385374946492,-0.015105748922257911,-0.0867524305922528
2022-01-18,0.014212570621468856,0.026483050847457612,-0.01015095338983052,0.01703742937853092,0.49757849199787096,0.013223870056495945,0.2005374067222896,0.026306497175140553,0.32562966846881847,0.03275070621468834,0.27662195203183626,0.005876294726930409,0.3408763791392
2022-01-19,0.008982568480967679,0.0393845606545713,-0.0027570259694059684,0.007470651013874008,0.049726723374773796,0.01595517609391539,0.24965051383703463,0.02735681252223343,0.3419171060903481,0.04331643543222974,0.3017113467533967,0.015219969168741798,0.3808212625465617
2022-01-20,0.023418990340805523,0.03134681975578646,-0.003918352469473252,0.02460360852925092,-0.2899157615961613,0.0381082558775272,-0.20691380789198088,0.04804993621286613,-0.08533200444400513,0.06817477674503314,-0.10224919681303424,0.04135532470688297,-0.02352759684971839
2022-01-23,-0.01663297188016899,0.0008270538503951652,-0.07443484653556331,0.008454328248483689,-0.48543197549181616,0.03929424738099474,-0.5691689578630814,0.048088586656863885,-0.5225734999402296,0.07390645102003224,-0.5513372500486367,0.04993261042700481,-0.49742569530877045
2022-01-24,0.0014134941575574267,0.011105352431209914,-0.022992838296268303,0.02544289483603457,0.5809683330523188,0.05444779494911267,-0.10266887278562054,0.06812099509988623,-0.15963232174256226,0.09665001884658797,-0.24498164758546703,0.07604598567659249,-0.17565090699775743
2022-01-25,0.023011553518571537,0.03790699894968008,-0.00849804258569653,0.013272223813616035,0.14936157109008885,0.051083739138736206,0.05247932916303388,0.07351284254750245,-0.05539618199110441,0.1044877303542433,-0.10567592454958163,0.08849740602819933,-0.03570397547056414
2022-01-26,0.046536796536796654,0.05844155844155852,-0.0020661157024792765,0.030401416765053257,0.1542093312155297,0.06621408894136027,0.2847354441562042,0.09506099960645376,0.12119145622591487,0.13050964187327718,0.051938763621562245,0.12032008395644755,0.11416998044587601
2022-01-27,-0.03486273392229511,0.0016148950318228827,-0.05234159779614311,-0.03448275862068961,-0.01389057884845002,0.008929419587725418,0.3129741225312519,0.04555903866248667,0.07849704072595176,0.08288686235394604,0.05130572604621708,0.07961432506887056,0.10732219753669359
2022-01-30,-0.04109213770431919,0.0010044744772166325,-0.04118345356588449,-0.03871792530362528,0.016934806025186377,-0.03829787234042703,0.3221471196484076,-0.0027760021915809174,0.11413764459682962,0.03436672450004474,0.08815966102781125,0.03746385413813025,0.11766941009341125
2022-01-31,-0.00873165901521289,0.01305247997119463,-0.01920424880727345,-0.014222702313439584,0.08186501360807985,-0.050733639391485674,0.19167984452175468,-0.021730128724457898,0.2415763505812567,0.0150733639391476,0.19165051101633135,0.0251417769376181,0.18121016532185896
2022-02-01,0.011146642302421128,0.012334399269072538,-0.016811329374143424,0.014984010963910555,0.22199831461003683,-0.027428049337598348,0.3488811969527419,-0.010835998172681882,0.4796893564299973,0.02569209684787488,0.44672756707506633,0.04231460331962844,0.4008962677019714
2022-02-02,0.019179894179894186,0.029195011337868504,-0.0007558578987150177,0.03410808767951634,-0.3712106372219167,0.014663643235070634,-0.21851391656209818,0.01928382464096723,-0.07376765541643127,0.05535241874527519,-0.10825648126823129,0.07867850844041313,-0.13687580919377995
2022-02-03,-0.025839793281653756,0.008167220376522843,-0.0334994462901439,-0.023255813953488302,0.7680841659843638,-0.0011812476928766413,0.44056864208444124,-0.01051125876707304,0.7015149297529941,0.025442967884827805,0.5782201676653649,0.051015134736065004,0.5191822509473745
2022-02-06,-0.021707800396324917,0.004503693028283129,-0.021707800396324917,-0.023959646910466592,-0.07345158468492596,-0.01954602774275005,0.24308970762094861,-0.03546207890470232,0.5218084924261803,-0.004071338497568466,0.444625518365078,0.023263075722092186,0.363974536193189
2022-02-07,-0.04022643451410923,0.0019298396088858194,-0.04794579294965262,-0.047774251651085065,-0.2326599600653626,-0.06379620893730265,-0.10165539169120519,-0.07965520198987952,0.02469745081837149,-0.05372673471138234,0.09647481006319913,-0.027772536238099166,0.04130066784396225
2022-02-08,-0.004999152685985386,0.006947974919505162,-0.011015082189459346,-0.012116590408405292,0.19986228458013788,-0.06581935265209382,0.0860715193014836,-0.08193526520928696,0.18268104972775245,-0.06465429588205451,0.27676828020761146,-0.04056939501779344,0.25948506712802555
2022-02-09,-0.01580761792651142,0.018414193222904274,-0.019591356259984982,-0.007651559741024272,0.18483297435495571,-0.058555452787354856,0.29903877772073506,-0.07778525182880736,0.34781401575598947,-0.0709619103674437,0.5090566912422214,-0.048490708820314476,0.4940246028961901
2022-02-10,0.02583153347732181,0.03524838012958953,-0.009935205183585372,0.027473002159827287,-0.06037949562067502,-0.010073434125271064,0.07268950007982422,-0.037511879049676455,0.22041540278228888,-0.04330885529157735,0.3756824631569675,-0.02260907127429801,0.40170571633571717
2022-02-13,0.007460744339377046,0.017770451982302538,-0.010887481565021173,0.00416413637546631,-0.5716261170370349,0.00687082501951819,-0.5361803708054458,-0.0244122495011716,-0.49517711199774794,-0.038509586188948286,-0.41448394841916136,-0.01968421965819378,-0.3979420823452017
2022-02-14,-0.02171189979123167,0.006346555323590852,-0.023777035490605503,-0.03741127348643014,-0.12059141471356027,-0.023699373695199366,-0.49345892319696805,-0.0561002087682676,-0.5206986335815924,-0.07428810020876886,-0.45860934328443337,-0.057589422407793966,-0.4540908647070362
2022-02-15,-0.01039501039501034,0.00282744282744285,-0.030519750519750533,-0.004158004158004158,0.186933768533869,-0.02250311850311959,-0.280839422571597,-0.052823284823285244,-0.370099686276537,-0.07624948024948086,-0.33576009016626485,-0.06189327789327781,-0.3346880016672841
2022-02-16,0.025412087912087822,0.0416380494505495,-0.001717032967032961,0.0323660714285714,0.3320589270805454,0.012963598901097662,0.09175782401143673,-0.012894917582418008,-0.09061790805831071,-0.043359375000000755,-0.08212501777788528,-0.03166494963369948,-0.1022899692287178
2022-02-17,-0.009111035422343261,0.005619891008174394,-0.02707765667574924,-0.008174386920980825,0.0008823971008475873,0.0005108991825601983,0.1808690073094148,-0.011903950953678799,-0.08983011702119803,-0.049459298365123305,-0.06324524814187915,-0.039861489554949836,-0.10092047978992025
2022-02-21,0.0058094831268689084,0.022212729602733905,-0.015121742844938058,0.0033319094404100635,-0.2793574259196575,0.006732165741135221,-0.09080745984281524,-0.0008543357539515517,-0.3128288957310035,-0.04300299017513942,-0.32135222584693335,-0.03720347429873261,-0.34685155157182224
2022-02-22,0.040652557319224014,0.05846560846560833,-0.0010582010582010914,0.032186948853615505,-0.09327586659811693,0.04227513227513113,-0.17613320245256692,0.03662257495590793,-0.32618032596172974,-0.00857142857142923,-0.3964973535244257,-0.005864197530863979,-0.39503752993468655
2022-02-23,-0.10475118578663878,0.014872578181525764,-0.10475118578663878,-0.08835115362971291,-0.4196118270544922,-0.06002090200176968,-0.5257861742850009,-0.05752874025243193,-0.5810838225490662,-0.09323900635099325,-0.6417060567332082,-0.09421175335637899,-0.646126114072637
2022-02-24,-0.006188511583624212,0.00595049190733099,-0.038162488099016234,-0.013091082196128312,0.8730274409175665,-0.06575690257061362,0.07341476257316537,-0.06481275785464924,-0.07519841784407066,-0.09731037765788697,-0.2694621118587971,-0.1038506294298106,-0.2914460445567544
2022-02-27,0.037079953650057895,0.042128786624731074,-0.008400926998841096,0.04320476742261237,-0.23011331004974978,-0.00956795232577512,-0.12908555999052385,-0.01852342327429235,-0.24165149375076278,-0.04821221652044416,-0.4218917806916157,-0.06181095845058748,-0.4482261074059982
2022-02-28,0.04558697514995713,0.04558697514995713,-0.01636675235646956,0.035304198800342634,0.20380908347743465,0.03119108826049577,0.15751096525282127,0.02047129391602387,-0.005957681591365227,-0.007947729220223243,-0.27173246808592233,-0.026703798914595622,-0.3110394482638924
2022-03-01,-0.021190298816323172,0.01374058438870951,-0.02296995281847536,-0.03402036255276886,0.49980395953141477,-0.00446982865656953,0.7619774650671278,-0.013061832629749248,0.5034446821592642,-0.03872196010264117,0.1261676154107252,-0.05929420853682077,0.065083396857466
2022-03-02,0.045685279187817285,0.05570850899079405,-0.006194614127161602,0.03940462875333384,-0.030771864064238375,0.04750924890303598,0.60869144987834,0.02674008431558117,0.4026654109392751,0.003338208724080749,0.1031707378353699,-0.02062003498809828,0.032547941017976756
2022-03-03,0.00236055254415124,0.011540479104738655,-0.0258786501136562,0.016174156321035138,-0.13127958529431827,0.05018359853121068,0.1328183616397245,0.03983213848574918,0.19455797694563803,0.022530162615841398,-0.024381062001227694,-0.003919682928250734,-0.09264955778368911
2022-03-06,0.14255806998305243,0.14527464858937278,-0.004486093111354839,0.1402651779483599,-0.4593663734070649,0.17423985644501916,-0.4059823704983152,0.18359086830824412,-0.34510354308438107,0.1702123417406034,-0.46801176369505626,0.1364403681919384,-0.5010153766464662
2022-03-07,-0.051881897934157206,0.03641165927742662,-0.07546457881331947,-0.05376851240449021,0.21440664170965174,0.07240826337137896,-0.2353557113521727,0.1037920950853688,-0.1378307907226899,0.103494953306291,-0.30868086972935316,0.07237053108197355,-0.3699346563282915
2022-03-08,-0.0009099181073703999,0.02993630573248396,-0.0049590536851683575,-0.035395814376706136,0.47529827519342716,0.014995450409462041,0.17850363929099733,0.05467697907188307,0.30774626904128466,0.062156505914466864,0.06906455653635435,0.03356081286017609,-0.06826622155245143
2022-03-09,-0.034510577267838016,0.003854428110433794,-0.04442362854069559,-0.014879885263535342,0.6904870531827743,-0.019666547149516878,1.0546056426668393,0.03584618142703455,1.171449376769162,0.043353352456076744,0.8375641421550424,0.01931098362615047,0.5812020556761444
2022-03-10,0.04928604329801933,0.05043758636573026,-0.0007369875633348455,0.02772915707047452,-0.19997096081720733,-0.0010870566559200157,0.5761487342266978,0.052749884845692874,0.5300589942167351,0.06930907415937293,0.47396733315314155,0.04967296176877034,0.2567109328055648
2022-03-13,0.004072565716401355,0.017215845982969213,-0.01471677156608664,0.00472047389855601,0.047572268916608484,-0.007164013328398111,0.5861844417601476,0.04153091447611956,0.5469942299061126,0.0695529433543125,0.5645137353881464,0.0567598420338149,0.3196806737345519
2022-03-14,-0.027111667859699318,0.0017000715819612822,-0.028274874731567756,-0.03328561202576952,0.179384924654181,-0.02637795275590671,0.5078688511922143,-0.004572297780959689,0.6964020791372585,0.030502863278453196,0.8640276909201403,0.022411119064662532,0.5577706108344238
2022-03-15,-0.0005356664583519022,0.02410499062583682,-0.03999642889027766,-0.0022319435764663886,-0.44344102550869313,-0.018284081778413785,-0.32386652265111493,-0.011204356753861777,-0.11394748224688833,0.02663601464154941,0.013162800242319639,0.02079873820789846,-0.1352285345762253
2022-03-16,-0.004047854637042381,0.00823063776198607,-0.03381487811459938,0.007555995322479081,0.2345900204348823,-0.007070252766035123,-0.14796038029816416,-0.011648826122155675,0.12373431163878035,0.030912116578213134,0.23941857677948075,0.028787742496477087,0.0850872009672814
2022-03-17,-0.021154186581695877,0.005664719419366193,-0.02230483271375472,-0.01602053460789521,-0.1255250163839604,-0.02366790582404077,-0.19880131761534447,-0.03196140909895595,-0.014357224729565132,0.010377942998760492,0.07366974844319207,0.01281347731161886,-0.038932070906066096
2022-03-20,-0.010620556482050403,0.0014921442991309153,-0.038444659001141135,-0.008338453436320559,0.2161604884093138,-0.024032300535417717,0.03704986060199289,-0.04126217853067715,0.20204535114099853,0.0004169226718155894,0.317357411488719,0.006457181310161486,0.17654316605572484
2022-03-21,-0.02627563993897275,0.003898965926428133,-0.03076792676724882,-0.03432785217833534,0.2366511289184181,-0.04755043227665823,0.3166394569020774,-0.06262925919647433,0.33964265673048866,-0.035412781827428796,0.6301478954207289,-0.026518618974967323,0.47324798794889267
2022-03-22,0.014747982996443199,0.023249761429686933,-0.006506463086666137,0.023510019953153494,0.11413152208706778,-0.014366270495359768,0.4883699450490824,-0.030207339290362012,0.3557563420294494,-0.012331916370261542,0.7779132933649879,-0.0016193863682366638,0.6509368553492674
2022-03-23,-0.015439429928741033,0.00016966406515117605,-0.03113335595520872,-0.022141160502205603,-0.02846483401677513,-0.030658296572786847,0.2888043862656542,-0.047124194095690686,0.2508735007248353,-0.03340685442823266,0.6751711934000848,-0.024097952720280258,0.6013921516223983
2022-03-24,0.014617368873602876,0.023215821152192673,-0.013069647463456513,0.013585554600171967,0.34002206667028423,-0.005950128976785374,0.6135062492086747,-0.028744625967326187,0.6806400781377178,-0.02307394668959628,1.0792424620616061,-0.010879908283175421,1.1515517210194077
2022-03-27,-0.012842320122469886,0.0013607756421158967,-0.02355842830413335,-0.010886205136928062,-0.15013419661879857,-0.011124340874299588,0.17044919743350895,-0.032726654192890225,0.37567410358810727,-0.03785082497023329,0.704064666476055,-0.02239326416057108,0.8288730455920073
2022-03-28,0.0,0.01489539748953983,-0.020083682008368298,-0.016066945606694527,-0.012230318946699681,-0.020903765690377885,0.05253309784133697,-0.04028451882845219,0.327852050614583,-0.054665271966527706,0.5972474038586515,-0.03758995815899546,0.8100108595174438
2022-03-29,0.007302989130434812,0.017493206521739024,-0.005349864130434812,0.014775815217391353,0.18640144978184825,-0.0038552989130449244,0.19708905133683285,-0.019531250000000333,0.5634595887721168,-0.039508322010869956,0.8208896486873061,-0.022172214673912727,1.105465768839538
2022-03-30,0.004080244814688827,0.018616116967018037,-0.006715402924175495,0.0010200612036721513,-0.13120384229896886,0.0013940836450172522,-0.011511747070353517,-0.013643318599116272,0.24142297028190596,-0.03982488949336982,0.5481426112933891,-0.021738637651592008,0.7776832686752513
2022-03-31,0.03663548133251715,0.03663548133251715,-0.002535629972895026,0.028591413832298684,-0.07715572224841238,0.029605665821455185,-0.11721642956841649,0.020215091370114235,0.08559766784060341,-0.0117557051674394,0.401255944787998,0.005470548803591102,0.6086995338146166
2022-04-03,-0.019884651803391606,0.005939571317896242,-0.023758285271584745,-0.015494533872772664,0.02680176799958711,0.010329689248513851,-0.052179597531539446,0.005603856417319086,0.03851277801473185,-0.02707239390548377,0.40318182384426593,-0.010714183237209518,0.6377979811521737
2022-04-04,0.027198310007921833,0.03142329020332735,-0.00682422321978704,0.022533227708828374,0.15840588772908748,0.030613502332539788,0.10612466757832095,0.030235014523368964,0.14849288428633267,0.0018308247513418863,0.497024594050425,0.011204999559898177,0.8800111780726527
2022-04-05,0.021263004197846325,0.023453184887753276,-0.013141084139441483,0.0367767840846871,-0.44283425809504706,0.05776601569629358,-0.3983502077459451,0.0641357912027738,-0.3811403743868317,0.04214272677495856,-0.22354755873627985,0.04734744783111311,0.022879429246157157
2022-04-06,0.005291488002919342,0.00784599945260478,-0.025271416841529004,-0.00027369765532347934,0.8011512333312876,0.042550862147612944,0.2524853164995169,0.05865340753580828,0.17068499555546968,0.041711522671288526,0.38418529932825174,0.04589909679773774,0.8166432314527925
2022-04-07,0.013348164627363657,0.01979050797182058,-0.004171301446051046,0.01603633667037463,0.4560873433304615,0.04438264738598319,0.7941503344760343,0.06796440489432642,0.6642487192309159,0.05751297738227623,0.9983917335919976,0.05810468421703163,1.4785821871178024
2022-04-10,-0.005469039673711484,0.01900259547645544,-0.012050426399703329,0.0,-0.433192108402466,0.032350760103817766,-0.0667311702621729,0.06015943641082622,-0.07867630653929858,0.057202447163514636,0.09734668254213985,0.05249351130886226,0.35866715841172425
2022-04-11,0.01772198633930211,0.03359793243492715,-0.0024921543289644355,-0.004245892560457931,0.24279876725109295,0.012663836071624912,0.16994647572309418,0.04670481816503558,0.15426224278532774,0.052639837548458246,0.35035232512656034,0.04404344348040157,0.6248777424973233
2022-04-12,-0.03390580736543913,0.0038066572237960283,-0.0393059490084986,-0.04089943342776192,-0.4092569115325505,-0.03808427762039779,-0.3123286480631998,-0.0059844192634564974,-0.32785234170185706,0.008073654390934548,-0.2106032198243838,-0.0011242917847019696,-0.07199819152305686
2022-04-13,0.014104752493037331,0.030904680621687053,-0.0004491959392687317,0.014823465995867258,1.036404140245542,-0.01775222351990069,0.36316257032869403,0.0044380558799743675,0.45431417397608564,0.02344353607043348,0.5708548616571194,0.011331716227952482,0.8876394519155388
2022-04-17,0.016294397656536175,0.018811790552911045,-0.009154155986818013,0.018949102892713343,-0.07969455653766011,0.00397290369827763,0.21147049679591334,0.01767667521054528,0.3053519170093417,0.042900952032222106,0.38844175594750974,0.028994263395582198,0.7013889987415451
2022-04-18,-0.03842096008440299,0.003604712502198071,-0.046069984174432865,-0.039563917707051144,-0.2662388855242033,-0.03335677861790187,-0.07876788917760069,-0.027096887638474176,-0.0682689976084555,-4.395990856886911e-06,-0.031154606854688183,-0.013223140495867258,0.21670899658181142
2022-04-19,0.0014260249554367554,0.01951871657754012,-0.004010695187165791,0.013725490196078383,0.2725467270072266,-0.009643493761142152,0.1698671586338112,-0.01590909090909154,0.1896601346474882,0.013636363636363003,0.20588474017071134,0.004310754604872624,0.45854094595454287
2022-04-20,0.0756837766953915,0.0756837766953915,-0.0033720494567253123,0.05095541401273884,-0.2750415736108689,0.04805170475833487,-0.15679101024006947,0.032914949419257544,-0.14219272237839753,0.06257961783439403,-0.1426735290734319,0.05741850880479604,0.002630229965548292
2022-04-21,0.00396563119629878,0.020677934094986306,-0.005948446794448059,0.008025682182985605,0.5870721480180243,0.04475498064394179,0.2529641295898073,0.038542158436407625,0.3003702638034951,0.0670899820602393,0.36429823188727695,0.06491675321814139,0.5592533139493796
2022-04-24,-0.03601385849744709,0.000547045951859948,-0.04913384390955511,-0.03437272064186736,-0.26606145855073604,-0.0010029175784111999,-0.07874452453785064,-0.0005288110867986973,-0.06175419790577086,0.02495441283734423,-0.019174707224090426,0.026595550692924963,0.13200261233213406
2022-04-25,0.01932905863767309,0.029458228789146057,-0.0003345413994981783,0.019236130471145918,-0.16991559217715602,0.01903168850478454,-0.20016647838753798,0.020369854102777918,-0.1892131435917097,0.041594647337607205,-0.17975014402840794,0.046693306074404584,-0.0709155901269296
2022-04-26,0.004403222784335803,0.014427581038036319,-0.027262507026419303,0.008150646430578945,0.23081096460432127,0.01585160202360747,0.011029078243710133,0.028433576915869674,0.010163790259138494,0.045414090312908995,0.019813240117415587,0.055090250452813905,0.13962219038480583
2022-04-27,-0.004262416604892572,0.007783543365455836,-0.032338769458858385,-0.01093402520385478,0.052307441062599214,-0.005374351371387642,0.09280005098437005,0.015706078576722682,0.07438048679451703,0.028071719792437833,0.07112083959573634,0.04200333580429949,0.194219093823633
2022-04-28,0.02507627765064835,0.0383295194508011,-0.0018115942028985588,0.02898550724637694,0.08424752339129293,0.025667429443171796,0.13015196872667434,0.04034134248665078,0.10106147056897052,0.05317982456140258,0.1656266217711233,0.07090643274853803,0.2528688448874816
2022-05-01,0.004673788630293663,0.007249141549027005,-0.029950400610454064,0.00038153376573824005,-0.15477954775532454,0.024093857306370037,-0.020353687263948927,0.03460511255246024,-0.056334747206323255,0.04749618466234162,-0.02111805474438344,0.06931514689049978,0.03365459804799542
2022-05-02,0.06195313285728643,0.07422307150759333,-0.00819672131147553,0.05441013778537651,-0.521278584879888,0.07007945288142237,-0.52961189394288,0.08647289550437431,-0.5375658866955619,0.09969828019712268,-0.5326583071844676,0.1247678433738979,-0.5184814571679929
2022-05-03,0.000603803964979388,0.005534869678977428,-0.0664184361477308,0.000603803964979388,-0.29865828703743424,0.054261849652811334,-0.6095319099565699,0.07272818758176447,-0.6410891066862594,0.09193921706752439,-0.6543833627265823,0.12058300627285234,-0.6557933024789327
2022-05-04,0.04457058761694532,0.04457058761694532,-0.015977083990328933,0.04457058761694532,0.445923639285958,0.08575633343845124,-0.23986123429530715,0.10705350572900185,-0.3768406524681682,0.13312309471249772,-0.4494584227126356,0.16400714811310846,-0.47384293244642683
2022-05-05,0.03340179440060531,0.04723813641768437,-0.07112744568154794,0.028321262566209038,-0.3727619621373123,0.08885525889092905,-0.45357530299931526,0.1258350448600143,-0.5813532598547027,0.15740460490757635,-0.647510036991259,0.18971642705293124,-0.660177943862998
2022-05-08,0.07555347311701999,0.07555347311701999,-0.01663347780250679,0.0836359376830269,0.419686287484506,0.15094295419936565,-0.013388419710220534,0.20429893405177402,-0.29494491581478544,0.2441899964858838,-0.44765934621703707,0.27931357619772745,-0.48647359258015366
2022-05-09,0.002269117313365099,0.027229407760381186,-0.030633083730428945,-0.03142727479010665,0.10764544238717,0.07059223961878658,0.2185784520927967,0.13886997957794356,-0.15546225170424544,0.19231903789425786,-0.3473257745755518,0.22741093714545046,-0.4076947517214813
2022-05-10,0.03411387138951638,0.06436467371924404,-0.0052300011886365905,0.047664329014620366,0.13897006809763268,0.09478188517769937,0.38787162713659473,0.17001069772970334,0.011066860700459369,0.23741828123142628,-0.228823424603538,0.2742501683901897,-0.30540349384696996
2022-05-11,-0.03398782868297168,0.00045929498220220744,-0.06211964634286371,-0.03398782868297168,-0.2977642638706859,0.02257434837524208,-0.11307701179554386,0.10428292570903586,-0.2567025833697393,0.18146170628085745,-0.4398105490024756,0.21740345236728298,-0.5016092422697926
2022-05-12,-0.028821917808219077,0.015452054794520498,-0.028821917808219077,-0.04558904109589035,0.4316997292634337,-0.04166575342465928,0.3302543776194664,0.031112328767122666,0.15709949602168027,0.11342465753424524,-0.16630812529939143,0.1506995433789955,-0.2541622911598974
2022-05-15,0.04725767506036571,0.05910083936989774,-0.0008048752443370333,0.049212372082327205,0.7100263427801501,0.002598597217429388,1.0009278728062418,0.06618374152006368,1.0704224998602432,0.15668621363688495,0.47761762125493856,0.1972135985588901,0.30202957677758624
2022-05-16,0.0452794958571594,0.05193138055782476,-0.014003967790874094,0.014937565643599049,-0.6208162356844255,0.021309370988445098,-0.32993046589601704,0.06125568911191426,-0.21256459001656647,0.16096977476951668,-0.4345625831810398,0.20443847979149643,-0.5061320815593994
2022-05-17,-0.006089706054573041,0.018503337627356897,-0.01780067923644446,0.003513291954561293,0.7658920579529902,0.01915915212553987,0.2742119429973342,0.04889331303431255,0.4359663077867406,0.1486239606511286,0.05355955360720355,0.19677167505953075,-0.0904826092774541
2022-05-18,-0.06718232044198891,0.023812154696132515,-0.06906077348066297,-0.056464088397790047,-0.3610582398999581,-0.03560220994475305,-0.20517464013883646,-0.025779005524862453,-0.1380872111000827,0.06895580110497113,-0.3115776563319481,0.11880294659300161,-0.4094117046977376
2022-05-19,0.012208781362007315,0.03360215053763449,-0.0356182795698925,0.013664874551971407,0.7544102352653548,-0.014784946236560792,0.377803268033464,-0.01765232974910469,0.5426184087315402,0.07445676523297351,0.25511065354246765,0.12696759259259238,0.05733757561978359
2022-05-22,0.0005603496581867429,0.005603496581866985,-0.027008853524599474,0.0005603496581867429,0.35273157562766033,-0.018648436624455478,0.7870875182663966,-0.020721730359745116,0.9093698867845408,0.06574022189846329,0.731042419742246,0.1200044827972655,0.44738862686701464
2022-05-23,0.03647128478389572,0.0409709887507399,-0.006039076376554209,0.05660153937240975,-0.079010566250304,0.04224985198342024,0.643060350529806,0.039277679100058416,0.6477825703812128,0.11395500296033023,0.5971265272200434,0.17603710282218277,0.3460213152904794
2022-05-24,-0.0834795963141729,0.00032909170688899536,-0.0834795963141729,-0.07360684510750326,-0.5174843732103352,-0.03718736287845714,-0.3486876070581483,-0.041268100043879485,-0.2450231715336969,0.019257349714785876,-0.23034415615335813,0.08090536785139668,-0.3495143694395719
2022-05-25,-0.018301216492625727,0.015448379804069434,-0.02110022607385076,-0.018624179136613295,0.8886903317982968,-0.04269566153515092,0.35332267412325247,-0.05155560340187382,0.4682713655342594,-0.00811174507482093,0.5095469365789964,0.0546093946244659,0.26861337418121534
2022-05-26,-0.010053408733898817,0.010577023772122773,-0.015970258665828796,-0.027227981987642647,0.13020968401250066,-0.06375536705414342,0.3053252838349252,-0.07130589590533098,0.5366675054613224,-0.04298879463818306,0.7212336105384842,0.018888539812196514,0.4276434851661546
2022-05-30,-0.0012624934245133446,0.008890057864281875,-0.015149921094160912,0.004629142556549226,-0.22997332936207082,-0.04635455023671908,-0.03848043363478837,-0.06254602840610268,0.13345045455160842,-0.043498158863756964,0.33450824742093577,0.018057162896720547,0.10841792009639328
2022-05-31,0.01375515818431916,0.02994392127817158,-0.00909956618347263,0.005713681091947809,0.16448596841625052,-0.028589567241563363,0.18245305644262588,-0.04864035551793544,0.3499695533206095,-0.043212358480585134,0.5717504820724235,0.01886925545797591,0.30858282695611705
2022-06-01,-0.040843621399176966,0.005452674897119314,-0.040843621399176966,-0.027674897119341568,0.4705073080615072,-0.034773662551441875,0.7612831760636083,-0.06589506172839577,0.7972552840816474,-0.0722222222222233,1.2604213862677267,-0.01592249657064493,0.9312712344315048
2022-06-02,0.004302203567680962,0.010178384050367306,-0.009443861490031402,0.019937040923399874,0.06517243241991877,-0.0028541448058777563,0.48948366734317483,-0.034879328436516865,0.8188734981132368,-0.0548635886673674,1.2721015996975003,-0.0015494928296608812,1.057464946329493
2022-06-05,0.01481715006305162,0.017129045817570576,-0.011063472047078471,0.0014712063892392546,-0.2809650239841086,0.003678015973096471,-0.01348126076787981,-0.028415300546448807,0.15238151517421428,-0.05338377469525113,0.5757374870646725,-0.004094857783382366,0.4684668388602671
2022-06-06,-0.01446259494329416,0.002705233586515421,-0.021954011029029274,-0.00988450733534496,0.14107032622631643,-0.006929559879306546,0.12342858951833735,-0.03190094683175593,0.2811830254681291,-0.06136198106336599,0.684194817734302,-0.017667256268858678,0.6885742807245252
2022-06-07,0.006638566912539501,0.017808219178082174,-0.008535300316122263,0.012750263435194809,0.2628045426343697,0.007966280295045758,0.293268080669818,-0.012307692307693019,0.6061221144805264,-0.04373551106427942,1.0379467797954471,-0.00990867579908683,1.131271280939314
2022-06-08,0.0038330494037479568,0.0061754684838160046,-0.016183986371379855,0.01043441226575803,-0.06992958631495272,0.019314310051105732,0.0869664410265869,0.009124787052810168,0.4474105179558987,-0.030158645655878558,0.8143038533812923,-0.004088586030664421,0.9648743115597969
2022-06-09,-0.005308200628317716,0.009858086881161299,-0.015382948759614323,0.017441230635900862,-0.4813548510015635,0.02998591701873976,-0.43899290586482964,0.029715090456071014,-0.3472843740044723,-0.00794063481746421,-0.0912075379717886,0.008652005922074268,0.015982360695544484
2022-06-12,0.040626471973622236,0.04451248233631655,-0.007124352331606243,0.08702308054639651,0.16879049369343058,0.11257654262835448,-0.22737133638147478,0.11864107395195389,-0.21296041608347638,0.08146490814884455,0.02389398940948917,0.09030067514523488,0.2037961276312683
2022-06-13,0.0030609842241582363,0.020955968919237122,-0.009595008241111369,-0.000235460324935155,0.4395199439350581,0.08820343772074257,0.16622437656952638,0.1059336001883675,0.15880673817542368,0.07748410642806558,0.4486299129825382,0.08221097245114195,0.7508220046244924
2022-06-14,-0.013613290263036482,0.01615136132902628,-0.014536225196123742,-0.020073834794647083,-0.030194751458574975,0.04058606368250883,0.12618311180698405,0.07206968158744731,0.07205149488594143,0.05468389478541624,0.3982191257549317,0.05283417935702195,0.6958032603526676
2022-06-15,0.03314173902409201,0.04323101381924932,-0.0068484774367127965,0.060046471811177726,-0.15224525093855545,0.08296441237617569,-0.009174023152724864,0.1268680445151027,-0.11467592960607076,0.11861929803106164,0.1044113841966301,0.11085565203212266,0.4048241512188018
2022-06-16,-0.019716646989374254,0.017473435655253944,-0.029515938606847647,-0.0345926800472256,-0.5425067607806383,0.016812278630458755,-0.5208490271309882,0.06966942148760236,-0.5829106991184136,0.0777863046044851,-0.5038142030089134,0.06550177095631637,-0.38188255604695276
2022-06-20,0.016551559895213064,0.033460347701833815,-0.003929507025482226,0.008573469873779382,1.3597780962166697,0.007406525363180094,0.30397328031479365,0.06621814717789865,0.14557977892559126,0.08357346987377823,0.17087907372679467,0.07049694371675774,0.4722760611771284
2022-06-21,-0.0028842687177020876,0.013940632135560849,-0.0060088931618795804,0.009253695469294776,0.35803201087521885,0.014469414733804475,0.6954128382960383,0.06264872010575595,0.5505727401500036,0.09041581540680088,0.5666542823912029,0.07698593919000118,0.9039274057237252
2022-06-22,0.02575054918232844,0.02575054918232844,-0.020746887966805017,0.015499145716377782,-0.40220414785652003,0.025970222113740116,-0.011043182875538626,0.06337564071271617,-0.0871444034796921,0.1036429094459348,-0.07393489955323218,0.09279960947034405,0.09882489087971869
2022-06-23,-0.045046082949308675,0.0036866359447005337,-0.0494239631336405,-0.05599078341013819,-0.09525425119814468,-0.042396313364056804,-0.05874164450308672,-0.011094470046083549,-0.13653354699489784,0.040403225806450394,-0.1565614631643205,0.029231950844854193,-0.024090609311960942
2022-06-26,0.02044631382170814,0.02687229816567349,-0.01653230517583837,0.014137165556723952,0.3783698840212948,-0.017104801962847804,0.3544807197793547,-0.005432877672626013,0.24959970145250354,0.05256455193363574,0.11821696589444719,0.044822214433150265,0.33252939312835395
2022-06-27,0.025716994548471206,0.050841431618867006,-0.0017776724342259964,0.014339890969424118,0.631474403003107,-0.000900687366676145,0.7565586418285011,0.0008651339179894801,0.9551763830673776,0.06333254325669446,0.8080704695113481,0.05921229359247859,1.0922727644604433
2022-06-28,0.0003571428571429447,0.003095238095238262,-0.02107142857142852,0.0045238095238093745,-0.02206175132013266,0.004571428571426894,0.5903381921160451,0.004749999999999366,0.8034519747100175,0.06152976190476056,0.7324151635699214,0.061277777777777764,0.9857487387880206
2022-06-29,0.0015742310486799305,0.023462097360135603,-0.024824412690724107,0.01719544683942842,-0.45338702713862833,0.023758779365462113,-0.1514089030078939,0.02088883506902328,-0.03791622403518202,0.07309275853717478,-0.08580784038721379,0.07832808589650453,0.07394073984422422
2022-06-30,-0.006982903924873551,0.021069106669877158,-0.01420659764026011,-0.00577895497230918,0.8871424047292304,0.019383578136285218,0.5683544619636669,0.010052973753912342,0.8518076255002256,0.059709848302430535,0.7221725382186692,0.07084838269524041,0.9416930734559785
2022-07-04,-0.036165730337078705,0.001872659176029856,-0.05401451310861416,-0.027855805243445664,0.08328585864046345,-0.017766853932585924,0.4241428565488048,-0.01657303370786567,0.9195021186881183,0.021915964419474188,0.84802072114405,0.04011001872659192,1.0487946279439506
2022-07-05,0.0018905825357440342,0.01701524282169431,-0.02150537634408589,0.009571074087203257,-0.2455081460077072,-0.008720311946120107,-0.043629438419225064,-0.006286186931348636,0.20233159910551168,0.025871440387567946,0.38121951276904653,0.048071999684903055,0.4638180412507251
2022-07-06,-0.003605909038036592,0.008549494009538305,-0.01965802023961849,-0.01558683261602889,-0.268058993026312,-0.023589624287543742,-0.27430287518952734,-0.021018960102361817,-0.14644945870241288,0.0037571245783396545,-0.004165611743490949,0.029932922337249535,0.0511315570053692
2022-07-07,0.009957325746799528,0.01588430535798957,-0.00850521574205787,0.0190848743480323,0.27971132469433124,-0.00028449502133887083,0.026682114797144107,0.000936462778567515,0.12633879307684737,0.01690374585111276,0.28034653967265055,0.04830093251145895,0.34551969930512794
2022-07-10,0.020440442876262344,0.02117045869327172,-0.015208662854361843,0.02640223871517211,0.13199672987630584,0.030441659569289126,0.061511425888700844,0.03030782333617177,0.2103428057694563,0.03734030904002772,0.4539383283946037,0.07594192318611359,0.5088875508253901
2022-07-11,-0.003045808966861574,0.019127680311890938,-0.004142300194931781,0.0013401559454191414,-0.036401768198079165,0.02970272904483262,0.04857463873110324,0.02607212475633469,0.07320519560450833,0.03158503898635323,0.39530783187372576,0.07374106562703076,0.38229651510683116
2022-07-12,-0.039754984386259906,0.006966130194571152,-0.04515974057170313,-0.014172471775162232,0.42393646156655107,0.007038193610375387,0.5583556235165237,0.00731443670429921,0.47486831294504306,0.010821522940185568,0.9100870686507212,0.05419569220914422,0.9375206925932689
2022-07-13,-0.007931665649786535,0.005369127516778427,-0.015863331299572847,0.015985356924954175,-0.20526942501924883,0.019792556436849962,0.1661753409699971,0.02205003050640575,0.15626515082123915,0.02596705308114533,0.45714824021482525,0.06607280862314457,0.5112774558802946
2022-07-14,-0.012428977272727293,0.006865530303030276,-0.02530066287878785,-0.02994791666666663,0.3022942974437468,-0.02026515151515329,0.36772582755802463,-0.01098484848484893,0.5090773914974229,-0.006528172348486572,0.871746930464812,0.028977272727273018,0.9184853574077485
2022-07-17,-0.007667286245353067,0.010687732342007372,-0.007667286245353067,-0.018587360594795488,-0.2707413012153622,-0.03819702602230646,-0.09118429563508301,-0.0271607806691454,0.004065102971182233,-0.026272072490707954,0.33301920756416803,0.0059673172242875605,0.3651067034264013
2022-07-18,-0.03498574248738773,0.0013160780872998323,-0.0393726694450538,-0.05593331871024354,-0.355296846984665,-0.08346128536960029,-0.41867554809760177,-0.07826277692476458,-0.34606701830351416,-0.07837245009870752,-0.16040412324651243,-0.054364992322877725,-0.12396994261978145
2022-07-19,-0.016927223719676476,0.005606469002695347,-0.02246253369272233,-0.016927223719676476,0.24265205127072798,-0.07935309973045979,-0.20128853032745253,-0.08767654986522933,-0.12949709090507622,-0.09047978436657833,-0.03589654772682105,-0.0718526504941599,0.10021671009148658
2022-07-20,0.004259501965923951,0.008191349934469239,-0.016218872870249035,0.012996941896024516,0.34392587324005053,-0.04665792922673806,0.1796672567553408,-0.06695063346439523,0.18605736997261602,-0.07386959370904489,0.28237644071741674,-0.060666957914664255,0.46769856452970493
2022-07-21,0.0015287180607119755,0.012229744485695582,-0.005459707359685484,-0.00021838829438736163,-0.05277937838616509,-0.02587901288491079,0.11313726661372958,-0.06105044769600354,0.06518047249959613,-0.06951299410351763,0.20590369763961025,-0.06252820848802498,0.37556371670636945
2022-07-24,-0.0058542931483086535,0.0017346053772768766,-0.019622723330442238,-0.0071552471812662555,-0.03924520658925201,-0.017454466608847974,0.11869379557115844,-0.05994145706851706,0.004586905887118631,-0.07094535993061746,0.11637215602214424,-0.07043581960104073,0.318421184400036
2022-07-25,0.021942526175094734,0.021942526175094734,-0.003954110046781034,0.027400311873468475,-0.238481564526567,0.023190020049007165,-0.14502126861043574,-0.022989529962129884,-0.23610940272446435,-0.04245934506571791,-0.18774331656650922,-0.04558921808866134,0.0005786878605149592
2022-07-26,-0.024962502678380072,0.00417827298050133,-0.03278337261624176,-0.03814013284765372,0.14422939753366038,-0.01883436897364632,-0.05771970203910559,-0.05200342832654836,-0.10326881926009812,-0.07673559031497912,-0.07643509496952006,-0.08289407899435763,0.11947817625185975
2022-07-27,-0.020627417275462023,0.0007520412548345234,-0.02395788568972934,0.0027932960893854997,0.22175734472996922,-0.014825956166739762,0.13518543640736458,-0.03852599914052446,0.13903413690157995,-0.06934357541899605,0.14224060869104305,-0.07731700329465685,0.34202144146361846
2022-07-28,-0.014682413022661933,0.0010639429726566618,-0.031067134801574636,-0.009681881051175623,0.05988255447352819,-0.021129907436962747,0.2097730979852197,-0.03599319076497509,0.2082340416820212,-0.0735237791254405,0.21245890025509695,-0.08336347838422531,0.40880047940577047
2022-07-31,-0.018261964735516334,0.0010495382031905365,-0.03316540722082284,-0.013539042821158809,-0.21731946623341292,-0.029324097397146698,-0.06629079919659264,-0.03906381192275421,-0.039173787156660755,-0.08007976490344426,-0.08517571742119634,-0.09321648474671151,0.08925401610541184
2022-08-01,-0.03363532229511612,0.008434864104967188,-0.03717588253670734,-0.007810059356451071,0.10061585304834142,-0.03057377902738867,0.053382680322396014,-0.036988441112152715,0.0723253292123347,-0.08090180152035986,0.019163996712388,-0.09560901107292852,0.1842868064065779
2022-08-02,-0.011828285918221604,0.0024982155603141543,-0.02018966044661963,-0.020801468338941476,0.10579864868419508,-0.03799327011318576,0.10370754688742934,-0.052075048434791715,0.13300501323832337,-0.09462118894667237,0.13865504258123273,-0.11057068080622667,0.22256574036196541
2022-08-03,0.00851282051282043,0.011179487179487246,-0.009025641025640962,0.005846153846153834,-0.46018548395389003,-0.022666666666668056,-0.42941195191969184,-0.041076923076923455,-0.40536641184371014,-0.08243589743589907,-0.389559072883805,-0.100553846153846,-0.3503851069667222
2022-08-04,0.005064076064489331,0.0180859859446052,-0.041442744935924036,0.007647788342290074,-0.033999380384681754,-0.00605622157916641,-0.3609060573309716,-0.02760438197602355,-0.3799891685566511,-0.06946052087639698,-0.40320702955943466,-0.08875223921730724,-0.3604288431718944
2022-08-07,-0.0009272614877395835,0.025190603750257612,-0.01215742839480738,-0.0030908716257984636,0.2256183844931563,-0.0034205645992183564,-0.09335073990489384,-0.02527302699361267,-0.1835382103037705,-0.06594889758912181,-0.24673078963188233,-0.08647915378803472,-0.21660287026790237
2022-08-08,0.012507883119613261,0.017027538364515538,-0.004099222198864827,0.02018078620979602,0.7938806983682625,0.020433046037417135,0.7061271010271284,-0.0005360521336980062,0.5207968278299067,-0.03928421273912308,0.3784491266237042,-0.06444888234881907,0.3831761148542432
2022-08-09,-0.00163482170225826,0.009706753857157358,-0.014917748033105194,-0.02789414529477885,-0.5005658549759662,-0.00984980075610653,-0.1746504241964678,-0.0229385920098093,-0.27133543332441756,-0.05941044242362492,-0.3189879272153131,-0.08729266714348971,-0.3222370185320318
2022-08-10,0.029140309032458678,0.03349580006222119,-0.0007259151716271228,0.014933112102042845,0.714769565635587,0.004521414497561382,0.5618638875134037,-0.0036503162916109444,0.29985492093235333,-0.03778906979156049,0.21449463679468783,-0.068999965432611,0.18816027748783726
2022-08-11,-0.0051077740320768505,0.002043109612830829,-0.014812544693022844,-0.014914700173664253,0.38425198791838744,-0.01264684850342368,0.9352987733464835,-0.015088364490755235,0.8005298650064723,-0.044744100520994645,0.6824100967761819,-0.07865290972860706,0.6466834329860895
2022-08-14,-0.013501167394173175,0.0029438635671503732,-0.028423510303522637,-0.006293777281494273,-0.38432777762175874,-0.016566846005483193,-0.006298581483305865,-0.017328190031469237,0.09039288715092098,-0.043949852806823286,0.034463716591157656,-0.07927113998578839,-0.015412513924699556
2022-08-15,-0.009592084006462054,0.005957189014539566,-0.017467689822294075,-0.005351373182552521,0.10756234279796084,-0.01890145395799825,0.03207039288740621,-0.019325525040388203,0.2056368279822991,-0.042790791599355504,0.1523090625714556,-0.07899838449111485,0.09821125936487007
2022-08-16,-0.0004103405826837436,0.0023758719737381195,-0.013130898645876132,0.01600328272466145,0.23887792456661994,0.004800984817397103,0.3260873685800132,-0.0005437012720561629,0.49055723636590853,-0.023440705785803928,0.3957347802767177,-0.05960880864450835,0.3684521906368736
2022-08-17,0.009018347672851812,0.009225666010158617,-0.0034207525655644,0.010469576034000339,-0.1658087446363583,0.014512283611483934,-0.06150262763056269,0.00930859334508094,0.23104739465369062,-0.010765004664664346,0.1430652967715198,-0.04532324384091779,0.13243634508129043
2022-08-18,0.011030971574034654,0.013417479847263492,-0.008379295714891932,0.023228680526092393,0.02733552895814917,0.0381629189647843,-0.030814255495756115,0.03166100975816666,0.18514784766290915,0.01481756470088924,0.17755451129497235,-0.019435016263611993,0.14581531165674466
2022-08-21,0.007988618953819193,0.011355876559422162,-0.0036112934996717083,0.0317356095425696,-0.003654892754241801,0.06320857955788872,0.020646498061394958,0.06168745896257355,0.09244033009639674,0.04850076603195275,0.17244828904777143,0.015302400233457414,0.13449246493318623
2022-08-22,-0.013360629242538669,0.002478181230470833,-0.013360629242538669,-0.015407822432927598,0.500432308956801,0.031462126925976275,0.4799120438073077,0.03920913694644934,0.5590089717451407,0.0318823402650561,0.7551470784453957,0.002959451208562225,0.6987652953755394
2022-08-23,-0.005336748852599049,0.006297363646066811,-0.00843206318710632,-0.009392677980574193,0.21947544579297373,0.008474757177925563,0.6615003115954172,0.026961255203329815,0.866653758101074,0.023807236631442574,1.0747378286599445,-0.0026434695983206247,1.0445726803768651
2022-08-24,-0.009753539590980576,0.0016780283167279197,-0.01289984268484523,-0.017409543786051307,-0.001977924543315357,-0.017031987414789063,0.5459672586907698,0.004698479286837642,0.6500950800344918,0.006166754063973379,1.0101165643872898,-0.016360776088096496,1.0263605268186322
2022-08-25,0.03845315904139435,0.046623093681917194,-0.0004357298474945148,0.03867102396514155,-0.5929424954108307,0.018540305010891878,-0.44146388057649355,0.04237472766884487,-0.36183298398136965,0.04631263616557568,-0.19820270478403967,0.02654320987654324,-0.18588243485649025
2022-08-28,-0.017081927973016997,0.008160156675008245,-0.017081927973016997,-0.0011968229790011442,0.9519660290007665,0.011924708954410557,0.1915038954135022,0.03450114242193392,0.33621431354788434,0.04386900228484225,0.5949264787474808,0.027969390345627954,0.6177784745393846
2022-08-29,0.01401971522453449,0.018291347207009867,-0.006790799561883776,0.006681270536692319,-0.0959025878883466,0.0198466593647304,-0.004308092167274791,0.03418400876232153,0.1447835104943398,0.04899780941949472,0.4089103898164308,0.036966046002190556,0.44761812548412094
2022-08-30,0.01671093404161139,0.028441788401947887,-0.0006640106241699861,0.010402833111996523,-0.2634115156181258,0.02711376715360636,-0.24806577898152227,0.03637671536077858,-0.18532165983831939,0.05729305002213203,0.022238729789925138,0.04779769809650314,0.03926938402808333
2022-08-31,-0.007538802660753907,0.00066518847006658,-0.019274944567627572,0.0017738359201773246,0.14956280547313017,0.021552106430153817,-0.027106455780727012,0.03032150776053144,-0.043365627383036176,0.05489467849223795,0.1781549422934834,0.04877309682187736,0.1853059110491222
2022-09-01,0.018406961178045522,0.02822400713966977,-0.006421240517626048,0.006247211066488179,0.27690081972279024,0.01644355198571934,0.3423270339505746,0.0297634984381967,0.20403630543282358,0.057412985274429396,0.4394317059542474,0.05481927710843393,0.5107430059529441
2022-09-05,0.014168447093219294,0.015068031035645912,-0.014993815360395901,0.007983807489036154,-0.29505319361765503,0.01970088833914163,-0.18176399194426784,0.03276734510288937,-0.1803454361965563,0.06185201844146904,-0.04402297573055092,0.06251358746579716,0.05474960691998643
2022-09-06,-0.024783419234565063,0.004496107029279495,-0.02829257594034429,-0.024783419234565063,-0.2450975456684219,-0.01210659063493924,-0.33537278118424096,0.004485140914573638,-0.38123102532864817,0.031077969075554934,-0.2984792071498811,0.034970939796030276,-0.20511598196196623
2022-09-07,-0.0035269480877329062,0.009919541496748563,-0.011683015540615016,0.005069987876115789,0.11239496268907456,-0.007340460707595309,-0.1662051272095728,0.007792350931334235,-0.25640497996693756,0.034128733605200745,-0.1999122666853831,0.04073625041331419,-0.11742351272742846
2022-09-08,-0.01224226804123707,0.002577319587628857,-0.014551116838487976,-0.025665807560137477,-0.0014829173733946766,-0.03202319587628988,-0.1412709548750256,-0.021252147766323448,-0.20347646828577282,0.003753221649482885,-0.2229480531583754,0.013090635738831624,-0.11924484787484546
2022-09-11,-0.016271257610749656,0.002729372244383743,-0.02152005038841076,-0.022464833088389646,-0.1100770245909416,-0.04763804325005361,-0.1921514403379554,-0.045580516481209754,-0.24302064582820515,-0.02053327734621191,-0.3012370113476749,-0.009654279515711406,-0.21114884896593933
2022-09-12,0.01702974676545388,0.033395996903682335,-0.0035386486785359272,0.053411478491651065,0.23068336776437737,0.015658520402519915,0.11086611087068343,0.009222603118433703,-0.06885699821176328,0.030327325002762917,-0.11162692807041885,0.043709683364665075,-0.01673550153646819
2022-09-13,-0.022222222222222143,0.0017344173441733446,-0.04086720867208671,-0.019728997289972794,-0.32444076203757233,-0.001127371273713984,-0.23851107443414254,-0.012292682926829723,-0.3461535703410811,0.00562059620596056,-0.4024118171427563,0.021365853658536604,-0.3379000388344373
2022-09-14,-0.0015202519274623016,0.027473124117710856,-0.0059539580844825135,0.0017374307742425987,0.002871156439854472,0.002910196546855204,-0.20058640189330368,-0.009545010315995528,-0.2914115910632351,0.003681181452924953,-0.38345605360377155,0.02177217938972742,-0.3250509966803752
2022-09-15,0.037286972435090826,0.03808761294750074,-0.004003202562049779,0.0532997826832895,-0.5451509005721993,0.05947615235045034,-0.612817666212061,0.045224751229554716,-0.6614980096322727,0.054094704334894717,-0.708903498618569,0.07395249532959691,-0.6870855413582142
2022-09-18,-0.0045987583352495864,0.030466773971027816,-0.005288572085537013,0.005173603127155646,1.2450168200858092,0.051873994021612635,0.16669526975689264,0.047447689123936154,-0.0727447386037211,0.0543515750747281,-0.26674402117268914,0.07564957461485378,-0.2611254440399088
2022-09-19,-0.007483306470181916,0.007713562053879741,-0.010361501266405782,0.0013815335021873931,0.6446751678164124,0.03426203085424695,0.9677091956425801,0.04583237393506767,0.6158404756927507,0.05160603269629127,0.2361537175109747,0.07338245452452208,0.20455478905844737
2022-09-20,0.06143470263641948,0.06683016554261201,-0.0007357449417535467,0.06511342734518699,-0.5221443203401164,0.09285101164929355,-0.07289112176046408,0.11139178418148354,-0.23000760076114168,0.11730839975474994,-0.4103667811220535,0.13910484365419973,-0.4339966684514248
2022-09-21,0.050851832731027224,0.05123902942694891,-0.005033557046979831,0.05252968508002054,-0.4252393362455755,0.12263810015487708,-0.4447001027595022,0.15733092410944738,-0.5379791413776305,0.16873386680433455,-0.6419262596587425,0.19309499225606608,-0.6637042227512311
2022-09-22,0.014348345954563468,0.020725388601036343,-0.025508170585890833,0.029360967184801412,0.07657619420056472,0.11677959346353006,-0.2861795773922403,0.17370798458881342,-0.4317341522090111,0.19228112129666353,-0.5691192828354504,0.21909569992471556,-0.6196974654358258
2022-09-25,0.013689346706424521,0.035239902412577795,-0.0012049335863376642,0.020195174844131136,1.264530650155184,0.10637029005150311,0.5749082862452075,0.1732176741664404,0.42986717446982703,0.20275142314990302,0.0698146190823088,0.23415559772296035,-0.08659294313695365
2022-09-26,0.00386512061841926,0.019458883113421255,-0.015193922431027573,-0.016660002665600415,-0.12175667568887694,0.05275223244035576,0.36536782534865897,0.1250433160069302,0.26124942495702874,0.1707050513128061,-0.05785691728887854,0.20288329112799341,-0.1833042123923717
2022-09-27,-0.028417127427028288,0.011701170117011772,-0.034717757490034806,-0.035232094638035116,-0.18916600917112147,-0.014761476147616137,0.173889637323833,0.06560370322746545,0.04949362137028124,0.11860614632891675,-0.21270347844308002,0.1504393296472506,-0.3302229105559452
2022-09-28,0.016343343077331873,0.020063778899813922,-0.01448312516609096,0.03335104969439273,0.33700976472497546,0.0080520861015132,0.5700820104221824,0.0819027371777834,0.4295098920703515,0.14692399681105295,0.09408676188546972,0.17938701390734368,-0.08342038228884452
2022-09-29,-0.01288795370857454,0.027945817990531197,-0.01801683324566028,-0.01025775907417148,-0.12486490605236433,-0.00812730142030671,0.1427958447304678,0.04867175170962601,0.2448297829218442,0.1252301420305082,-0.0289314606526081,0.15754865860073664,-0.1852881114388787
2022-10-02,-0.01927003573251662,0.0003828483920367276,-0.028841245533435478,-0.029606942317508822,-0.07212438412983635,-0.03552833078101225,-0.10420273070241415,0.003088310362429514,0.05669425136544737,0.08288029606942127,-0.07692076461206676,0.11458652373660061,-0.231572969111422
2022-10-03,0.00012428535918473926,0.014789957742977977,-0.008451404424558717,-0.026099925428784365,-0.31711312847327144,-0.04931643052448553,-0.3572849691921647,-0.03380561769823531,-0.26824960258549346,0.047607506835692925,-0.34851687205223536,0.07890048885574652,-0.4647546868636442
2022-10-04,-0.022313127556712442,0.0023354406842692743,-0.025102268501301706,-0.00260319821494992,1.5496031579881726,-0.038328994669643124,0.8420520223953214,-0.04425436965414675,1.0305024041642032,0.03963059377711464,0.7414140940462812,0.07157968678980242,0.4182609571884035
2022-10-05,0.009641873278236845,0.024542950162784738,-0.001126972201352383,0.010142749812171337,0.14519788639872644,-0.021312296518909313,0.9056100578267499,-0.03566240921612862,1.2238446637321747,0.04358878036563785,0.9800881786012257,0.07738125052174682,0.6384052411685541
2022-10-06,0.001526523343086117,0.013611499809184746,-0.007632616715430585,0.01590128482381381,-0.028011196648835224,0.005953441038034635,0.7318850022510746,-0.017300597888309732,0.8934655455103881,0.053269304159774045,0.9108040856769208,0.0886486028071074,0.605815757397242
2022-10-09,0.009864207020240823,0.009864207020240823,-0.01357929797591595,0.007045862157314842,0.25717282272428976,0.01962592877273761,0.9765681541201836,-0.006097873430694678,1.0795682947407892,0.05139636177299289,1.3864817310396549,0.08917072337518195,1.0366398706290427
2022-10-10,0.0038585209003214604,0.013762057877813483,-0.018906752411575578,0.0039871382636655905,-0.3635650381401565,0.022919614147908662,0.07511522593232334,0.003369774919613988,0.2672702417283441,0.04452733118970853,0.494459459862594,0.08762272240085789,0.27979513898211383
2022-10-11,0.0016811069442648208,0.007241691452217758,-0.011573774731669428,0.005431268589163318,0.35117780787462505,0.021466442519072926,0.1092783609041954,0.012336738652527934,0.6629848078101319,0.042001810422861,1.0251339242526845,0.08742618216302489,0.7482371510646759
2022-10-12,-0.03066461380549146,0.007185014113420651,-0.04163459071080322,-0.007826533230690269,-0.1282954030379373,0.0049012060559392445,-0.06849466446006869,0.0038491147036181506,0.33851532496372116,0.024275083397482966,0.7292824867094636,0.07294072363356463,0.5279030115846395
2022-10-13,0.04275534441805218,0.04579044602797566,-0.0013196093956188149,0.028503562945368044,0.09651810491052304,0.028477170757454484,0.03983552286218717,0.035998944312483516,0.4147378296453761,0.04413433623647167,0.8639592216906393,0.0980601741884406,0.6745586989263781
2022-10-16,-0.008586441112392706,0.0060874022811738815,-0.008586441112392706,-0.028835063437139596,-0.36553627880741235,-0.00843265410739602,-0.34449372105203013,0.005792643854927615,-0.15685178089408014,0.006561578879915819,0.09290395461581658,0.060237515485497495,0.06297301927491472
2022-10-17,0.005025125628140836,0.01859296482412076,-0.01344221105527632,-0.0197236180904522,0.6836186966197801,-0.028065326633166965,0.264743255353584,-0.01445979899497496,0.37397756397395243,-0.018913316582916728,0.8331469494885893,0.034463986599665875,0.8185706833594157
2022-10-18,-0.007410198442602378,0.009670936950514797,-0.013438834463702642,-0.00025119316754596,0.06854542576068745,-0.02366239638281964,0.2703150492759232,-0.015787490580256414,0.2402743268262435,-0.02371891484551847,0.9530614948569218,0.030298082558821715,0.9376276607752512
2022-10-19,0.007101191985797728,0.02561501394876986,-0.004438244991123441,0.009637331980725472,0.08481004505869083,-0.008445346183110547,0.3583048486395328,-0.007633781384732474,0.31151823219179864,-0.01553385746893432,1.0386235154365973,0.03533688392932688,1.0788901981644168
2022-10-20,-0.010184835910976964,0.009304664906324644,-0.02187853640135795,-0.008424493901672325,-0.35957917441927967,-0.014485099962279646,-0.17593268135003914,-0.017251351691185857,-0.17568154251792656,-0.022959889349933094,0.1879359412665096,0.021639632842952894,0.31861352727850445
2022-10-23,0.013602847698957587,0.013602847698957587,-0.02351894228324425,0.011060259344012335,0.044749345254149864,0.005949656750570798,-0.09579957196139677,-0.005212306127638122,-0.1199282931601603,-0.009445715738624072,0.14809517235655822,0.027180269514366362,0.3767683989834747
2022-10-24,-0.03500183576061677,0.0033043691102681017,-0.03500183576061677,-0.03732713254191655,-0.23575531153223628,-0.030057520499327972,-0.3557068402557977,-0.04161057398115309,-0.3030279911253899,-0.043434096193858296,-0.13337760880728222,-0.017933341492268662,0.04702402950722484
2022-10-25,0.03886835733401295,0.05607238435070738,-0.003377086784758565,0.04128966484006624,-0.39006046448478715,0.015368930801578973,-0.5573380747706311,0.003007518796992459,-0.5637712653276818,0.0003185930928997216,-0.4749569904272315,0.01891168599464832,-0.35623220643602993
2022-10-26,0.018558812236016964,0.03788557532317949,-0.004223729681300359,0.004351721489824767,0.924779553063346,0.016843722001790518,0.10673741397629288,0.008831434788173276,-0.03892724893105792,0.005119672340968107,0.02602304848257475,0.01746661546994388,0.26000619552070536
2022-10-27,-0.024981264051960994,0.0008743442418186476,-0.02822757931551334,-0.024106919810142458,0.3757511822409241,-0.009492880339746712,0.6325692722754284,-0.01525106170372259,0.3476398028826879,-0.01731826130402414,0.3971904971568103,-0.012873678074776684,0.7199630035666689
2022-10-30,0.003642758447431227,0.0077879663358875195,-0.011242306242934208,0.005652556211531268,-0.22936149604673473,-0.002562492149228879,0.21348664634368508,-0.004308503956789611,0.03679982875256571,-0.009238789096849276,0.04203980288327225,-0.01037976803584073,0.2506019215743427
2022-10-31,0.01863275840362566,0.02675311595115204,-0.00012589701624077243,0.0022661462923327935,0.07900698647752114,0.002089890469594291,0.3198827123586119,-6.294850812060826e-05,0.09259081192205931,-0.006206722900669481,0.09317151679457458,-0.011230013848671172,0.3370456946753704
2022-11-01,0.025657723365459795,0.04102630893461856,-0.0002604845011721091,0.034514196405313946,-0.1924868531835766,0.030737171138315977,0.010423932331677488,0.03422766345402439,-0.10124917077997275,0.027422505860899227,-0.1775602974411411,0.0196709212468531,0.08286999527545769
2022-11-02,-0.008243915205443542,0.011384454331326843,-0.026890866265375624,0.004710808688825008,-0.39092864304684927,0.031169850824389833,-0.47935805852948365,0.0353834074849515,-0.42833020532088406,0.029717351478668386,-0.4926747910395032,0.022393788711507323,-0.3503974435564622
2022-11-03,0.14606900452488691,0.14804864253393668,-0.04510746606334837,0.08059954751131215,-0.7734758735238993,0.10944570135746456,-0.8622476397035521,0.1153846153846152,-0.8555017038081296,0.11027997737556339,-0.8785101262587388,0.10429864253393739,-0.8572186430728426
2022-11-06,-0.029074529074529232,0.001092001092001027,-0.04736554736554732,-0.03467103467103472,2.0077965058720815,0.045481845481843974,-0.03983919535097047,0.06468741468741457,-0.3005330695523747,0.0664004914004892,-0.4989160479954724,0.06394121394121455,-0.5035858638949904
2022-11-07,0.008779149519890339,0.013854595336076692,-0.019204389574760006,0.004938271604938205,1.0277151669566242,0.033223593964333054,1.2058392243159282,0.06253772290809301,0.5513478857577914,0.06837448559670567,0.09369481203953223,0.06895747599451352,0.04435665943534883
2022-11-08,-0.013904185022026505,0.01473017621145356,-0.025605726872246715,0.0035792951541850915,-0.23486237594502357,0.018942731277531433,0.7368163402962244,0.05421255506607903,0.19368357581523066,0.06886013215858822,-0.15346466077942256,0.07180616740088164,-0.20139871018878186
2022-11-09,-0.009952854897852359,0.009036144578313143,-0.01650078575170255,-0.04871660555264534,0.18910442236617375,-0.041540073336826855,1.1499584028096712,-0.004779989523310935,0.4021982456771076,0.013717915138814263,0.040949940072702695,0.01735201676270348,-0.04884286557972173
2022-11-10,0.006258148631030025,0.007953063885267175,-0.016688396349413326,-0.004432855280312897,0.5656668318303439,-0.04594524119947985,2.2856485977603804,-0.011499348109517804,1.241212962045387,0.00819426336375284,0.662938618571004,0.013320295523685743,0.49676815644303507
2022-11-13,0.03763586956521747,0.04470108695652186,-0.0024456521739129045,0.04211956521739135,-0.3558030456707615,0.01048913043478139,0.12610178043755593,0.02557065217391319,0.45635328473416026,0.051283967391302365,0.0769589052009696,0.05629981884058011,-0.04715556604213622
2022-11-14,0.016558966074313508,0.044964997307485266,-0.018982229402261686,-0.009154550350026991,-0.26674683030934654,0.0021540118470637637,-0.30050962956083627,0.008091007000538442,0.09186730982324165,0.03867797522886174,-0.20429264323197038,0.044493807215939984,-0.3028356234645547
2022-11-15,-0.006755843804891248,0.0032428050263477726,-0.02141602486150529,0.003648155654641272,0.7408155402590781,0.009539251452505004,0.33157811362230327,0.004810160789082252,0.9952286768315299,0.03887312525334208,0.44054079689591186,0.04552087555735751,0.20550084301568194
2022-11-16,0.01085594989561578,0.0204592901878915,-0.009185803757828737,0.03006263048016722,-0.5883006384388041,0.043702157272093256,-0.49550376761557546,0.03116214335420997,-0.17797480061535753,0.0662004175365325,-0.39855116689264836,0.07386221294363304,-0.5006561523407097
2022-11-17,0.10889593716961188,0.11523938982026904,-0.017520012082766878,0.0851835070231084,-0.7562097114008066,0.11898504757589334,-0.8540941591836414,0.11209787041232433,-0.7914616304663598,0.1517293460202367,-0.8439261346237898,0.16130493883099284,-0.8724127620149338
2022-11-20,-0.007245294293397042,0.021362414102181093,-0.012025694651927044,-0.010905288317896722,1.9218631200878042,0.07544069315805046,-0.03753987731351505,0.09323274574245599,-0.30799895846297587,0.1292201971915128,-0.41039522009447627,0.14246588985160868,-0.5366487717809741
2022-11-21,-0.012001778041191069,0.0028893169358423787,-0.02540228181952875,-0.00814935546006812,1.0436502541117343,0.0469402874499909,1.2226589995561636,0.07495925322269992,0.476224182497859,0.11133501259445655,0.28264798570348004,0.1276633575344499,0.0039359188342742435
2022-11-22,-0.013414989792942533,0.002333041703120431,-0.025226013414989867,-0.015893846602508033,0.46262302557629087,0.010498687664040274,2.238241289277753,0.04998541848935556,1.202743235343363,0.08330417031204229,0.9023105064685037,0.1047535724701083,0.49159314514032193
2022-11-24,0.0016067776803974088,0.010078878177037787,-0.004382120946538115,0.0017528483786153348,1.6483520641195217,-0.0035933391761628908,7.64137077270925,0.04589541338007619,4.743076066262489,0.07797984224364374,3.9669784008257087,0.10242964261369214,2.9884814997543256
2022-11-27,-0.002038142378803287,0.019362352598631505,-0.006405590333381839,-0.0033483767651769636,-0.7576041488213959,-0.016800116465280346,0.869744557826748,0.030892415198719103,0.3438902867556941,0.06733148929975052,0.1904762839332219,0.09413791430096596,-0.03904920030565162
2022-11-28,-0.015952143569291977,0.012818686796752576,-0.015952143569291977,-0.02164933770118216,-0.08438993734774003,-0.031021222048142616,-0.13161334355761245,-0.0028343540806150536,0.2796730313140383,0.03612733228884579,0.11874259168011037,0.06708446090300568,-0.10124722322707236
2022-11-29,-0.034496976360637754,0.0042605827377677485,-0.035184167124793886,-0.035046728971962815,0.00037565828402108536,-0.05599230346344297,-0.28272674152727606,-0.04244090159428249,0.31439876698064495,-0.006645134689391763,0.1470488480092631,0.026104086494410872,-0.08589126495926946
2022-11-30,-0.0036709721278042062,0.019842284160435097,-0.007002039428959939,-0.010740992522093706,0.4948606003132261,-0.05180149558123881,0.11407458156988759,-0.05479265805574418,0.980199749459288,-0.02184908225697002,0.7587583015469432,0.011982778155450236,0.40002107930742015
2022-12-01,-0.012987012987013102,0.003097943722943697,-0.019615800865800948,-0.005005411255411318,0.2860748340319592,-0.04310064935065083,0.4639133768593686,-0.06014610389610364,1.5762009225865756,-0.02892992424242624,1.2773637485877294,0.004180194805195159,0.8238155713992563
2022-12-04,-0.008933405522468796,0.009339469409853862,-0.011099079588521854,0.0005414185165133478,-0.793770095418894,-0.027801840822957558,-0.6744567650830128,-0.0568354087709797,-0.4977246673660721,-0.030096101786683094,-0.5365633211769996,0.0024950369969323205,-0.6207236915288671
2022-12-05,0.041743054576223404,0.04287124524044583,-0.006910167818361179,0.041884078409251124,1.5516057384806161,0.027556056973627063,0.1556533633555235,-0.006515301085883385,0.017245253285036677,0.012755605697361005,0.12383130330026537,0.04182766887604039,0.037982387797502515
2022-12-06,-0.0061849873488895035,0.004357604723081332,-0.017149283103739088,-0.003233061568737705,0.3432642818265834,0.026201855496203352,0.5491148171553606,-0.004146752881641902,0.2619155857201825,0.007829631712114926,0.49358452477927495,0.03482803860931538,0.419986688316037
2022-12-07,-0.006576185812228852,0.005037078494473102,-0.019308800895480593,-0.0046173219532670284,0.31070597965884206,0.016930180495311475,0.9363465633449799,-0.0036378900237862277,0.6318895587881486,0.0019448719742531928,0.9694175527171618,0.025120097010400855,0.8721636110243314
2022-12-08,-0.008499372997073928,0.019646091681761346,-0.008499372997073928,-0.004180019506757615,0.45094364854280244,0.006883098787793029,1.7539553002186534,-0.0037759509544378345,1.3609159999096905,-0.0030583809391129257,1.8281000508859893,0.017583948725094167,1.6869532144141077
2022-12-11,-0.02527173913043479,0.0008152173913043015,-0.02527173913043479,-0.02486413043478264,-0.21916089871550082,-0.023994565217392738,1.0966340207863219,-0.024048913043478448,0.8767761537710468,-0.030964673913045138,1.1803791795044263,-0.010597826086956363,1.0925381426112364
2022-12-12,0.02130241337467975,0.03370635027639213,-0.01213428609950118,-0.007685047863017491,-0.4344371429798566,-0.03225023594445364,-0.27681846350188055,-0.024929216664419607,0.013455249384897616,-0.04050155049211468,0.23723399890171248,-0.021104669453058222,0.18933655098856095
2022-12-13,0.0065672458612668905,0.01970173758380067,-0.008482692570803141,0.014776303187850504,0.4654200901720551,-0.009029963059243529,0.022211457571760906,-0.005103297304693055,0.4643715295475608,-0.025933780270900764,0.8313210773666793,-0.009121174807315002,0.7670476378866493
2022-12-14,0.025345294033888743,0.035882101665954735,-0.0007119464616260895,0.04072333760501201,-0.17789479471243197,0.03687882671222975,-0.19757039457180225,0.03588210166595451,0.1485847167238994,0.012886230955430067,0.48495961514384756,0.02822155773885826,0.46130065277647514
2022-12-15,0.007063572149343944,0.017010234971889693,-0.003459708807842188,0.012397289894767072,-0.1988694488405799,0.0461582816779571,-0.320607668472331,0.043938301859593354,-0.07340647285507662,0.0227187545048273,0.20131570084104777,0.03782134448128405,0.17874364452050706
2022-12-18,0.00804211141979816,0.015206901593800337,-0.005044597163327946,0.014329580348004134,0.4320693193575196,0.054130720865622095,0.1372750555470752,0.05224448018716177,0.38810248435353367,0.035560754496269276,0.6932273115639682,0.0492567139445339,0.6919199676894114
2022-12-19,-0.011793826441467758,0.013395457192777904,-0.014239953407105488,-0.004222481071636697,0.1945644975224674,0.03450786255095917,0.4107041054986913,0.039807804309842654,0.3023650843298127,0.03277518928363232,0.5985574530484477,0.04369539895165997,0.8296417064604102
2022-12-20,-0.020514997170345217,0.00042444821731724147,-0.024900962082626044,-0.028296547821165863,-0.006664817599596473,-0.010299943406906098,0.27195512427428836,0.007229767968307765,0.20799715218513826,0.0047821165817751865,0.47308079102334544,0.012002452367477767,0.7741761012064428
2022-12-21,-0.009494119314156002,0.0005668130933824678,-0.019838458268385928,0.0015587360068018974,-0.02666345076082899,-0.015587360068019085,0.2148398546230994,0.00814793821737303,0.13905391151892177,0.00860847385574437,0.40412828648333954,0.012531292806197136,0.7226501186273386
2022-12-22,-0.0032536426651578187,0.009195077097184923,-0.01273164521148662,-0.0016975526948649344,0.7789629929714743,-0.016296505870704858,1.0455009376449755,0.005163389446880773,1.0222671623879127,0.008303861932378975,1.491554497755533,0.009836374781911683,2.0385828746750185
2022-12-26,0.013507687886190611,0.013507687886190611,-0.005747952291996095,0.01580686880298887,-0.14819631619567797,0.003046414714755974,0.411459199121349,0.019499928150596313,0.7009296708026596,0.0258442304928852,1.1342581649994066,0.023082818412607065,1.5556038747724217
2022-12-27,0.015551643192488251,0.029122652582159514,-0.001467136150234638,0.02098004694835698,0.2716951751798986,0.02761150234741594,0.6041538280051904,0.03500586854460108,1.1162550430576852,0.04802670187793234,1.6169237937949745,0.04107003129890452,2.242739058629232
2022-12-28,-0.01924447612259461,0.004133998574483044,-0.01981468282252319,-0.028367783321454176,-0.2849285856482966,-0.0030220955096240676,0.023641473973323723,-0.0029223093371346653,0.3648102534340636,0.016835352815393723,0.7814700171070526,0.008952245188881047,1.2875688471691258
2022-12-29,-0.013191855463148827,0.0008603383997705105,-0.014769142529394874,0.005878979065099044,0.03730705960589398,0.001319185546313273,-0.008960659409891214,-0.0012761686263262906,0.3637505687585314,0.020942070547746994,0.7695900563508453,0.012909855654335223,1.329601227351744
2023-01-02,0.028318327040371738,0.03180365959918663,-0.004937554458321336,0.012779552715654896,-0.1183143946261338,0.011704908510018708,-0.2019296419762706,0.01077548649433635,0.12357577810197351,0.031222770839382408,0.5275089704590115,0.023787394713912446,1.043917304878855
2023-01-03,-0.023658639628221456,0.008660752006759642,-0.02774257146880721,-0.030277425714688166,-0.24538246132887775,-0.024081115335869874,-0.3537563821178443,-0.020546401915223278,-0.23396485978261505,-0.003562878467823438,0.14535428395112038,-0.00861381026146546,0.49522405090557653
2023-01-04,-0.014792073681272666,0.009907898409154514,-0.024560424225509192,-0.00907061121964825,-0.005639009604435752,-0.028970136756909293,-0.2833398265979944,-0.025774490650293025,-0.24806773758257195,-0.014603684063635547,-0.02865622418493119,-0.015373523118429322,0.2250205073314071
2023-01-05,-0.00027631942525552233,0.01726996407847481,-0.008013263332412257,-0.009947499309201469,0.25656659559780404,-0.028958275766788,0.028517890513216182,-0.03134843879524718,-0.04437854025865573,-0.023887814313347966,0.1763894981025269,-0.022994381505019534,0.4543742509096984
2023-01-08,-0.017990589537780433,0.0012455023526154463,-0.025048436202601776,0.0016606698034873357,-0.6709182226194874,-0.02117353999446625,-0.6524730990261765,-0.02738721284251311,-0.6906754860799085,-0.021408801549960166,-0.6226303911164967,-0.019116154626810378,-0.5308457158843196
2023-01-09,-0.00289415656008829,0.00813120176405735,-0.024117971334068344,-0.004134509371554573,-0.4710941155855547,-0.018274531422272866,-0.7393487297500421,-0.02907938257993381,-0.8041881481151358,-0.02491041896361812,-0.7845392950978743,-0.02148107313487646,-0.7416166600491989
2023-01-10,-0.00436323970548147,0.00927188437414772,-0.012544314153258851,-0.010635396782110784,2.9446608928952247,-0.0186255794927751,0.6876402968026838,-0.03685574038723771,0.12101666456072668,-0.03474229615489677,0.018395293748654673,-0.030024543223343136,0.13972308804377165
2023-01-11,0.0051948051948051965,0.01339712918660263,-0.006561859193438213,0.0025974025974024872,-0.006328457463306902,-0.009706083390295772,0.7052062381360034,-0.029227614490772602,0.1597906229451247,-0.032412850307589,0.02503852309524701,-0.0253861927546134,0.12053857065462381
2023-01-12,-0.03053844093222613,0.001741226895258574,-0.0320117867666756,-0.020225020091079404,0.2949699236523482,-0.025743369943746597,1.2451556515256677,-0.042177873024377144,0.5769129328294904,-0.0526654165550513,0.30834984961826173,-0.043785159389230666,0.4304515522308767
2023-01-16,-0.01918024172359445,0.0031529164477139826,-0.022595901208617986,-0.01918024172359445,-0.26427394783477043,-0.03843930635838322,0.6689655465887965,-0.05462427745664755,0.17769691513646513,-0.069804256437206,-0.04269543521143537,-0.061293571553686976,0.030039262931140565
2023-01-17,0.04366158868335157,0.0443416757344941,-0.0006120783460282775,0.035364526659412476,0.23454218892189482,0.006066376496189685,0.8196281381281292,-0.012513601741022895,0.5106613906557638,-0.03290261153427787,0.1803859294182748,-0.026931447225244654,0.2740411352179175
2023-01-18,-0.003004643540016394,0.009696804151871241,-0.011024310297732764,0.0040972411909314665,-0.045928624652908145,0.01281070745697721,0.04714802682506569,-0.0021032504780116312,0.46449978113579937,-0.026106255121552846,0.09864162184498615,-0.023126650277701777,0.21859146500159077
2023-01-19,-0.013846358673945014,0.002423112767940383,-0.019305019305019377,-0.025163094128611396,-0.30340439332621594,-0.012994275063242244,-0.2865939307793529,-0.024271069098655396,0.023187861558706002,-0.04739715084542828,-0.2364572406398192,-0.048000710069675545,-0.22498175395800746
2023-01-22,-0.004608901764550866,0.015406900184356198,-0.010664998683170945,-0.010929681327363716,0.32726509743143506,-0.018619963128787442,0.00482582312764035,-0.030392415064524725,0.40182309674662164,-0.053575190940217454,0.03912562720923107,-0.05656219822667019,0.022405600022655348
2023-01-23,-0.025974025974025983,0.009285714285714342,-0.025974025974025983,-0.01376623376623376,0.04247494906076432,-0.028805194805196166,0.08895439838025032,-0.03911688311688333,0.4918222934572336,-0.06318831168831329,0.09271340802274164,-0.06747186147186135,0.06139636128890058
2023-01-24,-0.017799561460079882,0.000386946988262693,-0.019992261060234662,-0.0068360634593060965,0.47496678758782096,-0.03317425512704908,0.5662742403106054,-0.03957177866632289,1.017150272112183,-0.06544563394815073,0.6207992038521648,-0.07146910873210344,0.570594149865171
2023-01-25,-0.01812688821752262,0.000503524672708977,-0.026374622356495347,-0.024043303121852877,-0.28831549636067155,-0.04632426988922578,0.06397340963207787,-0.05640735146022169,0.061713408662942726,-0.08361027190332482,0.16321224401023682,-0.09137713997985863,0.11986145121624592
2023-01-26,-0.014435042309606683,0.00298656047784962,-0.014435042309606683,-0.011448481831757062,0.07743965886725368,-0.041762070681932606,0.14383487795786598,-0.05961921353907429,0.13012127113715377,-0.08797287207566096,0.2744406629844989,-0.09935705989712917,0.21265321287164163
2023-01-29,0.007301107754279945,0.023036253776435034,-0.001888217522658553,0.01158106747230625,0.019237968303233544,-0.01744712990936692,0.050686858149142866,-0.039652567975830944,0.12910396274550195,-0.06973187311178397,0.3236939299943631,-0.08632930513595116,0.2161719138821805
2023-01-30,-0.010187600944216557,0.0004969561436203307,-0.01739346502671124,-0.013045098770033459,0.0479863513098151,-0.021567896633123418,0.05882515436481839,-0.04624176916387135,0.1871819163933428,-0.07609640949186391,0.40117607121597065,-0.0956185033337471,0.27100051055058616
2023-01-31,-0.015494343334972793,0.0027053615346779303,-0.03578455484505649,-0.010206591244466323,-0.20706344876593263,-0.022970978848992796,-0.1934169019487061,-0.05060255779636014,-0.0880948916331461,-0.07891662567634183,0.12130904567959444,-0.10064354812264265,-0.00284523729335584
2023-02-01,0.0058881256133465065,0.019381746810598566,-0.005826790971540707,-0.002453385672227748,0.013732725283466252,-0.016069676153092516,-0.111268851483177,-0.0433635917566243,-0.06349647090956756,-0.07353410206084543,0.15361243753528186,-0.09796368989205051,-0.0023050156469113237
2023-02-02,0.0042606516290726315,0.013659147869674149,-0.0017543859649122862,0.021553884711779325,0.45995717116618007,0.010350877192981223,0.3193811887969269,-0.0123433583959901,0.3766037982813675,-0.04697994987468823,0.691864880660666,-0.07303675856307379,0.4573984755735623
2023-02-05,-0.010904988718977271,0.009150162948107443,-0.016420155427425476,0.00025068939583849925,-0.04253154964880068,0.009200300827273411,0.2147172918306084,-0.006217097016796513,0.2259807350412404,-0.04163950864878574,0.6048478257701613,-0.06815826857190566,0.38896891667395295
2023-02-06,-0.016113039167079957,0.0012394645513138514,-0.024975210708973683,-0.011155180961824551,0.2984110916117557,-0.0012146752602891775,0.5310938823006295,-0.012543381259296327,0.537930398338718,-0.047744174516610505,1.0836442245379678,-0.07479342257478039,0.7965921013419868
2023-02-07,-0.010689273866568483,0.0020887086865708504,-0.022115739034279325,-0.008723430396854526,-0.5504298289190734,-0.009460621697998772,-0.35293139409859275,-0.01663595036245258,-0.34287273389226114,-0.050878486300529824,-0.12961498285107664,-0.07872383994757692,-0.2004794780012884
2023-02-08,0.02769461077844304,0.03517964071856294,-0.0023652694610778457,0.015344311377245567,0.15266837634409125,0.005913173652693171,-0.21430265604646814,0.0032684630738522014,-0.18920638251246102,-0.03080713572854432,-0.1327094693937182,-0.06013805721889498,-0.05500167258157529
2023-02-09,0.03481219735636687,0.0414867163983772,-0.006412773197225441,0.04907734589713386,-0.4493765213093309,0.05172097892945793,-0.5608289150069767,0.05344850150503855,-0.5464049117050083,0.021221044365919317,-0.5219434859143999,-0.009401038258517236,-0.47100778872585103
2023-02-12,-0.006753246753246733,0.011363636363636465,-0.01090909090909098,-0.007662337662337704,0.5845348120500471,0.034857142857141366,-0.09962637137957708,0.0402467532467532,-0.19326698555915767,0.015512987012985535,-0.20637114859896755,-0.013419913419912999,-0.12106203204637134
2023-02-13,-0.020235655737704916,0.0007684426229508379,-0.026639344262295084,-0.013831967213114749,0.8604445555002045,0.01342213114753954,0.8287515935528946,0.022733094262294973,0.5583180675873332,0.0029649077868838525,0.5076112940524866,-0.024141905737704583,0.6657841712649586
2023-02-14,-0.01456249208560223,0.002279346587311659,-0.016145371660124197,-0.011270102570596463,0.17739772939151544,-0.00458401924781715,1.1905731426574384,0.008154995567937195,0.8080101865376921,-0.007097632012157851,0.734846681926485,-0.031619602380650536,0.9648442333596616
2023-02-15,-0.00191791331031832,0.012913949622810339,-0.007032348804500654,0.009717427438946435,-0.1556449169363726,-0.0010996036312506119,0.6464814549643165,0.014946937731747711,0.4571788191903521,0.006035033883133867,0.439278506618904,-0.017900524229637838,0.6529897605359363
2023-02-16,0.020552428328315164,0.024217829558842663,-0.012959811493650886,0.023825107998429074,-0.48584710916084906,0.01759392590653097,-0.21656345219166528,0.0347951302526508,-0.2774075615229453,0.03327006152637635,-0.2708024452576864,0.008639874329100738,-0.15626149510963383
2023-02-20,0.002398401065956124,0.010459693537641535,-0.003997335109926725,0.01785476349100601,0.7020768542698816,0.035709526982010464,0.1609425669968625,0.048727514990006826,0.30913856033940834,0.05257161892071838,0.23702208397143165,0.02874972240728435,0.4529785460496982
2023-02-21,-0.0038441145281017386,0.018027571580063517,-0.0082184517497349,-0.00516967126193002,-0.11748579291163896,0.02518557794273457,-0.08463434886291366,0.03703605514316033,0.1597298316167517,0.04654029692470707,0.07648383957064375,0.024611170024744,0.28369319735913034
2023-02-22,-0.01045888351418478,0.006929010328147411,-0.02091776702836967,-0.013727284612367607,-0.38446474729395974,0.004209700614457912,-0.40797327074242207,0.015949797359132045,-0.2643448432262401,0.031154399267876887,-0.3416420674406788,0.011931842942432658,-0.24169324661769265
2023-02-23,0.0940680430357661,0.09690316952602496,-0.008287292817679703,0.1120965396917708,-0.6378054403578685,0.10956673451584598,-0.7422087942848932,0.12271009014248335,-0.7293570777163819,0.14598720558301692,-0.7520392521976857,0.12727052437724162,-0.7491348856131805
2023-02-26,-0.03577892245579828,0.006821662258109429,-0.03577892245579828,-0.04246136711680348,1.2076986900101736,0.03619657524711006,-0.06536019532714854,0.059195322288737584,-0.24307289613276184,0.08990672420993873,-0.3688784867980054,0.07728896932572282,-0.39264660287078457
2023-02-27,-0.0033305578684430515,0.012350818762142612,-0.006106022758812113,-0.003191784623924554,0.5767274668750451,0.020233139050789495,0.5558748667604876,0.04945878434637829,0.17548924031666435,0.08050929780738114,0.03489059186793275,0.07323989268202413,-0.021659908278109263
2023-02-28,-0.006249132064991003,0.0065268712678794305,-0.008193306485210439,0.0006943480072212349,0.20862560632318283,0.012637133731424832,0.9566431931339916,0.04332731565060444,0.4076085536269358,0.07613525899180518,0.2649176993645641,0.07278155811692821,0.19300967060643015
2023-03-01,-0.014628760695555965,0.00814242340601723,-0.024013248688931732,-0.006210322936792578,0.051237578280553864,-0.0031189621860350236,1.0699411709776823,0.028470880485785388,0.5091496148852788,0.06360060723157446,0.3358383813433983,0.06422853988407429,0.24670584585169553
2023-03-02,-0.0008222557215293858,0.006646567082362553,-0.006834315472111774,-0.00698917363299989,0.09887960151840347,-0.021131972043306857,1.142336551179914,0.01236124434699204,0.6976051515556749,0.05009592983417721,0.4584939829225956,0.05630624457539657,0.36880414475940304
2023-03-05,0.012947658402204132,0.01735537190082659,-0.0009641873278235513,0.005096418732782437,-0.12669035524777617,-0.004600550964188765,0.1967223729899299,0.01030303030303048,0.4967864316000894,0.04955922865013629,0.2619241518304689,0.06157483930211227,0.18989554438063005
2023-03-06,0.03003558718861199,0.03985765124555152,-0.002989323843416325,0.033451957295373536,-0.07846396631108754,0.030889679715300877,-0.06720168700298035,0.038704626334519876,0.3405130590355141,0.07954448398576353,0.17397974786593928,0.0958956109134046,0.08147052983813707
2023-03-07,0.001992882562277698,0.006548042704626278,-0.007544483985765127,0.0,0.4095485991162431,0.02573665480426901,0.27997203339170973,0.031871886120996784,0.9220014749306844,0.07276156583629745,0.6737249810001293,0.09319572953736666,0.5227532089505162
2023-03-08,0.029787234042553123,0.03683052090975769,-0.001614086573734408,0.030814380044020373,-0.27139994681543755,0.05217901687453974,-0.11264720140862494,0.05605282465150441,0.3836766072188742,0.09816581071166364,0.22698796453049308,0.1235803374908293,0.09978563849015676
2023-03-09,0.021005251312828044,0.02205551387846949,-0.0037509377344335793,0.022505626406601698,-0.06397173269388068,0.06292573143285662,-0.15223443958856908,0.06730682670667698,0.2525811740110002,0.11294823705926316,0.13508775658731387,0.14417604401100292,0.039067921193121524
2023-03-12,-0.006122144243691174,0.022771390174705086,-0.016574585635359074,-0.0047782589219051985,-0.3520127068370602,0.03897267433178864,-0.4213229805975811,0.05902642974466232,-0.36718229007815995,0.09754367627295646,-0.2659254953486033,0.13234284007764696,-0.32473110642872105
2023-03-13,0.005470944846961423,0.013159840307555903,-0.01049829957119608,-0.009758982699985208,0.8104479342726107,0.012183942037555573,0.20190274879546055,0.04150524914978604,0.12693049270907375,0.07985361525949863,0.3082362621813355,0.11469269062053344,0.24989680525905644
2023-03-14,-0.006265851111442622,0.0024615843652093794,-0.026555273758018805,0.00895121587348946,-0.4306689070524947,0.013426823810232413,-0.3302651860598924,0.04421900641503829,-0.37361412045129727,0.08253021035357144,-0.2667008346030145,0.11879755333432773,-0.2878452569339873
2023-03-15,-0.014631983446644958,0.004729530002956173,-0.02675140407921961,-0.009311262193319458,0.5841360209346345,-0.005527638190956585,0.23346105888109814,0.027135678391960072,0.056135730476876367,0.06428465858705157,0.20680421683972217,0.10174894078234331,0.15309864057460065
2023-03-16,0.01823937292734379,0.01823937292734379,-0.007838408200181002,0.019897497738920578,-0.2116454443778949,0.01278263491106224,-0.0260774836400548,0.04033765450708482,-0.15946723696138632,0.07693699125715847,-0.03199045360132391,0.11680735604461856,-0.09236585727765156
2023-03-19,-0.019403204468616875,0.010432162281346358,-0.02307805379979433,-0.02484198147875938,0.24342927929507185,-0.0132882551815392,0.25225437419456287,0.0047479053358814305,0.08924589300075758,0.041459650154342054,0.23224999707838112,0.08162575334411315,0.136056352891889
2023-03-20,-0.00476671963021813,0.0022389137657086167,-0.010255669507439058,-0.017333525928065918,0.13186712097244047,-0.027329192546585612,0.28142294628958564,-0.01926910299003326,0.24207186520899215,0.01736963744041442,0.37742856077782716,0.05721026529924411,0.29725755076919125
2023-03-21,0.04468599033816445,0.04581823671497598,-0.00015096618357479663,0.04513888888888906,-0.25794028086065157,0.021407004830916065,-0.04920866005599367,0.023460144927536453,-0.08784486854873785,0.05889945652173756,0.027015314601853913,0.09962258454106276,-0.03303324298499033
2023-03-22,0.021732476277930957,0.03213957759412289,-0.011478420569329684,0.013774104683195398,0.4033365891531111,0.033057851239667535,0.24887999799641847,0.031420263238445045,0.33702105012710204,0.06644475053565779,0.46017706650638024,0.10740230588715449,0.381697137800485
2023-03-23,-0.018953752843062888,0.003487490523123693,-0.02577710386656562,-0.009249431387414742,-0.16438510255920602,0.01646702047005144,0.017608948719089135,0.01761940864291134,0.1051772713836141,0.048127369219103544,0.19236881551376395,0.08904725802375557,0.1414166014853493
2023-03-26,-0.0058130868981964845,0.007750782530928646,-0.009688478163660807,-0.016992100163958912,0.4031905794946904,-0.001967506334775937,0.3648448942285456,-0.0007154568490086444,0.5477520216424951,0.028208376807272062,0.4738045421342232,0.06348188999850946,0.5984822600794586
2023-03-27,-0.01385408990420045,0.00029476787030224827,-0.01547531319086215,-0.011201179071481104,-0.29690923646852174,-0.015917464996316855,-0.09411119192010964,-0.011731761238024774,0.0029884073785211296,0.01319823139277676,-0.014447625187562596,0.04699091132399946,0.08357704214633754
2023-03-28,0.0008745080891998658,0.004955545838799091,-0.009036583588398206,-0.011077102463197819,0.32669149736798664,-0.030840985279115496,0.23938316319577835,-0.022358256813875155,0.3493527651033459,-0.001093135111501442,0.30164734514880287,0.030947869601127387,0.4284297377665198
2023-03-29,7.225433526003577e-05,0.008092485549132888,-0.01430635838150307,-0.008526011560693658,-0.0825832108258886,-0.03225433526011723,0.03889479437596588,-0.02841040462427713,0.14600581753301412,-0.012066473988441073,0.18521149810898763,0.017596339113680415,0.31473042079736646
2023-03-30,0.0,0.004714285714285671,-0.007071428571428617,-0.011428571428571344,0.12701047044796065,-0.03228571428571603,0.17008063122895356,-0.03731428571428519,0.27360311422899053,-0.025685714285715977,0.33333295571371524,0.0013142857142860453,0.49409258949820956
2023-04-02,0.007502524888183482,0.009666714759774875,-0.008656759486365684,0.009955273409320453,0.09726529724354394,-0.010965228682731532,0.20635709624289134,-0.02244986293464102,0.3253510053140247,-0.018128697157698936,0.4592062369868548,0.007334199009282338,0.6432570931352743
2023-04-03,0.0004323389537397304,0.0036028246144976794,-0.019599365902867816,-0.001152903876639244,-0.07842838230945637,-0.005706874189366107,0.10100844776369455,-0.02173223807465008,0.1787798533830791,-0.021631358985446325,0.3289219381957915,0.0027717730700871357,0.4864248205831696
2023-04-04,-0.0014534883720929148,0.004505813953488369,-0.00878343023255812,0.008575581395348975,0.059206949035703005,0.007296511627905344,0.08419365871674289,-0.013110465116278447,0.22836173025164763,-0.013866279069769005,0.3893936429427838,0.008628875968992533,0.5732258277347153
2023-04-05,-0.0059308549110371755,0.0,-0.011427744828583664,-0.004773614928395786,-0.09818217878661462,0.003037754954432037,-0.04163125175250826,-0.014118327788224638,0.044654798623981806,-0.019622450455664797,0.2525368112215238,0.0006123728241482773,0.4115124573413851
2023-04-09,-0.017496056216836364,0.002437975046608365,-0.01979062096658557,-0.008604617811558968,0.34424092433513764,-0.005793775993118033,0.2644585490703695,-0.01716621253405959,0.39186132031066134,-0.02735551412591608,0.6669146416803953,-0.01151584683780249,0.8607384641974583
2023-04-10,-0.003847249928754737,0.008763180393274395,-0.007222855514391613,-0.00641208321459108,-0.2116654587621395,-0.01293815901966533,-0.050235686331352336,-0.01808207466514644,0.03756319756486448,-0.03139783414078279,0.28275000000000006,-0.01740286881352693,0.3158117601584771
2023-04-11,0.01587982832618029,0.018311874105865433,0.0,0.004005722460658001,-0.1102151785760348,-0.0064949928469258955,-0.14296606977955928,-0.009728183118740796,-0.07565286139528171,-0.02522174535050259,0.08870596216447657,-0.014253695755841567,0.12896998282079464
2023-04-12,-0.001559398922597155,0.008222285228239201,-0.0034023249220301865,-0.009072866458746831,0.5817958706542261,-0.014062943011059259,0.38707235892523983,-0.015806634533597652,0.42268936878601404,-0.03245676212078441,0.7163158732247394,-0.02421793781306092,0.7668179733271858
2023-04-13,0.020011600928074413,0.025377030162412995,-0.003915313225057893,0.022911832946636013,-0.1905067027781333,0.013573085846866118,0.06696089805254046,0.00954176334106771,0.11202792583387366,-0.007743619489560927,0.30912932006126836,-0.0025715390564572393,0.4091826064937336
2023-04-16,0.004384042086803985,0.008329679964927506,-0.008037410492474195,0.007745141020020219,-0.20817995776314668,0.020926494227676118,-0.18799714933931366,0.01701008329679987,-0.1443633415496871,0.0008914218909814586,0.015858957678150043,0.003448779774952726,0.10603721114721654
2023-04-17,0.01698419731206635,0.01698419731206635,-0.001181509378230694,0.010633584404076357,-0.17486557247217716,0.027942696795154376,-0.2823271027583606,0.025505833702555325,-0.28766654743928166,0.013077831930289108,-0.18366444558456763,0.011884015162704209,-0.08703009259633909
2023-04-18,-0.010332103321033292,0.003394833948339615,-0.01697416974169752,-0.0005904059040591214,0.5082507848009803,0.02004428044280271,0.15953584046529867,0.02253874538745415,0.1204680489579113,0.012243542435422583,0.23006227145570213,0.008880688806888637,0.3803490553909197
2023-04-19,0.00328947368421062,0.008747009569378017,-0.003738038277511957,0.013008373205741774,-0.08536228680638813,0.02688397129186426,0.012665879272709901,0.03338815789473726,0.012339609413897445,0.024304724880381157,0.10890328227180257,0.020758572567783684,0.24644485674714023
2023-04-20,0.0008957897879964261,0.0023887727679903215,-0.009555091071961841,-0.0014929829799941174,0.5739589312279634,0.014422215586740617,0.6790129906640585,0.028978799641684372,0.5963145872623552,0.02325320991340507,0.6927934027574414,0.017557479844730217,0.9623248876446173
2023-04-23,0.0035714285714285587,0.004613095238095166,-0.008773809523809573,-0.003273809523809512,-0.18818117931449618,0.005208333333331483,0.29508500090816003,0.022410714285714617,0.23805275315074415,0.02112351190476014,0.3388922542048751,0.013645833333333801,0.562180927629012
2023-04-24,0.008283132530120474,0.008382530120481846,-0.007078313253012003,0.012048192771084265,-0.19800595331157722,0.013614457831323534,-0.03424336277449025,0.0309186746987955,-0.009847369171668952,0.03436746987951622,0.04099853340787041,0.026134538152610798,0.22995651067505696
2023-04-25,0.015285845307245527,0.021400183430143604,-0.007031488841333089,0.014980128401100634,-0.033941637300141214,0.02479364108835047,-0.14694751453468036,0.040583919290737125,-0.048508809220855764,0.049335065729133154,0.0037890738106096666,0.04121573423010361,0.14641075118135327
2023-04-26,-0.02494061757719701,0.0040083135391923985,-0.03206650831353919,-0.028800475059382435,-0.1664992219346867,-0.011638954869360285,-0.27322263967408456,0.003963776722090806,-0.2188105733364939,0.017309976247029457,-0.18115245781436728,0.010134600158353768,-0.05075122912211871
2023-04-27,-0.009442313366774813,0.007229271171437013,-0.012909412806137555,-0.006196518146945995,-0.05646062207388869,-0.016347005016230542,-0.2812614147313771,-0.00694895249336025,-0.22536724145923148,0.010084095603421606,-0.22251474644231217,0.004037572538605705,-0.1293566031613591
2023-04-30,-0.008333333333333415,0.014108187134502792,-0.009502923976608235,-0.00906432748538022,0.2710055720276259,-0.022923976608188568,0.04198080205972077,-0.0176754385964909,0.0224734765298773,-0.00010964912280853056,-0.0068739717230277275,-0.0050048732943467344,0.10365849347573453
