date,price,c_open,c_high,c_low,p_price,p_volume,p_5_SMA,vol_5_SMA,p_10_SMA,vol_10_SMA,p_20_SMA,vol_20_SMA,p_30_SMA,vol_30_SMA
2014-01-01,81.13,0.0045605817823246575,0.009737458400098653,-0.0004930358683593594,,,,,,,,,,
2014-01-02,81.4,-0.0023341523341524617,0.005159705159704986,-0.0038083538083538704,-0.003316953316953475,0.3270240064078871,,,,,,,,
2014-01-05,80.54,0.009560466848770766,0.011919543084181639,-0.0012416190712690733,0.010677924012912898,-0.21608525665170275,,,,,,,,
2014-01-06,81.52,-0.008341511285574033,0.005152109911678027,-0.010549558390579028,-0.012021589793915433,-0.3135080318966237,,,,,,,,
2014-01-07,82.15,-0.010468654899573937,0.0006086427267193439,-0.010955569080949523,-0.007668898356664733,-0.2013304571647515,,,,,,,,
2014-01-08,82.95,-0.011211573236889816,0.0012055455093429313,-0.011452682338758291,-0.009644364074743783,0.040202316258747484,-0.019312839059674514,-0.3036643925653608,,,,,,
2014-01-09,83.2,-0.005408653846153855,0.00024038461538467004,-0.009735576923076916,-0.0030048076923077094,-0.07209274490961892,-0.017884615384615388,-0.2783875552874443,,,,,,
2014-01-12,81.06,0.020355292376017742,0.02072538860103612,-0.0032075006168270637,0.026400197384653268,0.10856673591726262,0.012484579323957412,-0.07030945604244643,,,,,,
2014-01-13,81.95,-0.014276998169615585,0.0036607687614398365,-0.01513117754728499,-0.010860280658938404,0.1984847922814832,0.002757779133617966,0.21329621073409477,,,,,,
2014-01-14,84.22,-0.02529090477321294,0.0010686297791497879,-0.030990263595345513,-0.026953217763001636,-0.23247628764549222,-0.023248634528615697,-0.07248088029519906,,,,,,
2014-01-15,84.12,-0.006894912030432687,0.0016642891107940816,-0.011650023775558793,0.00118877793628136,0.024180323852713848,-0.0171659533999049,-0.04682845519497292,-0.025059438896813946,-0.1860059145221763,,,,
2014-01-16,84.43,-0.009356863674049531,0.0055667416794977775,-0.009475304986379385,-0.0036716806822220116,0.11206888761189293,-0.01800307947412072,0.06686571147132803,-0.02509771408267203,-0.04751476622557149,,,,
2014-01-20,84.93,-0.008359825738843862,0.0012951842693982307,-0.012598610620511042,-0.005887201224537897,0.24113043985998317,-0.02088778994466034,0.2840475418386059,-0.027269516072059408,0.2464708639811095,,,,
2014-01-21,85.4,-0.011007025761124223,0.005620608899297386,-0.011007025761124223,-0.005503512880562056,-0.1494931498778117,-0.01721311475409837,0.041006573760510756,-0.027482435597189436,0.08030214608169639,,,,
2014-01-22,83.92,0.01060533841754041,0.013703527168732021,-0.0050047664442326445,0.017635843660629202,-0.14070294090275892,0.00834127740705437,-0.09219402985794312,-0.005707816968541279,-0.06698224155896637,,,,
2014-01-23,81.18,0.025991623552599208,0.02611480660261134,-0.0001231830500123543,0.033752155703375086,0.22555124002227855,0.04163587090416354,0.10444706101349865,0.030032027593003496,0.1413964894967077,,,,
2014-01-26,81.15,0.002341343191620382,0.009242144177449063,-0.011953173136167616,0.0003696857670980602,0.28170010456087646,0.03477510782501536,0.35501291957371284,0.02823166974738145,0.43754606491711834,,,,
2014-01-27,81.3,0.005289052890528945,0.007503075030750317,-0.004551045510454932,-0.0018450184501843658,-0.11856788690983855,0.02479704797047977,0.11946395065841187,0.02381303813038138,0.20938133080354326,,,,
2014-01-28,80.32,0.011827689243028017,0.01805278884462158,-0.0023642928286852216,0.012201195219123662,0.10804984833415388,0.028261952191235284,0.2377897065475778,0.03660358565737054,0.30506664901146285,,,,
2014-01-29,80.72,0.004088206144697626,0.00768087215064428,-0.006565906838453928,-0.0049554013875124925,0.20437114702629167,0.010579781962339219,0.414091498923985,0.029447472745292025,0.5457125331368546,,,,
2014-01-30,79.88,0.001502253380070151,0.006259389083625333,-0.013269904857285963,0.010515773660490835,-0.39288529831514263,0.013194792188282678,-0.24441187662318875,0.03589133700550806,-0.1167531601048577,0.031290686029043835,-0.09784579548315753,,
2014-02-02,78.09,0.02471507235241388,0.033166858752721184,-0.005506466897170048,0.022922269176590904,-0.012709922930355333,0.03309002433090025,-0.23729157232328235,0.05420668459469802,-0.14096533040833248,0.05412985017287797,-0.09206330049471534,,
2014-02-03,78.08,0.003970286885246033,0.005507172131147708,-0.0023053278688524026,0.00012807377049184332,0.4359514676083285,0.025384221311475663,0.17991714449486307,0.046221823770491444,0.23287576850302227,0.05214523565573814,0.3407987255358673,,
2014-02-04,77.57,0.003867474539126059,0.012375918525203256,-0.0019337372695629185,0.006574706716514278,-0.17548692538442057,0.02382364316101593,-0.0516500820196335,0.04426969189119512,0.0031437434778665008,0.057477117442310544,0.11018007648421713,,
2014-02-05,78.52,-0.008278145695364114,0.0028018339276616455,-0.009296994396332026,-0.012098828323993893,0.42167578191185995,0.004431991849210615,0.3895603064592026,0.021663270504329812,0.408127272163439,0.04216760061130942,0.5737040494340069,,
2014-02-06,80.58,-0.02196574832464626,0.0018615040953091633,-0.023703152146934636,-0.0255646562422438,-0.35925658539451033,-0.026706378754033255,-0.11079047771809414,-0.01115661454455219,-0.1531212752741412,0.013272524199553493,-0.020350354247616442,,
2014-02-09,79.97,0.0027510316368637433,0.0076278604476678336,-0.0023758909591096167,0.0076278604476678336,0.4468195826828507,-0.017531574340377665,0.2677758515020574,-0.00436413655120671,0.22895367397165423,0.01951981993247487,0.4052505248649976,,
2014-02-10,80.55,-0.00024829298572315306,0.004220980757293713,-0.00496585971446295,-0.007200496585971439,0.06290759004291235,-0.01993792675356909,0.22839753951348274,-0.012998137802607057,0.2956168708953142,0.010173805090006205,0.4500410966790518,,
2014-02-11,81.21,-0.004556089151582232,0.0077576653121538275,-0.004556089151582232,-0.008127077946065708,-0.09358065526127757,-0.021819972909739915,0.08533939194450912,-0.021943110454377468,0.14476104077520247,0.0016500430981407632,0.28055396552693046,,
2014-02-12,81.74,-0.010765842916564683,0.002936138977245095,-0.01357964276975776,-0.006483973574749169,0.31455790482934676,-0.01925617812576441,0.3558168139851121,-0.027195987276730893,0.49364572125707284,-0.005297284071445918,0.6623159135054015,,
2014-02-13,82.11,-0.004627938131774423,0.003898428936792042,-0.008890512726829947,-0.0045061502862014935,-0.05500570955565198,-0.01583241992449136,0.24833555233094473,-0.030337352332237222,0.39404605542008864,-0.01128973328461813,0.5112900603866541,-0.007924329151950849,0.573612378516114
2014-02-17,82.59,-0.005932921661218171,0.0019372805424384687,-0.00980748274609522,-0.005811841627315739,-0.0042404230492315564,-0.017847196997215042,0.09734223789071228,-0.033272793316382,0.3041121179771098,-0.018252815110788356,0.4507955758583877,-0.013294587722484708,0.560316227645506
2014-02-18,83.26,-0.010088878212827335,0.005765073264472509,-0.012250780687004692,-0.008047081431659886,-0.4702569790904134,-0.019457122267595217,-0.43900709910096636,-0.035647369685323116,-0.35469353710621077,-0.027257987028585395,-0.25444521718819424,-0.020758267275202247,-0.17166940794881513
2014-02-19,83.38,-0.0026385224274406704,0.0024730151115377463,-0.00527704485488123,-0.001439194051331194,0.5419438860849237,-0.014367953945789935,-0.009762503873365636,-0.03082273926601098,0.04343709897483583,-0.029659390741185065,0.1652268494408562,-0.02108019509074921,0.2973739797433115
2014-02-20,83.8,-0.0023866348448687846,0.004653937947494136,-0.0032219570405727094,-0.005011933174224326,0.04163531551475397,-0.01412887828162257,0.029297867980845105,-0.028747016706443973,0.05740439923025087,-0.03572792362768529,0.19053459963117958,-0.025246618933969622,0.3386747528346301
2014-02-23,83.95,-0.0028588445503276994,0.009529481834425146,-0.004050029779630759,-0.0017867778439547566,0.28416707265863805,-0.010982727814174753,0.3729946799680126,-0.024192972007147207,0.36558661951734517,-0.03752233472304989,0.4805394575368567,-0.026333134802461577,0.6856145018523723
2014-02-24,83.41,0.0070734923870039434,0.0070734923870039434,-0.005275146864884284,0.0064740438796309085,-0.15829577020360575,-0.00016784558206406341,0.1408428540702662,-0.013835271550173833,0.07501608543707405,-0.02963073971945851,0.2109871640723715,-0.01962994045478139,0.38512748175043043
2014-02-25,83.4,0.004316546762589857,0.004796163069544335,-0.003477218225419687,0.00011990407673856396,0.1017150049982618,0.0019184652278179115,0.27458453049291887,-0.009592326139088891,0.17378264529044007,-0.028159472422062848,0.32282550456786296,-0.019428457234212604,0.48946085348946755
2014-02-26,83.36,-0.011516314779270509,0.003958733205374321,-0.01703454894433787,0.00047984644913645624,-0.05716605896284477,0.002735124760076868,0.029626853884031412,-0.005698176583493364,0.09385611198889654,-0.02643354126679498,0.22329638569989996,-0.01802223288547633,0.3734186379686897
2014-02-27,83.35,-0.0004799040191960646,0.005518896220755964,-0.007438512297540334,0.00011997600479918269,-0.12887669290245374,0.0028074385122978107,-0.13259959076138872,-0.0029994001199760145,-0.06294266692671047,-0.02449310137972438,0.05334020769355363,-0.017340531893620836,0.18015442036099816
2014-03-02,82.5,0.0007272727272726875,0.0029696969696970665,-0.008727272727272695,0.010303030303030258,0.22786837004941707,0.012048484848484753,0.07044160772813535,0.009224242424242357,0.1772197079625364,-0.01284848484848522,0.29780880577174806,-0.007567676767676335,0.41753322374318014
2014-03-03,83.98,-0.006668254346272939,0.007739938080495223,-0.00738271016908798,-0.01762324362943568,-0.11145152695741867,-0.009240295308406754,-0.037341684842047695,-0.008097165991903132,0.04446461593669104,-0.02868540128602104,0.11424705685054826,-0.02570056362625983,0.22629243564532597
2014-03-04,84.11,-0.002021162763048423,0.0011889192723812947,-0.007490191416002823,-0.0015455950540957941,0.23643184218814017,-0.009416240637260542,0.19341997229708463,-0.007977648317679331,0.3027943713472703,-0.026685293068601013,0.3351333446671889,-0.027384773907184634,0.48753749694589765
2014-03-05,83.8,0.005250596658711082,0.006682577565632508,-0.0025059665871121073,0.003699284009546666,-0.09231860513239798,-0.004057279236276745,0.0636492836084741,-0.0032935560859189694,0.08094311012935473,-0.019486873508353653,0.19128073673553758,-0.024112967382656447,0.32934301980147107
2014-03-06,83.93,0.004646729417371542,0.009055165018467592,-0.003931847968545399,-0.0015489098057906991,0.012543948131599203,-0.004551411890861279,0.06349729536166948,-0.004336947456213713,0.06944867795721033,-0.017294173716192573,0.17582569721472718,-0.026259978553555996,0.3189066659426294
2014-03-09,84.04,-0.002617801047120616,0.002748691099476286,-0.007139457401237559,-0.0013089005235602524,0.2834828634831923,-0.004474059971442013,0.3034255938193473,-0.005485483103284339,0.3453329169063861,-0.01536173250832984,0.5001767074874661,-0.02753054101221597,0.6446692419385771
2014-03-10,83.55,0.00921603830041895,0.012507480550568495,-0.002034709754637931,0.005864751645721311,-0.09870068299331825,0.005050867743866316,0.1214284486717927,0.00045481747456599386,0.1934447456924011,-0.007516457211251049,0.29427764196927275,-0.020686215838818467,0.4455269616921247
2014-03-11,82.75,0.00495468277945621,0.006767371601208438,-0.0019335347432023475,0.00966767371601196,-0.3616546797425775,0.013728096676737467,-0.3242995101829589,0.010296072507552712,-0.2571773630986337,0.0042416918429000194,-0.18728478767785572,-0.010251762336353942,-0.08927360702762122
2014-03-12,82.09,0.011207211597027644,0.011329029114386602,-0.0026799853818979535,0.008039956145693639,-0.021839031547241317,0.01856498964551112,-0.2761947192460189,0.017626994761846593,-0.24913510123202787,0.013655743695943023,-0.19790414641501886,-0.0017054452430254052,-0.1135088280840939
2014-03-13,81.38,0.007372818874416431,0.01339395428852308,-0.0007372818874417097,0.008724502334725992,0.3190370600675807,0.02324895551732653,0.025591746229150836,0.02494470385844183,0.019423089219151146,0.02304005898255057,0.06314922474471762,0.007729171786680311,0.1692954134166078
2014-03-16,83.39,-0.017028420673941724,0.00047967382180114093,-0.01990646360474868,-0.024103609545509164,-0.10414057690155032,-0.0075308790022781125,-0.07274934236301567,-0.0021225566614703206,-0.1029754138215705,-0.0018347523683899247,-0.04420724135277321,-0.016296918095694335,0.044666858477453664
2014-03-17,83.79,-0.0011934598400764607,0.003938417472252098,-0.005489915264351497,-0.004773839360305621,0.04849296466216124,-0.013820264948084304,0.042461522380081274,-0.005824084019572906,-0.044988797466352315,-0.005836018617973893,0.00859635714786755,-0.019596610574053597,0.0737688330705577
2014-03-18,82.63,0.011376013554399211,0.014401549074186004,-0.00883456371777791,0.014038484811811802,0.09904546631771893,0.0006051071039576694,0.19547271688381818,0.00790269877768357,0.04773645921615777,0.00884666585985694,0.11270695251618168,-0.0035338254871106756,0.15385259952212849
2014-03-19,83.06,-0.006742114134360766,0.00048157958102557075,-0.015097519865157727,-0.005176980496026995,0.19753642147539563,-0.004863953768360019,0.35211734521476346,0.0009029617144229451,0.26620339306230023,0.0032446424271608265,0.2776843641085547,-0.006866522192791935,0.36923934066429176
2014-03-20,82.83,0.007364481468067119,0.010382711577930692,-0.0024145840878908587,0.0027767717010744875,-0.6546716298236168,0.0002414584087893079,-0.5766333492807812,0.002788844621513853,-0.569396111267622,0.00583725703247584,-0.5672006352863123,-0.0018994728158070462,-0.5376231343014045
2014-03-23,82.0,0.01609756097560977,0.022195121951219532,-0.004756097560975614,0.010121951219512093,0.6004071135489311,0.013902439024390478,-0.13900733391314557,0.0115975609756096,-0.21591381118041597,0.015426829268292419,-0.2667920165993479,0.009955284552846111,-0.23139534211588775
2014-03-24,83.52,-0.010895593869731712,0.0027538314176245304,-0.011135057471264309,-0.018199233716475027,0.04260112059718835,-0.007878352490421348,-0.052838504317410995,-0.009255268199233835,-0.13112968921942392,-0.004220545977011714,-0.21546975204657626,-0.007858397190293243,-0.2041442161875242
2014-03-25,82.97,0.01241412558756183,0.013860431481258262,0.0,0.0066289020127756615,-0.2761158981700448,-0.0019525129564902377,-0.2793834811734184,-0.002723876099795075,-0.34112023219501,0.002446667470169528,-0.4234547388863218,0.00014463058937019824,-0.419899206653626
2014-03-26,78.8,0.01662436548223356,0.018908629441624525,-0.032360406091370475,0.052918781725888264,-0.7319353243635525,0.05172588832487324,-0.7799950896788057,0.0503299492385787,-0.8144058757613174,0.055222081218273766,-0.8387506248380346,0.05409475465313074,-0.8406382738374628
2014-03-27,78.81,0.009389671361502261,0.014592056845577961,-0.0043141733282578976,-0.00012688745083122566,1.0849784846255455,0.04078162669711971,-0.17092404278035744,0.046022078416444456,-0.44255764980932266,0.05219515289937782,-0.574377615570407,0.052941674068435196,-0.6099162220343506
2014-03-30,79.72,-0.0067737079779226494,0.001756146512794876,-0.0184395383843452,-0.011414952333166029,0.6461269460556489,0.018815855494229705,0.47173433262097886,0.03085800301053676,0.034791433129182536,0.03733692925238308,-0.2450850900407846,0.03969727379160459,-0.3176293100088001
2014-03-31,79.54,0.0007543374402814162,0.001634397787276809,-0.007166205682675453,0.002263012320844693,0.11371745306946868,0.015388483781745066,0.7071730323424867,0.028576816696001872,0.20485775582945398,0.03793688710082943,-0.12896720981289167,0.041048529041991744,-0.2201472408269769
2014-04-01,79.99,-0.008751093886735672,0.002000250031254147,-0.011626453306663231,-0.005625703212901456,0.2540387001129336,-0.00027503437929710106,1.205636004713973,0.017477184648081234,0.5658006056756544,0.029322415301912486,0.11914171801283535,0.03392090678001458,-0.001943985566584483
2014-04-02,79.35,0.005545053560176649,0.008191556395715338,-0.016383112791430343,0.008065532451165813,-0.13837533546578717,0.00027725267800926545,0.8513242382199295,0.022356647763075,0.3799920694787229,0.03502835538752347,-0.01763450049837445,0.040886368409998264,-0.14664204471093778
2014-04-03,78.14,0.01855643716406452,0.01983619145124127,-0.00102380342974151,0.01548502687483988,-0.12920336674568222,0.01717430253391372,0.0669768565959199,0.03343997952393152,0.24855829625411086,0.04820834399795193,-0.12499970275150196,0.05528538520604043,-0.24781460073298645
2014-04-06,78.88,-0.016227180527383367,0.0013945233265719725,-0.01762170385395534,-0.009381338742393441,-0.09804671273536814,0.005933062880324691,-0.16841639896365113,0.01779918864097385,0.11130327559936082,0.03470461460446228,-0.187053923755088,0.042993576741041206,-0.30876693634672314
2014-04-07,78.29,0.002299144207433823,0.009707497764720685,-0.001405032571209608,0.00753608379103321,0.21113269658397305,0.011367990803423433,0.020442034788219043,0.021484225316132255,0.38756342775895347,0.039206795248434956,0.024985348297022814,0.048695022778558306,-0.13873999507147905
2014-04-08,78.48,-0.01044852191641188,0.0008919469928643231,-0.015290519877675823,-0.002420998980631972,0.08675177051631233,0.005733944954128711,0.1029181796053229,0.012347094801223202,0.5337606673877879,0.03333970438328193,0.1439378702528773,0.0439814814814814,-0.04882655493605692
2014-04-09,76.83,0.022647403358063256,0.024729923207080562,-0.0007809449433815452,0.02147598594299116,-0.013393785888138665,0.023402316803332157,0.10970927978736822,0.028244175452297293,0.49895727584940697,0.05275283092541949,0.1403824761863619,0.0642674302572781,-0.04750996521694972
2014-04-10,77.09,-0.008172266182384313,0.007004799584900745,-0.009443507588532962,-0.003372681281618939,-0.26117795871332317,0.013412894019976696,-0.18306600358474112,0.022220780905435333,-0.12988089218731358,0.04579063432351771,-0.1488919680968115,0.05785445583084692,-0.2864078704162544
2014-04-13,77.82,-0.0044975584682600545,0.010537136982780915,-0.012079157029041387,-0.0093806219480852,0.29661308590346747,0.0012079157029043497,0.09416612214671538,0.010421485479311432,0.06432305279665451,0.03322410691338962,0.14049803156037632,0.045249721579714075,-0.05348991912063661
2014-04-14,78.92,-0.010770400405474057,0.00038013177901663475,-0.01900658895083629,-0.01393816523061342,0.10181770403048285,-0.015433350228078901,0.15180555480560343,-0.006069437404967015,0.153323727946157,0.015293968575772476,0.27740935628306906,0.02870417300219641,0.05990027836224043
2014-04-15,79.11,0.0054354695992921975,0.011123751738086218,-0.0017709518392112766,-0.002401719125268542,-0.11615008935152538,-0.01620528378207553,-0.005258695202591923,-0.00924029831879658,0.00494031742328227,0.009777524965237872,0.14431464463546173,0.024101462099187065,-0.05334989562398473
2014-04-16,78.9,-0.0021546261089987473,0.0076045627376424285,-0.011406844106463976,0.0026615969581749166,-0.1483249418027388,-0.011989860583016432,-0.13924704971668556,-0.0077186311787071915,-0.128772694335045,0.010234474017743578,-0.005239661616995295,0.024714828897338448,-0.1788763380364593
2014-04-20,79.71,-0.010412746204993106,0.000125454773554301,-0.012294567808304957,-0.010161836657884726,0.8268742953486099,-0.016836030610964503,0.6475595805568402,-0.018366578848324933,0.6262672174206119,-0.0026408229833146946,0.8744623197917882,0.012252749550454078,0.5338066830550754
2014-04-21,79.64,-0.0007533902561527306,0.0045203415369161615,-0.009166248116524445,0.0008789552988446303,0.10784692782570393,-0.00939226519337022,0.6115108505492457,-0.015532395781014507,0.7240962445820378,-0.0037230035158214436,1.0223457240371978,0.011376192867905921,0.7064142793508377
2014-04-22,79.11,0.00278093793452161,0.00783718872456074,-0.00012640626975102265,0.00669953229680198,0.08642850652648959,0.001845531538364309,0.6033383928584728,-0.007976235621286687,0.7548849243528997,0.0014599924156235566,1.1770106398983526,0.016297981713226495,0.8649399733766694
2014-04-23,78.36,0.013910158244001991,0.0140377743746809,-0.005104645227156812,0.009571209800918856,-0.4039503964542852,0.01191934660541083,-0.12243328700733247,0.0025650842266462526,-0.006046549344293717,0.008231240428789866,0.284849089303429,0.024136464182406225,0.11481861831715867
2014-04-24,78.43,0.008415147265077083,0.010072676271834613,-0.0020400357006249425,-0.0008925156190234818,0.2668940034456706,0.009103659314037893,0.08233885677970387,0.0015172765523396858,0.25576576188128386,0.0043924518679072655,0.6166271045680447,0.021356623740915515,0.421549427002585
2014-04-27,79.07,-0.006576451245731585,0.0032882256228659035,-0.0144176046541038,-0.008094093840900318,-0.24936943559631042,-0.00025294043252821474,-0.2867063908638099,-0.0045655748071326,-0.08134717038269534,-0.003971164790691928,0.042448931459999395,0.01154673074490975,0.06672691340624093
2014-04-28,79.68,-0.0081576305220884,0.0011295180722890041,-0.010542168674698815,-0.00765562248995999,0.5342113580741603,-0.00951305220883547,0.19184889522944304,-0.009701305220883527,0.3571940917703098,-0.011433232931727266,0.5225716291673934,0.0028363453815261064,0.658236613015676
2014-04-29,80.22,-0.03203689852904501,0.0021191722762403664,-0.03577661431064583,-0.006731488406880981,-0.3280625668033391,-0.01608077786088269,-0.19173257542611977,-0.01404886561954588,-0.12742177698912927,-0.018112690102219164,-0.005978050207097629,-0.005455829801379486,0.11451152276603627
2014-04-30,79.84,0.004258517034068099,0.010771543086172342,-0.002379759519038016,0.004759519038076032,0.44382172382231033,-0.008617234468937918,0.2870228866933786,-0.007727955911823181,0.26458676396356395,-0.01301352705410841,0.4261650598296327,-0.0022127588510353347,0.6268263519877235
2014-05-01,79.36,0.006300403225806495,0.010584677419354982,-0.00031502016129036914,0.006048387096774244,0.32782020546992774,0.0011088709677420372,0.5986067648220355,-0.0008064516129028254,0.602138522552188,-0.00713835685483899,0.8740868992062654,0.002650369623655946,1.1675967323569711
2014-05-04,79.0,-0.003291139240506391,0.0022784810126583732,-0.007848101265822804,0.004556962025316524,-0.060338947615998784,0.008025316455696263,0.411279716716102,0.004329113924051109,0.36797292600384157,-0.0026075949367090345,0.7142061648220981,0.005658227848101438,1.0392551863515003
2014-05-05,78.73,0.0034294423980691935,0.0034294423980691935,-0.0019052457767052555,0.0034294423980691935,-0.1259789068220949,0.01130445827511739,0.08366144385073149,0.006871586434650467,0.17230304118363726,0.0013590753207159967,0.44782277600912535,0.007485498962699566,0.7384087488828861
2014-05-06,78.21,0.006776627029791538,0.008438818565400963,-0.006393044367727918,0.006648766142437257,-0.36028670437257193,0.015599028257256231,-0.3141846599659489,0.012402506073392772,-0.25003419131119875,0.007920981971614838,-0.1085853067369742,0.012790350765034653,0.1041965597111798
2014-05-07,78.83,-0.00837244703792972,0.002727388050234758,-0.010402131168336881,-0.007865026005328013,0.3122798755645002,0.0025117341113789493,-0.10191753693795402,0.003298236711912317,0.03815684517965834,-5.7084866167844694e-05,0.16306147070734345,0.002579390249059399,0.4559916286242556
2014-05-08,78.74,0.0008890017780036619,0.001143002286004613,-0.008445516891033678,0.001143002286004613,0.44759950658899106,0.0010922021844044227,0.32453676100765083,0.005041910083820822,0.46001516650400975,0.0013081026162051757,0.6596697843491892,0.001972737278808312,1.0824227324355564
2014-05-11,79.19,-0.00606137138527596,0.003914635686323997,-0.00606137138527596,-0.005682535673696254,-0.3648354841189302,-0.006162394241696956,-0.15845386030695152,-0.00027781285515782184,-0.10317808279072982,-0.0031759060487436264,0.023887912559088065,-0.0037462642589550788,0.1696436458912931
2014-05-12,79.68,-0.005522088353413834,0.0037023092369476984,-0.006024096385542244,-0.006149598393574429,1.0535750878882562,-0.011797188755020005,0.8618107696151021,-0.006275100401605727,0.7897620952705073,-0.007988202811245126,1.0328852691679669,-0.00971385542168679,1.2988179225666148
2014-05-13,78.85,0.0006341154090045986,0.009638554216867545,-0.0032974001268230024,0.010526315789473939,-0.19047870266974998,0.0010145846544071802,0.4124450384386549,0.004185161699430173,0.3940463022394951,0.0036334812935954197,0.5784894766305286,0.0006932995138448916,0.8035448753833361
2014-05-14,78.42,0.00522825809742411,0.01887273654679933,-0.0017852588625351107,0.00548329507778611,-0.3886223364567035,0.008135679673552998,-0.25945436470250105,0.007944401938281942,-0.21009449669971147,0.00909206834991072,-0.0641111260832824,0.005887103630026536,0.07670504161586678
2014-05-15,79.53,-0.01043631334087769,0.0027662517289073207,-0.012322394065132691,-0.013956997359486967,0.08346405695718895,-0.006965924808248092,-0.18345380615420936,-0.007908965170375315,-0.12851128830849323,-0.0054256255501068384,-0.005048578710635354,-0.00881009262751975,0.16266604488816272
2014-05-18,79.56,-0.004776269482151818,0.0002513826043237799,-0.007918552036199067,-0.00037707390648566985,0.49064486367535376,-0.005354449472096401,0.3067866556617589,-0.00806938159879278,0.3440863476246647,-0.005404725992961379,0.42949157094287593,-0.009108429696664588,0.7135730412170842
2014-05-19,78.4,0.01211734693877542,0.01479591836734695,-0.00267857142857153,0.01479591836734695,-0.03875654148774821,0.010306122448979771,0.13281531834776739,0.007321428571429145,0.28167020330771453,0.009215561224489521,0.3547179106852554,0.006156462585034328,0.6027735833870229
2014-05-20,79.37,-0.015119062618117685,0.0013859140733274433,-0.015119062618117685,-0.012221242282978495,0.13869339156756655,-0.005266473478644063,0.34268464122783526,-0.005405064885976585,0.434615538124987,-0.0038994582335897254,0.5302317205517049,-0.006341606820376766,0.7665347653683703
2014-05-21,79.45,-0.0005034612964128771,0.0011327879169289456,-0.007174323473883026,-0.0010069225928256431,0.2055802805950404,-0.004959093769666301,0.5992360739302018,-0.0049465072372556484,0.5887449600508368,-0.0047388294524859376,0.8281833498944848,-0.0068890287392487926,1.0738384726366754
2014-05-22,79.79,-0.0013786188745457117,0.0021305928061159385,-0.003835067051009,-0.004261185612232099,0.09114145372297955,-0.006617370597819194,0.49813205147650774,-0.008409575134728176,0.6253448962686032,-0.008296779044993152,0.908565361530628,-0.01071562852487773,1.20278753300898
2014-05-26,80.1,-0.003620474406991203,0.001498127340824107,-0.005118601747815199,-0.0038701622971284433,-0.3457799111514329,-0.00981273408239669,-0.1698791580976724,-0.010936329588014493,0.030543276056467006,-0.011285892634207206,0.20862497900914434,-0.01331252600915489,0.3989690127718908
2014-05-27,79.58,0.0060316662478010485,0.007131188740889582,-0.0015079165619502621,0.006534305101784321,-0.056124150367025005,-0.0019854234732341602,-0.20551607869937705,-0.003329982407639598,-0.07885386518676485,-0.0041781854737372726,0.09655970691521976,-0.0056044232219149,0.2702216936531918
2014-05-28,80.42,-0.006093011688634631,0.0004973887092762919,-0.012061676199950244,-0.010445162894802351,0.47110989308820783,-0.009475254911713193,0.19085170587977007,-0.013864710271076275,0.39766727584635353,-0.014641880129321327,0.599049626694486,-0.015261543562961166,0.8249845181550184
2014-05-29,81.45,-0.012154696132596787,0.00049109883364018,-0.014487415592388087,-0.012645794966236967,-0.46683904529257814,-0.019422958870472407,-0.3858756355217292,-0.024407612031920878,-0.27036083264850097,-0.02697974217311261,-0.19035106874209884,-0.0271004706363821,-0.054068563423548155
2014-06-01,81.27,-0.0020917927894672506,0.005783191829703549,-0.00221483942414169,0.0022148394241419123,0.5694961188500418,-0.012329272794388668,0.11187759221096627,-0.018518518518517713,0.1253454644741585,-0.023834133136458657,0.27360102171201395,-0.023985890652557296,0.45730796284553055
2014-06-02,81.87,-0.008061561011359575,0.0015878832295102008,-0.009405154513252856,-0.007328691828508704,-0.3078424038702282,-0.015952119213386906,-0.19720344174246218,-0.023586173201416316,-0.26479514721854747,-0.029821668498839715,-0.1232754126236687,-0.03017385285615415,-0.032968339904004385
2014-06-03,83.45,-0.018933493109646427,0.003355302576393049,-0.023517076093469202,-0.018933493109646427,-0.5004891970356872,-0.030341521869382437,-0.5794372098575338,-0.03930497303774649,-0.6206477726586277,-0.04647094068304369,-0.5580440113061791,-0.04767325743958484,-0.5180047872023924
2014-06-04,83.58,-0.0005982292414452584,0.0008375209380235837,-0.007896625987078187,-0.0015553960277577827,0.9733942773167359,-0.022589136156974887,0.0566351141078838,-0.0347571189279724,-0.1317363848547718,-0.04513041397463502,-0.07648515300829872,-0.047635000398819516,-0.014578665283540904
2014-06-05,83.53,0.0008380222674486681,0.004190111337244007,-0.002035196935232908,0.0005985873338920644,-0.04760650209447537,-0.014437926493475084,0.08806124364412371,-0.029139231413862432,-0.14280905037279035,-0.04134442715192155,-0.14326250345786018,-0.04528113651781818,-0.05738043213373023
2014-06-08,84.26,-0.009138381201044488,0.00356040826014703,-0.010206503679088486,-0.00866366009969144,0.16059704687110332,-0.01803940185141195,0.2581908573972982,-0.03270828388321789,0.04836042390671835,-0.046860906717303696,-0.009933844600024333,-0.05150723949679581,0.07887714024447923
2014-06-09,83.64,0.005141080822572919,0.010162601626016121,-0.0009564801530368428,0.007412721186035531,0.10782654811612513,-0.003610712577713615,0.4483275704107754,-0.020193687230989243,0.2086750817862184,-0.036495695839311226,0.10454274080821335,-0.042152877411127054,0.18508171388417094
2014-06-10,82.94,0.004943332529539379,0.008198697853870396,-0.0037376416686761837,0.008439836026042924,-0.21353949000574435,0.009066795273692252,0.10648373696084712,-0.007656136966481042,-0.047125184192342684,-0.025681215336387675,-0.15102290228856385,-0.03223213568041172,-0.09106531855909561
2014-06-11,82.42,0.007522446008250583,0.008493084202863432,-0.004003882552778393,0.006309148264984188,0.24545987111892198,0.014195583596214867,0.153781876811256,0.002681388012618857,0.2105729142365378,-0.01755641834506194,0.0838420921660421,-0.02480789452398291,0.13353515716129816
2014-06-12,82.73,0.002780128127644055,0.008098634110963454,-0.0026592529916595886,-0.0037471292155203395,0.18690759533238666,0.007590958539828607,0.32209055622967875,0.0013417140094287294,0.4742504719546923,-0.01908014021515758,0.2932795990046495,-0.027575647689270344,0.3142706505303696
2014-06-15,82.82,-0.0045882637044191155,0.0027771069789905845,-0.0063994204298477575,-0.0010866940352570742,-0.10072118005043229,0.004564114948080844,0.09993929758955544,0.0017990823472597839,0.2785982778665288,-0.017544071480318668,0.13078065955908036,-0.027469210335667626,0.16783996992731387
2014-06-16,82.51,0.0014543691673736259,0.0058174766694945035,-0.003029935765361813,0.003757120349048515,0.04124769242469983,0.004847897224579345,0.11236076764762148,0.007441522239729048,0.34451171591414553,-0.011859168585625968,0.15529103105114817,-0.02241748474932348,0.2161901902986194
2014-06-17,82.69,-0.0019349377191921757,0.0012093360744951376,-0.005562945942677366,-0.0021768049340911144,-0.35783346104479696,-7.256016446899327e-05,-0.29705950367538914,0.0060224936509862825,-0.15676456974433417,-0.012226387713145437,-0.2579650883355096,-0.02313056798484281,-0.2211948243002293
2014-06-18,83.06,-0.002769082590898142,0.0037322417529497276,-0.00421382133397552,-0.004454611124488417,0.14890007354097667,-0.005128822537923905,-0.16685826995914854,0.0006260534553339525,-0.11039882164400217,-0.014044064531663847,-0.12823352873411742,-0.025892928806485305,-0.09795227346474356
2014-06-19,83.13,-0.0024058703235894097,0.0030674846625768915,-0.008661133164922452,-0.0008420546132562601,-0.4337688408343643,-0.00442680139540419,-0.5078608943469072,-0.000842054613255927,-0.4953454534075975,-0.012654877902080974,-0.4970638265608226,-0.024768434981354503,-0.49781338006133047
2014-06-22,82.67,0.0026611830168137285,0.003749848796419597,-0.00616789645578808,0.005564291762428786,0.4015768219985898,0.0020805612676912943,-0.13956649202648952,0.004233700254022477,-0.23448338331888297,-0.004935284867545797,-0.24710258114358397,-0.017608160961251507,-0.27875118216668526
2014-06-23,82.44,0.0031538088306648504,0.0065502183406114245,-0.0021834061135370675,0.002789907811741932,0.06017843762462283,0.00451237263464388,-0.00502300661496069,0.005106744298884358,-0.15726027250275842,-0.00041242115477935215,-0.17024387190689338,-0.013278343846029106,-0.221483951999361
2014-06-24,83.06,-0.009029617144233115,0.005658560077052677,-0.010715145677823279,-0.007464483505899455,-0.25164342496185865,-0.003154346255718199,-0.19864018629051683,-0.0038405971586801257,-0.34506536227617035,-0.006465205875270996,-0.36617479457187974,-0.019339433341359347,-0.4177500156134294
2014-06-25,81.53,0.017416901753955605,0.01980865938918175,-0.021636207530970175,0.01876609836869858,-0.4955397782432778,0.01646019869986559,-0.5678394422785221,0.015000613271188623,-0.6516032116081076,0.014313749540046716,-0.6681561864800178,0.00044564373032462967,-0.6956783390632684
2014-06-26,81.35,-0.0031960663798400457,0.005531653349723387,-0.004609711124769489,0.002212661339889399,0.8474400347430182,0.014947756607253337,0.05051726636704723,0.016152427781192635,-0.21972995834479747,0.017240319606637966,-0.3110412229103364,0.003757426756812565,-0.39038759036331916
2014-06-29,80.84,0.003216229589312114,0.009401286491835581,-0.0011133102424543129,0.0063087580405738475,0.1542657320509,0.016947055912915232,0.2041871707718066,0.02085601187530961,-0.030727321675110164,0.023595992083127015,-0.18271222846547097,0.011298037275276451,-0.2846505820233788
2014-06-30,81.25,-0.001969230769230723,0.0045538461538461306,-0.004184615384615453,-0.005046153846153811,0.621684278452205,0.007310769230769898,1.000334974900229,0.013267692307692647,0.6496403478994963,0.01816615384615372,0.36961393839244727,0.006732307692308037,0.17404262034979512
2014-07-01,81.06,-0.0007401924500370916,0.0053047125585985455,-0.005057981741919515,0.0023439427584504013,-0.10785349430674984,0.006735751295337433,0.7300811226704413,0.014088329632371277,0.4886362860030278,0.02017024426350833,0.21900246692232894,0.009786989061600915,0.05316582811302806
2014-07-02,81.55,-0.003556100551808661,0.0017167381974247942,-0.004046597179644396,-0.006008583690987113,1.3019046678410024,-0.00421827099938632,2.7263516927983553,0.005996321275291594,2.397726058844005,0.012575107296137089,1.70222230426165,0.00480686695279009,1.443567283145021
2014-07-06,81.05,0.0008636644046886577,0.0033312769895126326,-0.0034546576187538536,0.0061690314620603814,-0.49958228905597324,0.0019740900678599793,0.25404666174338764,0.010339296730413672,0.6374423038258101,0.01756940160394782,0.3217515356455469,0.011902118034135656,0.21423748918534136
2014-07-07,81.11,-0.0014794723215386663,0.001849340401923305,-0.00369868080384661,-0.0007397361607693886,0.14773949550674859,0.0004931574405135919,0.22729469197669472,0.007027493527309137,0.7653220232381259,0.015287880655899144,0.5075186303197128,0.011811120700284006,0.40785016951007025
2014-07-08,80.64,0.006324404761904878,0.01041666666666674,-0.0013640873015873245,0.005828373015873023,-0.37045019331445084,0.006994047619048427,-0.34228539946279,0.010962301587301937,0.07153834338651688,0.019252232142856762,-0.05575059783417091,0.018253968253968855,-0.10657120042882484
2014-07-09,79.77,0.003886172746646599,0.008148426726839686,-0.0008775228782749167,0.010906355772847043,-0.027291319430626237,0.016447285947098766,-0.31015182716700584,0.019731728720070674,0.04527014767213866,0.02848815344114297,-0.06474542693928864,0.029585057038987728,-0.11914966713680541
2014-07-10,79.77,0.0013789645230035674,0.004262253980193087,-0.002820609251598327,0.0,0.14628424743591228,0.013212987338599103,-0.16558984648334363,0.015607371192178032,0.16836957656309792,0.026501190923905904,0.0829444579752503,0.029664451966069816,0.02287342768815237
2014-07-13,79.46,0.008809463881198187,0.010823055625472033,-0.0025169896803421965,0.003901334004530632,-0.003554427972851215,0.012685627988925807,-0.04961268022051546,0.017354643845960638,-0.02143808912226397,0.02883840926252157,0.09176472129116608,0.03340884302374425,0.035491273411284
2014-07-14,79.36,0.0,0.006300403225806495,-0.0033329133064515792,0.0012600806451612545,-0.18755778194931028,0.00995463709677491,-0.1958209214941653,0.016255040322581182,-0.24919585678777123,0.028074596774193106,-0.09781333073777498,0.03387516801075341,-0.15748772691053647
2014-07-15,79.74,0.0016302984700276024,0.004640080260847723,-0.003636819663907609,-0.004765487835465154,-0.06675697668237457,0.0007524454477056963,-0.16892283984692869,0.009556057185854616,-0.30743357745076905,0.021005768748431963,-0.13777011953517804,0.02814982024914392,-0.19799154653078488
2014-07-16,79.24,0.00517415446744085,0.01085310449268051,-0.0007571933366984362,0.00630994447248856,0.6242502619902339,0.004795557799092132,0.4010751917901345,0.014020696617870199,0.1857251021512849,0.025700403836445895,0.44052102966787365,0.03374137640922181,0.32074001191389434
2014-07-17,79.74,-0.003135189365437663,0.0005718585402558762,-0.011161274140958133,-0.006270378730875326,-0.25269448297940456,-0.0028342111863549624,-0.01374715448912689,0.005379984951091377,-0.12427659943325542,0.01710559317782745,0.06596565143542077,0.02549954017222711,-0.04204811550159515
2014-07-20,79.8,0.0006265664160400863,0.005012531328320913,-0.005137844611528775,-0.0007518796992481702,0.42038472190749543,-0.0036591478696733626,0.4244232948107862,0.002355889724311222,0.33338812095576187,0.014260651629072196,0.5258707606314676,0.023124477861320658,0.36917162256296643
2014-07-21,80.29,-0.0036119068377133967,0.004732843442520895,-0.003736455349358736,-0.006102877070619073,-0.05698501129234157,-0.00889276373147263,0.28531235813343003,-0.005318221447253468,0.2527452546522737,0.005997010835719907,0.3874270129144879,0.01533192178353504,0.2841308569326493
2014-07-22,80.59,-0.002357612607023163,0.002357612607023274,-0.004938577987343429,-0.003722546221615497,-0.15218195631054865,-0.01027422757165819,0.0019963371364362104,-0.010038466310956284,0.07378065252758925,0.0007755304628358495,0.15900727057079544,0.009910245274434848,0.0888804163752841
2014-07-23,80.69,-0.004461519395216218,0.002602552980542905,-0.005700830338331797,-0.001239310943115579,0.20219088892997528,-0.009393976948815719,0.11360668543953789,-0.011327302020076369,0.27151408788143083,-0.00161110422605093,0.38579544959542167,0.007398686330400972,0.3186329942406845
2014-07-24,80.38,-0.000746454341876146,0.0055984075640707065,-0.0032346354814629663,0.00385668076635981,0.3887894064663575,-0.0019656631002727964,0.5409456207568728,-0.0063697437173422244,0.7054377898769912,0.0007651157004224807,0.8684511998386772,0.010350833540682336,0.8237689050211736
2014-07-27,80.65,-0.00582765034097954,0.003347799132052076,-0.008431494110353488,-0.003347799132052187,-0.1732198133812014,-0.0037197768133906406,0.12586520987668037,-0.008939863608183218,0.3489464763058592,-0.0032982021078743484,0.38034175470576126,0.006125232486051457,0.4996826702382473
2014-07-28,80.57,0.0002482313516198875,0.004840511356584365,-0.0013652724339083822,0.000992925406478884,-0.2555518458436815,-0.0006205783790484976,-0.17728026266414953,-0.006478838277273913,-0.02873340093559207,-0.002742956435398236,-0.01811256479411716,0.006263704439204654,0.1188388132948901
2014-07-29,80.49,0.0013666293949559094,0.004721083364393142,-0.004224127220772589,0.0009939122872406614,0.40307842876605693,0.0010684557087843327,0.19047284577612889,-0.003988073052552776,0.3175943302855928,-0.001919493104734049,0.3470152905589319,0.006332049529963024,0.5816199056866453
2014-07-30,79.28,0.007946518668012104,0.017406659939455116,-0.0007568113017154543,0.015262361251261236,-0.3726494798957607,0.01609485368314889,-0.30859362823144165,0.01215943491422844,-0.23535379615642904,0.012834258324923686,-0.1625777680018995,0.020841742347797343,-0.007926412399957172
2014-07-31,78.7,0.001905972045743276,0.009911054637865346,-0.00444726810673457,0.007369758576874164,0.14285405115646843,0.020000000000000462,-0.15323101151765517,0.01966963151207146,-0.0995644982865439,0.019167725540024882,-0.0357604590747419,0.026920796272766445,0.13439575663289705
2014-08-03,79.35,-0.0047889098928796114,0.0017643352236924592,-0.010712035286704391,-0.008191556395715116,0.11180642990969036,0.007410207939509084,0.02612581722709395,0.010006301197228007,-0.01822838076015254,0.009023314429741136,0.10351028795730355,0.016677168662046382,0.2620045757159448
2014-08-04,78.45,0.006500956022944537,0.010452517527087313,-0.005226258763543656,0.011472275334607929,-0.0009989460448948106,0.015653282345443387,0.05854341555415843,0.021019757807521078,-0.011107115121482103,0.019515615041427292,0.10419092766539695,0.026734650520501724,0.23002787433896676
2014-08-05,77.84,-0.007451181911613536,0.003854059609455174,-0.012461459403905417,0.007836587872559031,-0.3007979826285494,0.018165467625899767,-0.27627057781259867,0.026657245632066395,-0.30670794753722375,0.025796505652620372,-0.22233071433165685,0.032973621103117745,-0.14859086849819014
2014-08-06,77.5,0.010451612903225938,0.014064516129032256,-0.0020645161290322456,0.004387096774193688,0.4468941315226933,0.015793548387097456,0.1754126949015653,0.027612903225807006,0.031650877814062506,0.028490322580644545,0.1301100441794807,0.03552688172043039,0.23654413606675262
2014-08-07,78.87,-0.01458095600355025,0.0006339546088500736,-0.018891847343730284,-0.017370356282490285,-0.15255038650626473,-0.006364904272853411,-0.05206232450673631,0.005718270571827722,-0.12286563532276895,0.009186002282235872,-0.05867153209458453,0.015189552428046316,0.026801413787933104
2014-08-10,78.96,0.0,0.007092198581560405,-0.004432624113475114,-0.0011398176291791406,-0.1393253620929248,-0.0070668693009110495,-0.1759136830227861,0.0026595744680857347,-0.20975043200102605,0.007465805471124298,-0.19090451088888172,0.012909490037150029,-0.17177623995493851
2014-08-11,78.57,0.004072801323660613,0.00865470281277858,-0.0030546009927452378,0.004963726613211206,0.421282297782684,-0.0031309660175631304,0.2459749485993974,0.00548555428280606,0.17806206274339842,0.012148402698230365,0.15809257101912566,0.016923338000085275,0.15973301905559278
2014-08-12,78.99,0.0,0.003291555893150999,-0.00595012026838837,-0.005317128750474742,-0.01951446282464886,-0.008127611090010589,0.21210035493373103,-0.0023927079377129568,0.13822879179455194,0.006266616027345018,0.1085774938645947,0.010558298518800191,0.11475483967772826
2014-08-13,79.27,-0.0010092090324208547,0.0,-0.004919894033051597,-0.003532231613472936,0.25035244249184574,-0.008729658130439466,0.3978553904088096,-0.007808754888355751,0.44583594842096264,0.0022391825406833377,0.3468865895929023,0.006038434043984964,0.39308598566615016
2014-08-14,79.01,0.005948614099481109,0.01163143905834696,-0.005189216554866594,0.0032907226933298617,-0.33604826260311205,-0.0009872168079982924,-0.10786264036342175,-0.004556385267687091,-0.08199946648482948,0.005556258701429728,-0.1141248930601988,0.008593848879888899,-0.08450275228585469
2014-08-17,79.81,-0.005011903270266904,0.0021300588898633954,-0.006014283924320352,-0.010023806540533697,0.3192434175420804,-0.010650294449316311,0.17808028628232275,-0.01414609698032776,0.21790618048509547,-0.004980578874828168,0.16122655462202373,-0.002576953598128595,0.23364179969018006
2014-08-18,80.32,-0.004731075697211096,0.0022410358565738697,-0.008341633466135256,-0.006349601593625409,0.15505885932510055,-0.014815737051791955,0.23919044300383696,-0.019833167330676638,0.3923087515401076,-0.011292330677291185,0.33933229226359307,-0.009424800796812405,0.4216602436632346
2014-08-19,80.4,-0.0009950248756220859,0.0011194029850745135,-0.006467661691542448,-0.0009950248756220859,0.36913344546338434,-0.0114427860696511,0.630806784773694,-0.018482587064676315,0.8650723946846077,-0.012257462686567688,0.8154965459498578,-0.0107379767827529,0.9422523925056732
2014-08-20,80.82,-0.0019797079930710115,0.0025983667409057443,-0.004949269982677418,-0.0051967334818112665,-0.10709473391715496,-0.013090819104181306,0.3254375538006111,-0.020415738678544404,0.527186886875187,-0.01750804256372207,0.574417005367013,-0.015977893260743836,0.6933387094126229
2014-08-21,80.51,0.0011178735560799513,0.0038504533598309187,-0.0013662899018754837,0.0038504533598309187,-0.24858358231462285,-0.005440317972921993,-0.03963892603584773,-0.01252018382809561,0.1045801509851263,-0.013644267792821352,0.16355085156296179,-0.011754233428559302,0.2428555304594937
2014-08-24,80.98,0.0007409236848605616,0.007656211410224545,-0.0012966164485058718,-0.005803902198073585,0.04355442472928006,-0.007508026673252011,-0.08125013690196892,-0.016226228698443812,0.11159770073863662,-0.01928871326253423,0.22352866410194028,-0.017185313246068645,0.28207106835798723
2014-08-25,81.62,-0.003920607694192668,0.004533202646409995,-0.005145797598627766,-0.007841215388385225,-0.28796401604157573,-0.012423425630972096,-0.3610921602565076,-0.02146532712570426,-0.25762732108065156,-0.02677652536143138,-0.13012870528427167,-0.02427101200686066,-0.09890020285235568
2014-08-26,80.98,0.005927389478883605,0.007409236848604506,-0.002716720177821652,0.007903185971844806,0.40992716629071224,-0.0014077550012340234,-0.009676594257328808,-0.009965423561372977,0.06831698924681406,-0.01843665102494485,0.22701476118112618,-0.015629373507861755,0.25584845542306156
2014-08-27,81.02,-0.005307331523080605,0.009627252530239438,-0.008516415699827196,-0.0004937052579608858,-0.06404917943996102,-0.00046901999506221426,-0.017493690082868496,-0.007998025178967971,-0.020458105399989157,-0.018618859540854404,0.14857032984888696,-0.015605200362050042,0.14479772156926463
2014-08-28,81.06,0.0032075006168268416,0.0032075006168268416,-0.006661732050333158,-0.000493461633358061,0.3031525379465625,-0.00046878855168941413,0.3489545064741193,-0.006328645447816306,0.2880507059948687,-0.018029854428818548,0.4650115224856102,-0.015358993338267513,0.4856912491456655
2014-09-01,81.12,-0.0020956607495069557,0.004561143984220806,-0.0025887573964498145,-0.0007396449704142327,-0.19228091939370684,0.00014792899408355709,0.04469983791971699,-0.004536489151873546,-0.023316813648721957,-0.017301528599605986,0.15521307884695523,-0.015544871794871185,0.17334270582666167
2014-09-02,81.86,-0.003786953334962151,0.0012215978499876545,-0.00684094795993162,-0.009039824089909554,-0.14071994450660452,-0.008551184949913804,-0.10042413649180626,-0.011935010994380324,-0.16892835238306114,-0.025103835817249176,-0.01731868630359512,-0.023906669924260493,0.0044451705527066565
2014-09-03,81.76,0.004647749510763077,0.004892367906066397,-0.0029354207436400603,0.0012230919765165993,-0.2660727389478067,-0.006751467710371162,-0.36818684023095083,-0.008842954990215035,-0.3764529794838588,-0.021826076320939802,-0.28097576698685656,-0.022072733202869843,-0.2635836427430932
2014-09-04,81.83,-0.0015886594158620593,0.002931687645117975,-0.004399364536233685,-0.0008554319931564081,0.22158191544495498,-0.005694732983012818,-0.13566411637079134,-0.008028840278626048,-0.16947612062226047,-0.02026762800928794,-0.1285167511397275,-0.022432685649109496,-0.09605136020660032
2014-09-07,81.73,0.0002447081854888289,0.003915330967820818,-0.0023247277621436524,0.0012235409274439224,0.21089993958423747,-0.0024960234919851887,0.09242111913818185,-0.005579346629144388,0.054424125035100746,-0.016419919246299264,0.05896291238012563,-0.020771646478240924,0.09832759312678507
2014-09-08,80.95,0.009264978381717137,0.009759110562075346,-0.0030883261272390827,0.00963557751698585,-0.13503587180728038,0.008770846201359594,-0.012450893621092862,0.005509573810994928,-0.0847442236177991,-0.005176034589252976,-0.09882312595337683,-0.010780317068148637,-0.04396593389675718
2014-09-09,81.21,-0.0032015761605712623,0.0017239256249230728,-0.0063243442925747795,-0.0032015761605712623,0.13057583721095933,0.0051225218569150854,0.1601632633531711,0.002253417066864216,0.057599323480600706,-0.007135820711735352,-0.0008584172004849622,-0.013824241677953819,0.08736068153989995
2014-09-10,81.51,-0.005520794994479217,0.00024536866642121957,-0.008465218991534962,-0.003680529996319626,0.03582595298123126,-0.0001717580664943874,0.18895533001486853,-0.0019384124647277012,0.06781864804878568,-0.009170653907496384,0.03116752321847982,-0.017192164560585366,0.11744031072898498
2014-09-11,80.97,0.004075583549462802,0.007286649376312182,-0.0048165987402741806,0.006669136717302848,-0.33746096659715097,0.005878720513771141,-0.2783069398704461,0.005372360133383269,-0.2879515677070934,-0.0010065456341857848,-0.3212279964750816,-0.010217776131076994,-0.25806290577815116
2014-09-14,80.6,0.004838709677419395,0.00682382133995052,-0.0018610421836227076,0.004590570719603004,0.4372354974366657,0.008362282878412453,0.09109568311297656,0.009925558312655847,0.07239431952371334,0.004633995037220506,0.004261870490311459,-0.004975186104217988,0.06729210248139528
2014-09-15,80.09,-0.0031214883256336368,0.004744662254963172,-0.011424647271819244,0.006367836184292486,-0.5346614348480558,0.0119615432638287,-0.48897169365884674,0.015782244974404502,-0.4882595832464043,0.012023973030340418,-0.5396570808342711,0.002151745952470474,-0.506954940254051
2014-09-16,79.68,0.004894578313252795,0.006651606425702727,-0.004141566265060348,0.0051455823293171665,0.3429455286846357,0.015010040160643001,-0.18450221834688285,0.019716365461848184,-0.23469619547098208,0.017407128514055792,-0.34542645474828815,0.007617971887550645,-0.3161955137246856
2014-09-17,80.46,-0.004722843649018094,0.0031071339796171493,-0.008327119065373978,-0.009694258016405555,0.027885069727502154,0.001367138951032354,-0.0829000393434326,0.007121551081283428,-0.17783070066238005,0.007146408153119399,-0.30317862972821397,-0.0016405667412373592,-0.286625451620209
2014-09-18,79.93,0.008882772425872654,0.011384961841611307,-0.0035656199174278758,0.006630801951707621,-0.304915021512309,0.005379707243838849,-0.3085519931380486,0.012173151507569813,-0.4227176854427458,0.013862129363192421,-0.49480580517417705,0.006071979648859749,-0.504595369709768
2014-09-21,79.22,0.00883615248674574,0.00883615248674574,-0.0018934612471598333,0.008962383236556626,0.18043834142398096,0.011764705882353788,-0.09920007353905336,0.018846250946731313,-0.26206812365916266,0.022387023478919188,-0.3630169396668843,0.016111251367500135,-0.3951282990624222
2014-09-22,79.6,-0.004773869346733628,6.281407035180209e-05,-0.008793969849246075,-0.004773869346733628,-0.1425750878354507,0.003467336683417921,-0.14652816993482232,0.010829145728644018,-0.32512497252968886,0.01669597989949745,-0.43194741556530414,0.01140703517587971,-0.4722848050774717
2014-09-23,80.2,-0.028054862842892714,0.002867830423940232,-0.03291396508728184,-0.007481296758104827,-0.3726194797760496,-0.0052618453865329595,-0.4609267158128907,0.001583541147132772,-0.5454744518753287,0.008229426433914888,-0.6248612235827411,0.0041064006650044504,-0.6622217442177947
2014-09-24,78.98,0.012534818941504211,0.014307419599898674,-0.0055710306406684396,0.015446948594580956,0.23940576801230784,0.011420612813371145,-0.1964478749167442,0.015776145859711876,-0.3473771577771909,0.022904532793111887,-0.49503950761266224,0.020304718494133622,-0.5524360729544171
2014-09-25,79.29,-0.000756715853197143,0.001008954470929524,-0.006810442678774176,-0.003909698574851794,0.9049385802199945,0.003733131542440038,0.7032883120771747,0.00861394879556121,0.36995996915104246,0.01764409131037925,0.0274971207868544,0.016311430613360267,-0.10799980587773828
2014-09-28,79.92,-0.02077077077077072,0.0007507507507507061,-0.02302302302302306,-0.007882882882882858,-0.01861040343995579,-0.005780780780779926,0.5736038659064258,-0.0014389389389383167,0.348187721568469,0.00853978978978942,0.026335577661854348,0.00830830830830842,-0.11078711005072761
2014-09-29,81.32,-0.01869158878504673,0.005533694048204696,-0.0304968027545498,-0.01721593703885871,-0.45541902553941405,-0.02117560255779527,-0.16988398282507577,-0.01946630595179466,-0.24711944544307896,-0.009524102311854632,-0.4268483716689726,-0.008677652074110198,-0.5131007215188348
2014-09-30,79.72,0.018314099347717105,0.019192172604114432,-0.002257902659307476,0.02007024586051176,0.4393157665770975,0.0027847466131472043,0.25477734362309,0.0017561465127953202,0.11691076972165937,0.010480431510285548,-0.1262538428765041,0.011849807660144096,-0.2681337590884354
2014-10-01,79.43,0.0007553820974441905,0.004721138109026857,-0.00856099710436875,0.003651013470980624,0.24264796628416874,0.005237315875614712,0.35640620486831387,0.005463930504847392,0.409802175511383,0.012822611104116532,0.11439004936585873,0.015292290906038675,-0.06732157393062521
2014-10-02,80.32,-0.003984063745019806,0.003859561752988183,-0.003984063745019806,-0.011080677290836505,0.1770300952745949,-0.004780876494022701,0.4032831700350754,-0.006959661354581148,0.6598364712277367,0.00014940239043803594,0.3167947889305145,0.0036396082337317726,0.12138262582774328
2014-10-05,80.73,-0.0040876997398736625,0.002663198315371984,-0.00619348445435397,-0.0050786572525703955,0.04567767321322891,-0.007283537718319355,0.4412165576919582,-0.01151988108509816,0.6638380104591481,-0.0058652297782734175,0.38323603376499027,-0.0016639828234032983,0.18914207918492165
2014-10-06,78.81,0.021570866641289266,0.022237025758152562,-0.00012688745083122566,0.024362390559573788,-0.17256238260798062,0.018956985154169326,0.15961544054160037,0.014477858139830158,0.3358283702352505,0.01771983250856457,0.15448679443197055,0.022750919934018343,-0.008649779932269896
2014-10-07,79.84,-0.017910821643286612,0.0030060120240480437,-0.01816132264529058,-0.012900801603206391,-0.3895157844214011,-0.0004759519038065596,-0.3923734240372807,0.0004008016032066575,-0.21147904491486091,0.0032502505010016947,-0.286860457380695,0.008650634602538121,-0.3862475336735276
2014-10-08,78.19,0.022381378692927445,0.02327663384064471,-0.0008952551477170445,0.021102442767617413,0.24079388113052325,0.020923391738075114,-0.189624285674858,0.021051285330605296,-0.07162806502425578,0.02354521038495938,-0.07744411305435295,0.029176791576075445,-0.21766374458762106
2014-10-09,76.84,0.020432066631962398,0.025767829255595842,-0.0005205622071838834,0.017568974492451872,0.1650965786310099,0.035632483081729394,-0.0025720670555871017,0.03796199895887575,0.034491411545184425,0.03936751691827145,0.1057405541747487,0.046048065243796454,-0.06665913409888213
2014-10-12,76.29,0.007209332809018143,0.013501114169615747,-0.0005243151133832447,0.007209332809018143,0.016748618054541087,0.0339756193472287,0.06220420788107095,0.04223358238301245,0.06613946423499062,0.04415388648577756,0.13307808572996027,0.051763009568750684,-0.035595277624386634
2014-10-13,76.17,0.006170408297229812,0.012865957726138966,-0.00249442037547587,0.0015754233950375784,-0.5109461415217865,0.02394643560456977,-0.45533672074019504,0.03910988578180419,-0.4732254913954995,0.04296967309964517,-0.4357092489468263,0.051332545621635806,-0.5189800940216152
2014-10-14,75.85,-0.021753460777850897,0.0044825313117995425,-0.024653922214897706,0.004218852999340994,0.41688570118550916,0.02130520764667243,-0.06925449559429886,0.036704021094265515,-0.22518939921426084,0.04478576137112711,-0.17315593234712023,0.053592617007251375,-0.28337276162518
2014-10-15,76.15,-0.01602101116217991,0.005909389363099038,-0.020353250164149794,-0.003939592908732914,0.03505437015766111,0.006802363755746388,-0.04046023489766848,0.027537754432042316,-0.1759700812465229,0.03815495732107621,-0.12597318989519235,0.04681111840665353,-0.23838846218771714
2014-10-16,76.62,0.0027407987470633444,0.004698512137822908,-0.003915426781519349,-0.0061341686243799876,0.6972613838805661,-0.0046985121378216865,0.6796329963022858,0.016953797963978223,0.45707704952570904,0.02897415818324167,0.5129093017575006,0.03794918646132417,0.31537677529774566
2014-10-19,76.44,-0.009942438513867002,0.003924646781789498,-0.014521193092621676,0.0023547880690739653,0.11399778723265785,-0.0029304029304016987,0.8181469700544242,0.014508110936682472,0.6292944363544659,0.029232077446362803,0.652279943541892,0.03812140240711681,0.4715889893130929
2014-10-20,77.93,-0.014115231618118895,0.0037212883356858573,-0.01727191068907996,-0.019119722828179198,0.03580309435672979,-0.02160913640446438,0.8094749401933532,-0.010393943282432927,0.6869168167274915,0.007769793404336811,0.6853093471953864,0.016010094529278263,0.5323960886719736
2014-10-21,77.46,0.008262328943971164,0.01846114123418552,-0.0005163955589980729,0.006067647818228883,-0.0199184959113754,-0.011128324296409753,0.40645954381990634,-0.005525432481280457,0.6277929024796023,0.01280660986315496,0.6116808349771381,0.02087529047250203,0.5046208361360944
2014-10-22,78.08,0.0017930327868853624,0.0051229508196721785,-0.004994877049180335,-0.007940573770491843,0.2249792230140717,-0.014856557377048052,0.4811425900643771,-0.016470286885245766,0.868636387318426,0.0030097336065570968,0.8616248437616183,0.011168032786885274,0.8515418302395901
2014-10-23,78.35,-0.0031908104658583403,0.009189534141671896,-0.0035737077217613544,-0.0034460753031269054,-0.14568327292024263,-0.013324824505423383,0.034483602037623795,-0.019999999999999574,0.5111717114622389,-0.0010210593490750375,0.5132648435568876,0.0062242076154008785,0.5835413220354804
2014-10-26,79.02,-0.01252847380410016,0.005074664641862903,-0.013667425968109326,-0.008478866109845606,-0.3160761420734697,-0.01731207289293757,-0.3175931434658079,-0.026398380156921974,0.001735294960835132,-0.010086054163503277,0.026118222547721892,-0.003412638150679159,0.07821703472057817
2014-10-27,79.47,-0.002390839310431603,0.00012583364791751706,-0.005914181452120304,-0.005662514156285381,0.37231121030872893,-0.01638354095885164,0.011512836226724943,-0.02847615452371932,0.3767055043456642,-0.016257707310935343,0.41659050414895415,-0.009718552074157949,0.49903778490980355
2014-10-28,79.55,-0.00100565681961029,0.005028284098051561,-0.006913890634820841,-0.00100565681961029,0.013375568943591931,-0.013500942803267413,0.03261151376603055,-0.025304839723443884,0.21626971111598858,-0.0184098051539916,0.3742245227943237,-0.010974230043997668,0.4954731941974948
2014-10-29,80.62,-0.015752914909451854,0.00037211610022325203,-0.015752914909451854,-0.013272140907963359,-0.12340828443299201,-0.021409079632844552,-0.09400711860706168,-0.03365169933019074,-0.0195139113319448,-0.03154304142892628,0.18026233065025488,-0.024154469527826183,0.30267571666757354
2014-10-30,81.12,-0.0004930966469428588,0.0036982248520709415,-0.002218934911242698,-0.006163708086785014,-0.10173869366899835,-0.02117850098619245,-0.1344910168788307,-0.034097633136094374,-0.1798768635680179,-0.036778846153846745,0.05579716664519885,-0.030103550295858206,0.16734622347734862
2014-11-02,80.97,0.0007410151908113782,0.004940101272076225,-0.003705075954057002,0.0018525379770286676,0.33941042474473493,-0.012523156724711715,0.22653370410266516,-0.026750648388291554,0.11370470953632883,-0.03450043225886179,0.4250150742441745,-0.02781688691284845,0.5451155041834368
2014-11-03,81.15,-0.003203943314849078,0.0017252002464571703,-0.004559457794208299,-0.0022181146025879173,-0.027205104093310783,-0.009907578558224439,0.102368022669866,-0.02332717190388134,0.07701580902662108,-0.03649414664202144,0.38269615801436263,-0.029254467036352594,0.483517034025883
2014-11-04,82.48,-0.011881668283220237,0.00024248302618801176,-0.013700290979631546,-0.016125121241513107,-0.2593482134351922,-0.021799224054315225,-0.1894090070787975,-0.035172162948593155,-0.20237040553561025,-0.05061226964112553,0.01441204441855648,-0.04428144196572925,0.07854853158807318
2014-11-05,83.24,-0.012614127823161958,0.0008409418548775971,-0.0135992311388754,-0.009130225852955198,0.22810654689187082,-0.023690533397404012,0.054468943640767487,-0.03795050456511251,0.009495937079875727,-0.05769461797212905,0.2132313112386679,-0.0520943456671471,0.2775985843867006
2014-11-06,83.48,-0.0028749401054145585,0.0032343076185912256,-0.009103977000479269,-0.0028749401054145585,0.040717109081662484,-0.02022041207474745,0.08395713727998011,-0.034535218016291114,0.07575495566269641,-0.05737901293723091,0.2358405445820031,-0.05311851141990109,0.29049141077012863
2014-11-09,84.16,-0.011882129277566489,0.002257604562737603,-0.011882129277566489,-0.008079847908745164,0.024793976694668318,-0.022528517110264934,0.06298731235976196,-0.03624049429657761,0.1102425235374851,-0.061050380228137135,0.24838807856805367,-0.05910963244613432,0.31693605317504625
2014-11-10,83.94,0.0022635215630211203,0.006671431975220354,-0.001965689778413049,0.002620919704550806,0.4811429589352516,-0.012365975696925324,0.5911095249809442,-0.0275911365260898,0.5875324917687521,-0.05390159637836567,0.822097068742585,-0.05495989198633955,0.9400080868402227
2014-11-11,84.12,-0.0034474560152164546,0.00118877793628136,-0.006538278649548368,-0.0021398002853068032,-0.14478403752462654,-0.00784593437945691,0.28601925769473513,-0.02435805991440776,0.31544393121452385,-0.05130765572990981,0.4244247927015181,-0.05594388968140773,0.5935122130181685
2014-11-12,84.44,-0.004855518711511131,0.004026527711984862,-0.007579346281383237,-0.003789673140691563,-0.17442929953635533,-0.007721459024157995,-0.04713039118467666,-0.022643297015631947,0.06446564503419383,-0.05000592136428228,0.11433003388995222,-0.05778462024317077,0.28908964852044106
2014-11-13,84.64,-0.004371455576559602,0.0011696597353496596,-0.006970699432892302,-0.0023629489603025355,-0.15836904988219302,-0.007230623818524462,-0.21744544585198378,-0.0204395085066158,-0.11988194816491826,-0.047353497164461356,-0.10374426086906419,-0.05803796471329559,0.07642777384127641
2014-11-16,84.65,-0.002598936798582363,0.0016538688718250594,-0.006142941523922141,-0.00011813349084466296,0.4693048397660051,-0.004607206142940745,0.1786225240676338,-0.016396928529237798,0.27663088042202855,-0.04272888363851157,0.3178966755506276,-0.056448119708604305,0.5849335395794739
2014-11-17,84.3,0.004151838671411667,0.005575326215895515,-0.0026097271648872766,0.004151838671411667,-0.30392300908255676,0.0006880189798350589,-0.22040384512703248,-0.007947805456701929,-0.12670798281807816,-0.03388493475682086,-0.09310335113757506,-0.0509806247528668,0.09605457758040292
2014-11-18,83.64,0.0050215208034434244,0.006695361071257899,-0.002152080344332896,0.00789096126255373,0.282436399887229,0.009445241511239821,0.10039106200653847,0.0036465805834531295,0.1361966823245735,-0.02245337159253946,0.17111642748493905,-0.04130400127530687,0.401276716785506
2014-11-19,83.44,0.0004793863854266611,0.005632790028763157,-0.003355704697986628,0.0023969319271333056,0.3457310377085103,0.010714285714286786,0.5046925920088665,0.007442473633749058,0.4601102987905008,-0.01640699904122722,0.5663431718464815,-0.0374880153403645,0.8267924506718591
2014-11-20,84.08,0.0028544243577544037,0.003449096098953497,-0.0044005708848715575,-0.007611798287345373,-0.2862917418076657,0.00064224548049574,0.004604434800593582,1.1893434824106208e-05,-0.004786632824491099,-0.02070647002854409,0.10876353445116527,-0.04273311132254998,0.2678771473392527
2014-11-23,84.93,-0.011067938302131264,0.0008242081714351368,-0.011067938302131264,-0.010008242081714469,0.10020130282951745,-0.010691157423759923,0.0481118752700922,-0.009290003532320568,0.07994611631251547,-0.02713411044389491,0.21713536692106472,-0.04947211429020015,0.37520929539352177
2014-11-24,85.32,-0.006094702297233856,0.0007032348804500987,-0.006329113924050556,-0.004571026722925309,-0.4233768296553433,-0.014556962025315534,-0.3890941046173394,-0.012916080637599192,-0.38995486161965853,-0.028117674636661705,-0.3180197006715654,-0.05044147523050502,-0.21977853505569145
2014-11-25,85.15,0.0015267175572517555,0.0016441573693481981,-0.003992953611274275,0.00199647680563686,0.8003659464642703,-0.010193775689958162,0.17856249970859994,-0.009324721080446019,0.192842130674592,-0.0227422196124486,0.2539689183805729,-0.04496378939127055,0.34697918895336244
2014-11-27,86.33,-0.012046797173635992,0.0018533534113285288,-0.013205143055716406,-0.013668481408548483,0.11899247971238225,-0.020224719101122557,0.2970955910697961,-0.02167265145372388,0.3348109957468317,-0.0328564809452101,0.3886118915960943,-0.05442681184601739,0.45159161934000225
2014-11-30,86.0,-0.0013953488372093759,0.012558139534883717,-0.0045348837209302495,0.0038372093023255616,-0.3712820064254305,-0.009744186046510728,-0.17344784667894897,-0.01572093023255805,-0.18310345016100027,-0.025825581395348518,-0.14609754408599795,-0.04685271317829487,-0.12287188439813368
2014-12-01,85.98,-0.0015119795301233863,0.002791346824842833,-0.008490346592230802,0.0002326122354034954,0.09558664397591765,-0.0050476855082568495,-0.05139294952319873,-0.013910211677134021,-0.10636224753413792,-0.022761107234240296,-0.07138613750689782,-0.04299449484376239,-0.038962723443584646
2014-12-02,86.52,-0.001386962552010984,0.000924641701340656,-0.008552935737401679,-0.006241331484049817,0.4488080472430742,-0.008830328247802943,0.4322523765006432,-0.018527508090614653,0.3302355905847072,-0.025965094775774022,0.3510954869627998,-0.04529203267067361,0.3932443861825117
2014-12-03,86.34,0.0008107482047716719,0.002548065786425635,-0.004748668056520744,0.0020847810979847115,0.002298466683829714,-0.0039842483205920765,0.23298230111073215,-0.013910122770442235,0.27606028662412996,-0.020824646745424946,0.3355639303084492,-0.039985329318199425,0.3839823815145449
2014-12-04,86.19,0.0013922728854856015,0.0034806822137138926,-0.0012762501450284125,0.0017403411068570573,-0.22666513610490568,0.000510500058012342,-0.06494006146759945,-0.009061376029701584,-0.03079774254097767,-0.01688130873651217,-0.00028088199817222215,-0.03488030320609514,0.05986248261302762
2014-12-07,84.97,0.014004942921030938,0.014004942921030938,-0.0023537719195010354,0.014358008708956094,0.02336216798128854,0.014546310462517198,0.003256781021720334,0.008402965752619007,0.021973956581453624,-0.0010297752147814254,0.01442485729900822,-0.017841591149817648,0.08849569285218584
2014-12-08,85.18,-0.011857243484386104,0.0004695938013616896,-0.013970415590514373,-0.0024653674571496476,0.3145467717641184,0.00962667292791819,0.25071472822110286,0.006961728105189469,0.34189211606242886,-0.0026179854425919524,0.3236791990169885,-0.017672380057916826,0.4281667926396395
2014-12-09,83.73,0.01755643138659968,0.01887017795294388,-0.0013137465663441983,0.01731756837453724,-0.1599415219495386,0.025200047772603318,-0.035131626287758566,0.02469843544727146,0.10972529505064887,0.015263346470798966,0.09203416455946356,0.0017914725904690787,0.17059320931662425
2014-12-10,83.88,0.005960896518836467,0.018478779208393137,-0.002384358607534387,-0.0017882689556508735,-0.16714638782628077,0.016714353838818585,-0.1757428784620112,0.020970433953267253,-0.13914874957373746,0.013322603719599702,-0.08368001276255244,0.0016928946113494714,-0.03199111291932688
2014-12-11,81.9,0.01843711843711837,0.0191697191697191,-0.0004884004884005977,0.02417582417582409,-0.14921773900504276,0.035286935286936494,-0.2524312352872743,0.044102564102564745,-0.2518366221377061,0.03767399267399307,-0.2125188330070621,0.027671957671957514,-0.17719626255473953
2014-12-14,81.88,0.0030532486565706396,0.011846604787493886,-0.0023204689789936284,0.00024425989252585545,-0.11916077174689299,0.025061064973132652,-0.30641231060402385,0.03894723986321513,-0.3074647301093504,0.0363764044943824,-0.2992799268256118,0.028444064484611786,-0.27514244694361345
2014-12-15,82.87,-0.010498370942439994,0.016230240135151508,-0.014601182575117777,-0.011946422106914545,-0.2792400493673385,0.005357789308556793,-0.4552928324806813,0.021563895257632915,-0.4913200474342252,0.02233015566550023,-0.4905683216518272,0.01646353726720573,-0.4770056925021493
2014-12-16,85.3,-0.026963657678780728,0.00011723329425561424,-0.028722157092614387,-0.028487690504103047,-0.136663499378482,-0.02869871043376193,-0.42231914771345147,-0.011184056271980714,-0.523792802672173,-0.007837045720984648,-0.5356234506332084,-0.011750683860883071,-0.534835978032088
2014-12-17,89.74,-0.018052150657454802,0.01392912859371509,-0.021729440606195527,-0.04947626476487632,-0.4302662251818994,-0.07325607310006577,-0.6011833526006376,-0.06146645865834577,-0.6910976308504113,-0.05636839759304657,-0.7221672801929496,-0.059104078448852126,-0.7248526658585985
2014-12-18,90.51,-0.003977461054027187,0.009391227488675158,-0.009612197547232415,-0.008507347254447128,0.3761308066384683,-0.06819136007070925,-0.2490718698327915,-0.06569439840901503,-0.46390831215787254,-0.061026405921997595,-0.5651966000346872,-0.06443486907524021,-0.5919585300434371
2014-12-21,91.18,-0.012064049133582055,0.0007677122175915319,-0.015463917525773363,-0.0073481026540908045,1.164640007802464,-0.05615266505812577,0.8723734654764346,-0.06782189076551826,0.3024214359339543,-0.06404913358192588,0.02314589605755124,-0.06865175111501054,-0.07360915622719688
2014-12-22,91.42,-0.0007656967840735662,0.0036097134106323203,-0.007875738350470396,-0.0026252461168233543,0.3934310713953273,-0.038284839203674204,1.5934005398864377,-0.06347626339969326,0.8527530950386297,-0.062623058411726,0.4440483105277857,-0.06828921461386994,0.2984452046293711
2014-12-23,91.32,0.001752080595707417,0.006789312308366213,-0.00010950503723161642,0.0010950503723172744,1.3485432276893312,-0.018506351292158163,4.601437589152498,-0.05561760840998631,3.4049220376776903,-0.058043144984669115,2.3993156367332884,-0.06461892247043333,2.0386733197429856
2014-12-25,91.26,0.0015340784571553634,0.00504054350208194,-0.0008766162612315886,0.0006574621959236637,-0.23385712299789463,-0.004667981591057413,2.593707322056949,-0.04667981591058468,2.2861547183779156,-0.054136532982686836,1.4971506166057291,-0.06130834976988808,1.3075252473652799
2014-12-28,90.52,0.004197967300044292,0.005855059655324846,-0.0030932390631904783,0.008174988952717843,-0.40145031200204107,0.00682722050375717,0.3766566634202482,-0.030733539549270383,0.9080144600126616,-0.04302916482545294,0.4762172941711331,-0.05100530269553649,0.36887610260019255
2014-12-29,90.19,0.0034371881583323827,0.007207007428761569,-0.0022175407473112863,0.0036589422330635113,0.1584937981975285,0.010533318549729387,0.07387903001022034,-0.017629448941123727,1.1645490337266562,-0.03720478988801412,0.7180265434823003,-0.04528587796134054,0.5792039858775435
2014-12-30,89.31,0.009741350352704181,0.013100436681222627,-0.00022393908856788158,0.0098533198969879,-0.02226320224017364,0.018273429627142512,-0.09445089173175147,0.001354831485836261,1.034619131864563,-0.025372298734744003,0.650773352743327,-0.033807337737468246,0.5240729343383532
2015-01-01,88.84,0.009342638451148133,0.014070238631247234,-0.004615038271049032,0.005290409725348999,-0.12883445899993318,0.01891040072039729,-0.24943067072582614,0.013901395767672797,0.6426325512609032,-0.018341963079693935,0.4197192057434964,-0.026947321026564164,0.325592868937125
2015-01-04,87.34,0.008014655369819046,0.011220517517746664,-0.0018319212273871788,0.017174261506755162,-0.3258700271717294,0.030730478589421573,-0.42020257592929544,0.035367529196245195,0.005338216175464927,-0.00015456835356086884,-0.038037003434061134,-0.008503167697122005,-0.11409027611754263
2015-01-05,86.71,0.00911082920078421,0.01222465690231811,-0.008072886633606169,0.007265597970245841,0.04581638296522006,0.02917771883289233,-0.26775602349769123,0.040122246569023856,-0.15501522830602787,0.00768654134471225,0.028257452175726394,0.0001230154153697427,-0.06325467060666101
2015-01-06,88.53,-0.015474980232689561,0.002485033322037644,-0.015474980232689561,-0.02055800293685761,0.0006752156764491257,-0.0005873715124805612,-0.20635840308526454,0.014447080085847164,-0.2805228367712338,-0.01273579577544337,0.04007567300857606,-0.019206295417748653,-0.04756919448572705
2015-01-07,89.88,-0.009790832220738732,0.0030040053404540856,-0.01157098353360031,-0.015020026702269651,0.020534612875380054,-0.019292389853136305,-0.10860578443410607,-0.0037383177570087245,-0.27031314545698004,-0.0255841121495326,0.07365762753873817,-0.0322874944370265,-0.02016493072866654
2015-01-08,89.78,0.001893517487191021,0.0041211851191802484,-0.004455335263978677,0.0011138338159946137,0.16997914269215086,-0.01693027400311775,0.13014135138355698,-0.004343951882378572,-0.11880428378938024,-0.02188126531521495,0.2801209565529694,-0.029371797727778426,0.15755468411691997
2015-01-11,89.51,-0.004468774438610268,0.00569880460283767,-0.006703161657915402,0.003016422746061842,-0.007656381530747103,-0.011864596134509076,0.15277503518512092,-0.0030611104904473274,-0.06414235130875423,-0.015551335046363635,0.2791415285309571,-0.024783078240791845,0.13387380325108866
2015-01-12,89.83,-0.0006679283090281762,0.01680952911054212,-0.007569854168985812,-0.003562284314816755,-0.39678645046806593,-0.010553267282643941,-0.33358295185162556,-0.00856061449404355,-0.4049382167979978,-0.015924524101079807,-0.22779091851151678,-0.026639207391739195,-0.3119725274976505
2015-01-13,88.78,0.008560486596080219,0.008560486596080219,-0.00878576255913499,0.011826988060373855,0.6860356568272168,0.008177517458888062,0.21963690554784177,0.0023879252083809366,0.08800814426894576,0.00018022077044377305,0.3277189403031142,-0.013813171134639202,0.19206027689729477
2015-01-14,88.17,0.009527050017012595,0.010547805375978214,-0.005670863105364687,0.0069184529885448764,0.30335968975168837,0.015719632528071736,0.536174280103672,0.007723715549507348,0.45402084727472203,0.011012816150617999,0.7090208664569773,-0.0059392839590177715,0.5470029370772711
2015-01-15,88.89,-0.012824839689503875,0.0013499831252110628,-0.015074811564855461,-0.0080998987512656,-0.3134633358568262,0.003644954438070558,-0.019370491388768785,-0.001721228484643178,0.0006208018084863376,0.005804927438406882,0.12510383069219455,-0.01316983537705696,0.05354810364280982
2015-01-19,88.62,0.0030467163168583777,0.009027307605506518,-0.00789889415481837,0.0030467163168583777,0.1379371321774241,0.00469419995486442,0.1379516898697728,0.0013766644098403003,0.16587188802565578,0.010894831866395727,0.22841603743895944,-0.009271797186488406,0.21213185273038793
2015-01-20,88.34,0.00011319900384876291,0.0032827711116141245,-0.00690513923477476,0.0031695721077653616,0.14433663522544138,0.005863708399367118,0.2940564472150482,0.005999547203985323,0.30163869686239386,0.013465021507810926,0.24445216960132798,-0.005271300279223512,0.3970643750552234
2015-01-21,89.5,-0.008715083798882639,0.0006703910614525022,-0.017318435754189898,-0.012960893854748523,-0.23187476360105452,-0.010502793296088386,-0.15418423781216417,-0.005217877094971457,-0.03129317985514046,-0.0008826815642457575,-0.12765266432196543,-0.017363128491619362,0.07074726216305893
2015-01-22,89.22,0.0032503922887245906,0.00784577449002466,-0.0008966599417170595,0.0031383097960098194,0.3695679739060693,-0.005783456624074312,0.18715797590599936,-0.0010087424344309426,0.315952688256288,0.00131136516476138,0.186057035114233,-0.012586863931853154,0.474671317362759
2015-01-25,89.08,-0.0004490345756622549,0.0013471037269869868,-0.009429726088908907,0.0015716210148182252,-0.02894396352160644,-0.001863493488997836,0.1643555842524258,-0.00017961383026421363,0.23441707397035394,0.0016502020655591032,0.14650905077594167,-0.009523274958837646,0.43669852519777064
2015-01-26,86.16,0.02077530176415987,0.025069637883008422,-0.0018570102135561095,0.03389043639740019,-0.4584530622456622,0.032404828226556326,-0.4052155499904181,0.03289229340761457,-0.34240782037044515,0.03429665738161547,-0.3644332960988952,0.02611420612813453,-0.22173890337396773
2015-01-27,84.36,0.03046467520151741,0.03271692745376953,-0.00035561877667145136,0.021337126600284417,0.06338080336155483,0.04860123281175999,-0.28947977818304127,0.05096017069701375,-0.26410546422712977,0.053342816500711265,-0.28819107745636285,0.04890943575154183,-0.15973146147291306
2015-01-28,85.64,-0.008056982718355865,0.0007006071929005486,-0.019850537132181212,-0.014946286781877594,-0.03381961498123254,0.02363381597384473,-0.23395033844957625,0.028865016347501937,-0.304038252349207,0.03400280242877152,-0.2917348597215206,0.03418963101354566,-0.1817962511086244
2015-01-29,84.03,0.012971557776984444,0.01677972152802565,-0.0020230869927406747,0.01915982387242643,-0.06433247439268541,0.0340592645483766,-0.23457089752045057,0.04484112816851216,-0.3172120449032526,0.05110674759014633,-0.3129524454011584,0.055496052996946155,-0.23070689799087452
2015-02-01,85.83,-0.016427822439706308,0.00023301875800996186,-0.027496213445182383,-0.020971688220901785,0.24252108871993872,0.0002796225096128868,0.07393908861503751,0.01810555749737941,-0.08644451984674051,0.025987416987067524,-0.11271549281911852,0.03381102178725448,-0.05006243353284001
2015-02-02,87.92,-0.01899454049135585,0.00045495905368508893,-0.022179253867152027,-0.02377161055505006,-0.11791700997142662,-0.0308917197452222,0.009603641862570678,-0.009576888080071955,-0.18186137103902467,-0.00011373976342132774,-0.2021072224657684,0.009436609038520505,-0.1810441700544957
2015-02-03,87.34,0.02106709411495311,0.02106709411495311,-0.0020036638424547615,0.006640714449278606,0.266691434913533,-0.020425921685366832,0.2652736396878477,-0.0038012365468277354,0.07850889124593197,0.006858255095030907,0.01977184392965725,0.015445385848409154,-0.027955404132414374
2015-02-04,88.47,-0.004069175991861629,0.0007912286650841871,-0.012772691307787909,-0.012772691307787909,0.3147461937504785,-0.02620097208093053,0.5964463748181357,-0.017655702498021064,0.45236883771876646,-0.005645981688708002,0.3382823494943472,0.0012810368863276356,0.21907114400483096
2015-02-05,88.15,0.005104934770277847,0.01077708451503101,-0.003516732841747028,0.0036301758366419357,-0.11904557394070092,-0.016245036868972607,0.28168130294819216,-0.015258082813385476,0.2562362542627761,-0.002070334656835038,0.1629763530372501,0.003891094724901345,0.061496349065153666
2015-02-08,87.36,0.001717032967033072,0.009958791208791284,-0.0029761904761905766,0.009043040293040372,-0.10634320045082568,0.002083333333334103,0.0367189322469581,-0.007577838827838135,0.13936584845290767,0.005963827838828095,0.03141154510784805,0.011721611721612346,-0.048415401215556986
2015-02-09,87.52,0.0025137111517368194,0.004456124314442311,-0.009597806215722038,-0.001828153564899404,0.037557760699181264,0.003747714808044922,0.04317978913605458,-0.011357404021937079,0.2082948132504423,0.002742230347349439,0.07540427633138069,0.008363802559415712,0.010061647672749752
2015-02-10,87.96,-0.005002273760800313,0.0023874488403821115,-0.008071850841291472,-0.005002273760800313,0.4067089666027248,-0.0021828103683483313,0.366070095475437,-0.014756707594360319,0.638769257674378,-0.0034049567985445783,0.51702575158898,0.0019023798696382599,0.4459997959693007
2015-02-11,89.09,-0.011561342462678148,0.0014591985632506077,-0.012459310809293966,-0.01268380289594806,-0.052670326643624366,-0.0134470759905706,0.19735555965134277,-0.023212481760017112,0.46757063334444715,-0.017095072398697786,0.3806966933882261,-0.011763385340666122,0.3669870699682394
2015-02-12,89.79,-0.00779596837064267,0.00011137097672331286,-0.007907339347366205,-0.00779596837064267,0.08842965473287734,-0.019757211270742037,0.28396475368773877,-0.026985187660095056,0.5038466198241067,-0.02458514311170501,0.49020836843519966,-0.019876006979247407,0.49180337845719335
2015-02-16,89.3,0.00369540873460239,0.005487122060470417,-0.005319148936170137,0.005487122060470417,-0.07389250225317023,-0.010705487122059543,0.12520716902142737,-0.015195968645016045,0.2850580501192732,-0.018325867861141987,0.3787883136788699,-0.014318775662560013,0.3818017429387184
2015-02-17,89.43,-0.004808229900480909,0.0009504640500950234,-0.006373700100637425,-0.0014536509001454867,0.2692792516495359,-0.007804987140779596,0.3282507996796644,-0.012747400201274073,0.5534360888858272,-0.019523649781952424,0.7255089036191427,-0.015580155801557471,0.7515611720995425
2015-02-18,90.27,-0.008197629334219525,0.0012185665226542852,-0.009970089730807485,-0.009305417082086986,-0.13824561764029286,-0.012806026365347334,0.02311860641275265,-0.020261437908495883,0.22498143394451464,-0.0281987371219673,0.4633935895306285,-0.023968834238026093,0.48107588555280234
2015-02-19,90.49,-0.005193944082219071,0.005414962979334748,-0.013040114929826374,-0.002431207868272778,-0.40631011106185877,-0.010100563598186563,-0.39786728155326645,-0.019405459166757955,-0.3070517095772384,-0.029494971820090532,-0.13609667993769803,-0.02503039009835284,-0.13330513747514228
2015-02-22,90.57,0.00033123550844660343,0.0024290603952745737,-0.004858120790548703,-0.0008832946891906834,0.8684801914839053,-0.00788340510102592,0.25415549835522677,-0.018041294026718835,0.34847309948741323,-0.029805675168377954,0.6234860328828018,-0.025170218247395737,0.6211970699078779
2015-02-23,90.85,-0.00748486516235547,0.0015960374243260134,-0.010566868464501833,-0.0030820033021463633,-0.008112867911682309,-0.009223995597137158,0.21944148899421023,-0.018403962575673338,0.28682194399816097,-0.03205283434232242,0.5989836775403508,-0.027921482296825895,0.5823175866107426
2015-02-24,90.6,0.00044150110375285045,0.009271523178808083,-0.00298013245033113,0.0027593818984548157,-0.08129323670967958,-0.003068432671080812,0.0829152354206204,-0.011843267108166966,0.1199809930140383,-0.028405077262693146,0.45729134870548793,-0.024845474613686247,0.43814568598928183
2015-02-25,90.3,0.0057585825027683946,0.010299003322259193,-0.0033222591362126463,0.0033222591362125353,-0.19651436707402392,0.0028349944629022517,-0.10918021188635041,-0.005149501661128819,-0.13909929524213105,-0.02271871539313408,0.12556563529974119,-0.021203396087116855,0.14493416742739962
2015-02-26,90.03,0.0002221481728312824,0.008108408308341808,-0.0018882594690659005,0.0029990003332223125,0.27926567002005864,0.005909141397312689,0.18764321901908243,0.00043318893702171124,0.12072229003341528,-0.016488948128401737,0.40097713359121356,-0.01809396867710733,0.42804755956808016
2015-03-01,91.18,-0.015573590699714868,0.0006580390436496941,-0.015902610221539826,-0.012612415003290245,-0.14645735460878018,-0.007786795349856712,-0.11434685323181593,-0.011153761789865713,-0.05584232747448559,-0.026486071506909625,0.14758145350720886,-0.030021203480295244,0.20722128287164532
2015-03-02,90.84,0.0037428445618670203,0.004733597534125833,-0.0031924262439454454,0.0037428445618670203,-0.31609017516672244,-0.0027300748568904742,-0.3668644969729955,-0.00592250110083592,-0.3473304680137408,-0.018906869220607803,-0.24739630181274042,-0.02528621752531901,-0.17262966586735928
2015-03-03,90.91,-0.0008799912000879706,0.0031899681003191294,-0.009349906500934924,-0.0007699923000769049,0.05838548919017961,-0.0035199648003511053,-0.2349061194576768,-0.00499395006049852,-0.27360128252106997,-0.016906830931690764,-0.2071247160131917,-0.025321746782531962,-0.1215060705997314
2015-03-04,92.05,-0.008039109179793558,0.0014122759369907811,-0.009451385116784228,-0.012384573601303628,-0.09624539470960802,-0.015187398153176823,-0.24257753860164766,-0.01570885388375798,-0.3031335347932277,-0.027457903313416687,-0.2962267168936541,-0.03656346188665549,-0.20171364545818338
2015-03-05,90.67,0.010477555972207009,0.014117128046762906,-0.001985221131576065,0.015220028675416275,-0.19157630339036635,0.003661630087129941,-0.3414880216620203,0.0012352487040925286,-0.40269543727365675,-0.010058453733318706,-0.4276350723829856,-0.02053600970552527,-0.34591260282913827
2015-03-08,90.79,-0.0006608657341117263,0.0018724529133162804,-0.00715937878620998,-0.0013217314682234527,1.5505862959968533,0.003744905826633671,0.9594441045363167,0.00011014428901923168,0.5770405640896774,-0.010155303447516362,0.5156097382768114,-0.021401035356316545,0.6928467927847217
2015-03-09,88.06,0.02157619804678612,0.024415171473994857,-0.00011355893708842046,0.031001589825119247,-0.5467512719734398,0.03397683397683493,-0.1435100493561906,0.031364978423802814,-0.2887613536725283,0.02203043379513958,-0.3273229396568186,0.00953138011961574,-0.2376261798580812
2015-03-10,86.86,0.016463274234400194,0.02348606953718635,-0.0011512779184894573,0.013815335021874375,-0.25215915408654943,0.041860465116279943,-0.343619148226038,0.04240156573796994,-0.4301744358563314,0.03655307391204232,-0.49045977240291616,0.023086959858777067,-0.4203519686180256
2015-03-11,88.2,-0.013265306122449028,0.0011337868480725266,-0.015192743764172345,-0.015192743764172345,0.9951815752748405,0.016848072562359206,0.45658467247734635,0.022324263038549397,0.2563914552159885,0.020430839002267387,0.056951064865399026,0.007808012093726724,0.16621942843280046
2015-03-12,87.87,0.0035279390007967315,0.0038693524524864298,-0.01672925913280987,0.0037555479685900117,-0.4013655504000778,0.011903949015592108,-0.17526616566628772,0.023773756686014336,-0.24764506415842114,0.024399681347444746,-0.3626331934129803,0.013049580820151174,-0.31387637800906165
2015-03-15,88.91,-0.006635923968057678,0.0021369924642897775,-0.008660443144753116,-0.011697221909796385,0.610439889695898,-0.006231020132717591,0.3176858755009675,0.009369024856597408,0.297602346054634,0.011730963896074753,0.0639666737009128,0.0020357665054553387,0.10535426333189979
2015-03-16,88.84,-0.005515533543449025,0.00045024763619982977,-0.007091400270148651,0.0007879333633498131,0.01588902512547352,-0.00968032417829745,0.4093325125971101,0.007609185051779432,0.33046743520985533,0.012032868077442638,0.09153584110160784,0.00465631097103425,0.09892356011975756
2015-03-17,90.93,-0.023424612339162043,0.00461783789728365,-0.028208512042230405,-0.022984713515891375,-0.17033538964937556,-0.030726932805454243,0.09272581952449577,-0.017749917518969704,0.07842631784341969,-0.011481359287364046,-0.0888596639349184,-0.01733201363686332,-0.09923897544428428
2015-03-18,90.19,0.00776139261558928,0.012750859297039563,-0.0022175407473112863,0.00820490076505176,0.002366975631021173,-0.013748752633328976,-0.0292224637384072,-0.009668477658275831,0.07857020078106802,-0.0025390841556713895,-0.06497609516347846,-0.008156854048859574,-0.10759517206680391
2015-03-19,91.48,-0.006449497157848705,0.001858329689549576,-0.0106034105815479,-0.014101442938347253,-0.2528339799372459,-0.02330564057717477,-0.246945551781943,-0.025666812418013718,-0.20427300970819218,-0.01664844774814167,-0.28863979923194416,-0.0211047952193556,-0.3342148973232332
2015-03-22,91.54,-0.001747869783701228,0.002567183744810908,-0.003604981428883658,-0.0006554511688879883,0.8567664101982086,-0.016058553637753326,0.392092944377914,-0.025420581166701983,0.4682501441493623,-0.0167522394581604,0.33668085983463913,-0.020650353215351913,0.2615291051259774
2015-03-23,89.41,0.023263617045073293,0.023263617045073293,-0.001453976065317053,0.02382283860865675,-0.3501014483562924,0.013264735488201174,-0.11764516372981337,-0.0013645006151424832,-0.030459161059566475,0.007213958170227075,-0.1255759563834805,0.003944376095142532,-0.18544961873074983
2015-03-24,88.21,0.013603899784604856,0.019725654687677174,-0.00034009749461494376,0.013603899784604856,-0.18253426793652205,0.028341457884594412,-0.237800254211328,0.013751275365605942,-0.2152570874922205,0.020099761931754,-0.2663840309821788,0.01837660129237051,-0.33156280826357776
2015-03-25,94.17,-0.028246787724328315,0.008601465434851852,-0.034299670808113025,-0.06328979505150267,-0.49601863897012877,-0.04251884889030422,-0.5895357260666014,-0.04897525751300724,-0.6144687017506308,-0.045731124561962266,-0.6171787069661558,-0.04583200594669201,-0.6583081161141
2015-03-26,93.94,-0.0002129018522460946,0.002129018522461168,-0.013732169469874322,0.00244837130083031,0.6445652773310051,-0.03170108579944575,-0.11822742521023843,-0.040291675537576066,-0.2512671062910712,-0.04133489461358275,-0.3129766784614678,-0.04129231424313384,-0.39726084126035877
2015-03-29,94.42,-0.0028595636517686485,0.0044482101249736505,-0.005083668714255474,-0.005083668714255474,0.3057161457942692,-0.031412836263503,0.19897863608135147,-0.0387417919932207,-0.000319303730060283,-0.044137894513873954,-0.062948646791812,-0.04445385864576701,-0.1887859477957552
2015-03-30,93.69,0.0034155192656635247,0.008538798164158257,-0.0014942896787277782,0.00779165332479459,0.23048656638508236,-0.01771800619062802,0.5799309593519584,-0.02537090404525455,0.27022288884647616,-0.034961041733375664,0.1780920534590651,-0.03536129789732079,0.017367095891142492
2015-03-31,93.56,0.0,0.003954681487815304,-0.009405728943993164,0.0013894826849081277,-0.010420247515583458,-0.007203933304830601,0.5459360705905647,-0.018832834544676325,0.2751728214343512,-0.032097050021376194,0.16253743109700847,-0.03245689040900668,0.01641811237067703
2015-04-01,94.18,-0.005096623486939955,0.002548311743469922,-0.011467402845614871,-0.0065831386706307615,0.27571742015822953,-0.0023784242939048905,0.8910987517616267,-0.022499469101719405,0.630134442878554,-0.03706200891909073,0.4832641265686868,-0.037364620938628024,0.3157340919202538
2015-04-05,95.69,-0.02330442052461079,0.0032396279653046367,-0.026753056745741466,-0.015780123314870886,-0.1631590031590031,-0.018100114954540114,0.19163339963339965,-0.03375483331591511,0.3441593151593152,-0.05114432020064752,0.2242155337155336,-0.0511930887936739,0.10618081718081718
2015-04-06,96.39,-0.00778089013383132,0.004046062869592193,-0.0129681502230522,-0.0072621641249092095,-0.3942904415247317,-0.021599751011515234,-0.3626957465209083,-0.036404191306151246,-0.2093163662528994,-0.0554310613134138,-0.27231323128485974,-0.05628523014143905,-0.33302057670718666
2015-04-07,95.12,0.0035744322960469255,0.010933557611437994,-0.0048359966358285655,0.013351555929352443,0.5960472990932819,-0.004394449116904564,0.08503506184978926,-0.01843986543313625,0.3493187267113649,-0.039875946173254406,0.21361786863013532,-0.04164564059433695,0.09788489015688073
2015-04-08,95.47,-0.0007332146223943958,0.00199015397507063,-0.0082748507384518,-0.0036660731119723122,0.358482264730392,-0.0050487063999157256,0.4682105030247248,-0.01605740023043789,0.8178403193183394,-0.03969833455535732,0.6338584538383096,-0.04366816801089346,0.5095570309977742
2015-04-09,94.69,0.00802619072763755,0.008237406273101655,-0.0016897243637131742,0.008237406273101655,-0.09535935947067364,0.007181328545781573,0.25546185157641843,-0.00028514098637555385,0.5678165521044012,-0.027241524976237774,0.4231938430601214,-0.03407610800154881,0.36899465530542597
2015-04-12,93.49,0.009091881484650788,0.014867900310193694,-0.0005348165579206476,0.012835597390095321,-0.11416198138694134,0.0212001283559744,0.11315958189983877,0.013103005669056644,0.18363710692288548,-0.011284629372124821,0.2605709802434293,-0.02011266802153522,0.21272535381421043
2015-04-13,93.81,-0.0025583626479054322,0.004370536190171581,-0.0062893081761006275,-0.003411150197207169,0.1673337773284589,0.01302632981558527,0.28718735476328505,0.009167466154995196,0.28990537154246776,-0.011661869736701469,0.44321576246580197,-0.02222577550367788,0.4276383452078072
2015-04-14,94.16,0.001168224299065379,0.0036108751062022826,-0.0015930331350890725,-0.003717077315208095,-0.004163968858265199,0.003780798640612204,0.07703041791895093,0.0047684791843682905,0.22507924041802863,-0.012733644859812654,0.4334119733547981,-0.024929198527329444,0.423471036472143
2015-04-15,94.06,-0.001594726770146826,0.0017010418881564515,-0.004146289602381503,0.00106315118009781,0.08310646276221889,0.0028067191154586,0.1090224203937522,0.006336381033383853,0.2952119456916298,-0.008856049330214333,0.5495614266283002,-0.02271599688142334,0.5281188760449484
2015-04-16,92.39,0.009741313995021095,0.011040155861023804,-0.002489446909838766,0.018075549301872496,-0.2692333692229083,0.017880723021972633,-0.19087652009847667,0.025067648013855193,-0.0838028623792787,0.010753328282282038,0.1185846755417519,-0.003914565068369735,0.10670338204169272
2015-04-19,93.27,-0.0030020370966012955,0.00310925270719431,-0.006969014688538611,-0.009434973732175389,-0.19625307824486393,0.0033451270504989417,-0.31993974182961804,0.013477002251528702,-0.24836595395161187,0.0023962688967518186,-0.10110385792524546,-0.013191093956613775,-0.11425126572410327
2015-04-20,93.0,0.009784946236559122,0.010752688172043001,-0.0014516129032258185,0.002903225806451637,0.6894886289335398,0.005784946236559563,0.23696844039952958,0.013817204301076247,0.3073332570937435,0.006268817204301502,0.5119095555727635,-0.009394265232975152,0.48892888333445295
2015-04-21,93.38,-0.00042835724994638724,0.0026772328121653644,-0.006693082030413411,-0.004069393874491234,0.028265268080263972,-4.2835724994194635e-05,0.2574708485750037,0.006061255086743378,0.22388700431503827,0.00295566502463096,0.5555293976822291,-0.012636538873420644,0.5395484018503216
2015-04-22,93.84,-0.004901960784313819,0.004582267689684505,-0.01054987212276226,-0.004901960784313819,-0.12429169296867171,-0.006606990622335607,0.08275778312309434,-0.0007246376811586019,0.036861334597984685,0.00015451832907098506,0.3378913495918592,-0.015586814435919583,0.3276522541684155
2015-04-23,93.4,-0.001177730192719495,0.004496788008565122,-0.008137044967880147,0.00471092077087798,-0.037984822241284855,-0.0023982869379013394,0.06211108825764966,0.0022376873661678065,0.0069448707873678295,0.007880085653105162,0.25504940567919876,-0.008458244111349433,0.24531229847430192
2015-04-26,93.76,0.0028796928327645688,0.006825938566553003,-0.0024530716723549784,-0.0038395904436859807,0.04391230431197668,-0.0040742320819111555,0.07194075588281401,-0.0029863481228661337,0.05546762469821909,0.003599616040955933,0.19639557941462638,-0.010416666666666852,0.30132033863144425
2015-04-27,94.42,-0.008684600720186508,0.0007413683541621641,-0.017792840499894158,-0.006990044482101165,0.09101938861677072,-0.009997881804702069,0.0543406448570658,-0.009669561533572568,0.13736957169578679,-0.0035109087057824118,0.24974135693501887,-0.01525453646826247,0.3951270000524505
2015-04-28,93.65,0.006406833956219993,0.008115323011211872,-0.00790176187933811,0.00822210357714881,0.16120532241651997,0.0011745862253071948,0.227416978245492,-0.0008756006406827055,0.3142192747243968,0.004682327816337706,0.4113516136688906,-0.005196654208934004,0.6147474311882766
2015-04-29,92.65,0.006260118726389541,0.013059902860226513,-0.005612520237452845,0.010793308148947744,-0.056954478968130884,0.012563410685375365,0.13597879083373954,0.009357798165138265,0.21755257967288677,0.01550458715596359,0.30307901356322864,0.007271091923007678,0.5133810188673669
2015-04-30,93.36,-0.00042844901456728923,0.0033204798628962973,-0.007069408740359884,-0.0076049700085689675,-0.025678979556252313,0.002313624678663473,0.06786810325142545,0.00017137960582758183,0.1792615613169377,0.00729434447300803,0.24444834918532177,0.00022493573264803501,0.45904248915894574
2015-05-03,94.44,-0.006353240152477735,0.005506141465480674,-0.007200338839474685,-0.01143583227445999,-0.06980122573696113,-0.009233375688267431,-0.04670223530032058,-0.010239305379076025,0.05700259358107518,-0.004659042778483391,0.15022049205229338,-0.010094592686714532,0.3437049125722984
2015-05-04,93.65,0.008435664709022905,0.01163908168713279,-0.0022423918846771196,0.008435664709022905,0.12560930667908643,0.0005766150560602146,0.05439865161223212,-0.0006406833956213998,0.11612181385737474,0.003069941270688936,0.2785153830153786,-0.000690514326392444,0.48296571453548753
2015-05-05,93.0,0.007096774193548372,0.010430107526881782,-0.004408602150537622,0.00698924731182804,-0.25872594097205637,0.005913978494623828,-0.23576804118096117,0.007043010752688872,-0.18022175910679616,0.008607526881720728,-0.10388822130995734,0.007050179211469887,0.09722833238503603
2015-05-06,94.49,-0.016509683564398192,0.0035982643665997127,-0.01852047835749815,-0.015768864430098395,-0.0324531202303886,-0.011323949624298502,-0.2050603436289038,-0.009239072917768487,-0.18694833648115028,-0.008418880304793874,-0.13835293573953833,-0.007563410590185726,0.05402486119945116
2015-05-07,95.89,-0.0033371571592450966,0.004171446449056315,-0.009385754510376487,-0.01460006257169677,0.02282966998793401,-0.021920951089789975,-0.1320213290874186,-0.02302638439878979,-0.1558960994804559,-0.023407028887266534,-0.10801768854722549,-0.01986998991900424,0.06232541232503919
2015-05-10,96.01,-0.005311946672221679,0.004478700135402525,-0.006249349026143158,-0.001249869805228676,-0.15042685966207014,-0.017873138214769102,-0.22318537527895155,-0.02165399437558535,-0.27721201723995204,-0.024002708051244603,-0.2377305368022249,-0.020497864805749444,-0.15320254830022317
2015-05-11,95.42,-0.0011527981555229383,0.0020959966464053625,-0.010165583735066042,0.006183190106895831,0.37451072104369176,-0.008509746384405492,0.14979169934982295,-0.013246698805281398,0.02652075937256093,-0.01664745336407447,0.057489575283592886,-0.013718298050722888,0.13950543040731134
2015-05-12,95.68,-0.0008361204013379586,0.004389632107023367,-0.006270903010033524,-0.0027173913043478937,0.15685723151999653,-0.007504180602006527,0.36331211132981633,-0.014882943143812222,0.19251288612152662,-0.018478260869565055,0.22275317685886709,-0.016050027870679995,0.2945714167283757
2015-05-13,96.98,-0.008661579707156197,0.0002062280882655365,-0.009486492060218565,-0.013404825737265424,0.18637372831853294,-0.01528150134048245,0.5374560987879444,-0.025995050525881025,0.4202929427784041,-0.030851722004536786,0.4403224948979898,-0.028555715955179806,0.5153868611909851
2015-05-14,97.02,-0.0019583591012162227,0.0022675736961450532,-0.005772005772005762,-0.000412286126571737,-0.4164749760354396,-0.010554524840238888,-0.1774632310742018,-0.02193362193362125,-0.18285994924786964,-0.02974644403215798,-0.16787732937077904,-0.027781213495499113,-0.13166580580381848
2015-05-17,97.46,-0.008721526780217426,0.002872973527601186,-0.008721526780217426,-0.004514672686230181,0.22109184819074135,-0.012702647239893006,0.02021557024594589,-0.02259388467063339,0.03219689311028495,-0.03175148778986214,0.014461545527767239,-0.031199124427115255,0.06715114650231446
2015-05-18,97.18,0.005453797077587863,0.0079234410372504,-0.002675447622967786,0.0028812512862728124,0.2623677715565911,-0.0068738423543937,0.2009910595430724,-0.01667009672772124,0.3102108422392207,-0.026805927145503117,0.24527883860732813,-0.027800644851478373,0.33812696122295227
2015-05-19,97.05,0.0028851107676455268,0.00752189592993302,-0.0037197320968573866,0.0013395157135498437,0.16016274596013047,-0.0019165378670785715,0.3389308752692437,-0.01171561051004577,0.5133818815785278,-0.023348789283874072,0.43512016626884,-0.02622703074016819,0.4932620528034404
2015-05-20,96.83,-0.0005163688939378019,0.0022720231333264174,-0.005576784054528439,0.0022720231333264174,-0.1405384560825893,0.0031808323866573396,0.10984260908798871,-0.005287617473922812,0.24438564379361738,-0.01923474129918379,0.2198893549100398,-0.023350201383868452,0.2593556709582068
2015-05-21,96.39,0.0011411972196286868,0.003112356053532439,-0.004927897084759825,0.004564788878514303,-0.1946174930276542,0.007448905488121271,-0.08954354535984987,0.0016806722689080011,-0.03566706508642825,-0.01320676418715605,-0.02922912976483638,-0.018421689663519425,0.009869017503268074
2015-05-25,96.09,0.00811738994692468,0.011239463003434258,-0.0036413778749090353,0.0031220730565095778,-0.13110992102023045,0.009282963888021856,-0.2502533392059313,0.005328338016443501,-0.1758020183718889,-0.008570090540118258,-0.16000675265351338,-0.014767405557289837,-0.12357734089207884
2015-05-26,96.77,-0.004753539320037192,0.001860080603492964,-0.008577038338328014,-0.0070269711687506176,0.5838202449079894,-0.0006406944300918482,0.22520873065207714,-0.0016534049808818452,0.2762375040709,-0.014332954428024958,0.338365384170755,-0.020795012228307375,0.38724206898389246
2015-05-27,96.91,-0.0021669590341553135,0.0011350737797957144,-0.008564647611185583,-0.0014446393561036164,0.25849789293324155,-0.0029305541223815235,0.5154582797456391,-0.0017026106696929055,0.5602937838828723,-0.014544422660199952,0.6650976383726412,-0.021191483507033593,0.7299535744204562
2015-05-28,96.04,0.007705122865472758,0.009683465222823706,-0.0025510204081633514,0.0090587255310286,-0.2981423359176203,0.005810079133694135,0.03572816032498194,0.00862140774677278,0.06112174039382223,-0.003920241566013893,0.15409678618337175,-0.011370262390670294,0.19681294621349554
2015-05-31,96.19,-0.00010396091069753144,0.004262397338600676,-0.006029732820459488,-0.0015594136604635267,0.20493682553498438,0.0025990227674395072,0.2530522079600319,0.006071317184739078,0.2932802561429091,-0.0037114045119033268,0.3874125994582134,-0.012225803098034671,0.4368998964844797
2015-06-01,96.33,-0.0038409633551333977,0.005377348697186868,-0.007370497249039709,-0.0014533374857261805,0.23409884028646633,0.0007266687428630902,0.4317032327253354,0.0037475345167659047,0.4956928520484569,-0.003690439115540123,0.6935444840289937,-0.012346447973977992,0.7378295442648004
2015-06-02,96.98,-0.0021653949267891326,0.0029903072798513897,-0.006496184780367176,-0.006702412868632712,-0.12894234446397723,-0.0054856671478654695,0.058898947498892795,-0.004145184574138372,0.23032799399002668,-0.009393689420498896,0.4434725432193565,-0.01791434660067326,0.4597878219439602
2015-06-03,95.93,0.0015636401542791223,0.008964870217867293,-0.002501824246846751,0.010945481079954078,-0.1382906668681243,0.005837589909309049,-0.1123707566904335,0.006546440112582763,0.037402408113184515,0.003184613780881973,0.2293276482341633,-0.005781993814934161,0.24430443719081252
2015-06-04,95.4,0.005345911949685478,0.006918238993710579,-0.005922431865828193,0.005555555555555536,-0.12458359345380121,0.009371069182390057,-0.1850277794406484,0.010964360587002675,-0.08651170613371195,0.010293501048218134,0.051907331548835645,0.0006324248777080932,0.08242560554619605
2015-06-07,94.77,0.004115226337448652,0.00664767331434013,-0.0010551862403713752,0.00664767331434013,0.2090688695587437,0.014730399915585224,-0.009103611431454883,0.016176005064894694,0.10972276123441183,0.017489711934156604,0.24726114790180453,0.007832999191024204,0.29927060449250087
2015-06-08,94.94,0.003370549820939539,0.004845165367600712,-0.007267748051400846,-0.0017906045923741232,0.12902507796247686,0.009922056035390758,0.12316242422638735,0.012650094796714306,0.20367729176994875,0.015077943964609375,0.3707923804958,0.006509374341689744,0.44614613336985975
2015-06-09,96.52,-0.012639867384997894,0.004144218814753575,-0.013779527559055094,-0.016369664318276023,-0.397121282074381,-0.009490261085785101,-0.31044613230635265,-0.005118110236219775,-0.3265345123342792,-0.00209283050145026,-0.21003143157965853,-0.009559331399364268,-0.14177874244903876
2015-06-10,96.92,-0.0026826248452331836,0.0026826248452331836,-0.0038175815105241373,-0.00412711514651265,0.1472168380075971,-0.014527445315724363,-0.1219300063462262,-0.009482047049112041,-0.19415059880062235,-0.00564382996285584,-0.09195813643794237,-0.012924748933828445,-0.01265615493332517
2015-06-11,96.1,0.0021852237252861784,0.00624349635796051,-0.0017689906347553297,0.008532778355879289,-0.08740007830157304,-0.004058272632674109,-0.16700684131749033,-0.0010197710717995134,-0.23240948284119756,0.003485952133194914,-0.16953931264580224,-0.003368019424210722,-0.09640040365754476
2015-06-14,95.79,-0.00730765215575746,0.0016703204927444038,-0.011483453387618803,0.003236245954692407,0.0377553454836117,0.0006263701847790681,-0.1068338179578886,0.0022758116713650356,-0.1870192327298975,0.006274141350871787,-0.1246525384674988,0.0010578696454048853,-0.058362169513920925
2015-06-15,96.7,-0.008479834539813935,0.0023371251292658712,-0.011271975180972116,-0.009410548086866588,0.17082545732571663,-0.006680455015511955,0.1067352175270242,-0.007569803516028206,-0.01595150428512504,-0.003831437435367069,0.006461559213750023,-0.007524991382281909,0.1046662373285061
2015-06-16,96.93,0.0006190034045185921,0.003920354895285305,-0.00928505106778088,-0.0023728463839884917,-0.08947699926036345,-0.0054059630661301705,0.0501550736837757,-0.009542969152996239,-0.07558302759697477,-0.006587227896420078,-0.09545278417993008,-0.009102788954228336,9.952395522039303e-05
2015-06-17,97.31,-0.002569109032987349,0.004007810091460229,-0.0053437467886137124,-0.0039050457301407215,-0.08194613591200295,-0.008447230500462366,-0.06495830799250235,-0.013462131332853011,-0.12554345792457466,-0.010595005652039746,-0.16540758284144264,-0.011848730860137935,-0.08067617569398955
2015-06-18,97.02,-0.000412286126571737,0.006596578025149569,-0.0023706452277879597,0.002989074417645954,-0.14856753017419533,-0.004679447536590331,-0.1914249339763585,-0.009090909090908372,-0.23554219247341102,-0.007503607503607457,-0.2774569991431901,-0.007414278842850286,-0.22267245689506865
2015-06-21,98.59,-0.009737295871792395,0.00476721777056488,-0.010650167359772755,-0.015924535956993724,-0.23642503518519298,-0.01866315042093525,-0.36193940070185493,-0.02322750786083727,-0.39681463314793874,-0.023212293336038137,-0.43731620419640393,-0.022365351455522986,-0.4076707559013113
2015-06-22,98.25,0.008040712468193378,0.012061068702290179,-0.00529262086513993,0.0034605597964376678,0.22649986971059843,-0.009567430025445467,-0.12819999721518838,-0.015959287531805977,-0.19525643142301885,-0.018712468193384235,-0.28998199818191583,-0.018066157760814328,-0.2646069006306273
2015-06-23,97.77,0.002454740718011772,0.006443694384780763,-0.010023524598547495,0.004909481436023322,-0.007669765813167695,-0.0015342129487573297,-0.0687067001491869,-0.0077426613480611195,-0.15292126567716646,-0.012790221949473102,-0.2931367873598091,-0.012481674678667676,-0.27452554476536906
2015-06-24,99.48,0.007287897064736537,0.009951749095295392,-0.003216726980297624,-0.017189384800965102,-0.503646627134433,-0.017008443908323456,-0.5105919528090002,-0.023542420587052137,-0.5716769938781341,-0.029257137112987497,-0.6391597689045578,-0.028669079211902093,-0.636852932696836
2015-06-25,99.0,0.009797979797979695,0.013636363636363669,-0.00484848484848488,0.00484848484848488,0.0225988440186633,-0.007858585858585898,-0.3753373415635304,-0.016222222222221583,-0.4969636904839432,-0.02325252525252519,-0.5919265654289645,-0.022680134680134745,-0.606483794921016
2015-06-28,96.68,0.015101365328920036,0.024720728175424034,-0.0014480761274306975,0.023996690111708574,0.649767009188724,0.020045510964004754,0.20486014600933822,0.01038477451386055,-0.07242682012501112,0.0017170045510963572,-0.2726130342623435,0.0014687629292509108,-0.3123794550236495
2015-06-29,96.78,0.00940276916718319,0.00940276916718319,-0.002169869807811642,-0.001033271337052999,0.17566960433919476,0.01504443066749328,0.41201214763087,0.010260384376937992,0.13184687828894703,0.0009351105600330367,-0.11368918994548016,0.000316869876696213,-0.18580485957054738
2015-06-30,98.06,-0.0032633081786661577,0.0074444217825822,-0.0076483785437487795,-0.01305323271466452,0.1387150238429793,-0.001203344890883029,0.6131350364559707,-0.0028451968182738874,0.3285737804675659,-0.011900877014073052,0.04068802761581258,-0.012971650010197844,-0.06606122832833605
2015-07-01,97.33,0.009863351484640015,0.014281311003801589,-0.00842494605979649,0.007500256858111509,-0.08029777907121094,0.006883797390321744,0.46134061635709056,0.0057947189972265,0.23896619865641222,-0.003935066269392773,-0.023819191608784318,-0.005267303674783341,-0.13309550896030364
2015-07-05,97.34,-0.009245942058763168,0.0024655845490033634,-0.010581467022806712,-0.00010273268954186232,0.3514455324855634,0.002362851859461612,0.6837704750306113,0.00571193753852528,0.6992868325021757,-0.003318265872200632,0.3445964016532943,-0.00527361139647986,0.19018225330492045
2015-07-06,98.68,-0.008917713822456541,0.00425618159708141,-0.020571544385893814,-0.01357924604783145,-0.4117128918309152,-0.014612890149979685,-0.21479136221311257,-0.007620591811916655,-0.0176807855451816,-0.01586947709768971,-0.20795654441926115,-0.018608971760572968,-0.29831938402115565
2015-07-07,97.62,0.0187461585740627,0.0187461585740627,-0.0068633476746567945,0.010858430649457018,0.17792605552601426,0.00018438844499080176,-0.07010991231029318,0.003247285392338206,0.15737624620967394,-0.0031807006760911083,-0.03578370888770732,-0.007170661749641538,-0.1606772112856264
2015-07-08,97.75,0.010741687979539671,0.013708439897698321,-0.001023017902813228,-0.0013299232736572186,-0.04074359278126605,0.0005728900255754787,-0.10430811690733499,0.001268542199489131,0.11423610654053329,-0.0031355498721227226,-0.05059770359547244,-0.007969309462915741,-0.1921211771078164
2015-07-09,98.78,-0.000506175339137438,0.005061753391374824,-0.007592630087062124,-0.010427211986232088,0.07827207357951838,-0.010487953026928398,0.003279190082787986,-0.009192144158736038,0.20940679509753757,-0.012907471148005722,0.0356126974188975,-0.017982722548424146,-0.11283899985727575
2015-07-12,100.55,-0.011934361014420691,0.00213823968175042,-0.014520139234211804,-0.017603182496270464,-0.273034266609152,-0.02502237692690179,-0.26609301039133393,-0.027329686723022828,-0.19437718635755885,-0.02935852809547501,-0.23742066773384085,-0.03464942814520133,-0.3423241754120969
2015-07-13,100.74,-0.007246376811594124,0.0012904506650786018,-0.010025809013301523,-0.0018860432797299653,0.4566912860679797,-0.02048838594401403,0.20861063908848365,-0.02762557077625516,0.1108498494862491,-0.028980543974588047,0.14118018646169506,-0.03497783071934346,-0.017264421277063513
2015-07-14,99.95,0.006103051525762959,0.0076038019009503355,-0.0030015007503751967,0.00790395197598781,0.2886139516766406,-0.008624312156077951,0.4826371519249879,-0.015877938969484195,0.3975680682115925,-0.018829414707353775,0.4822014680255471,-0.02583291645822916,0.28381276675416567
2015-07-15,101.45,-0.008871365204534354,0.0016757023164120088,-0.008871365204534354,-0.014785608674223738,-0.0003560385920018394,-0.0186890093642188,0.39984736593291514,-0.027304090685065896,0.3586524638462172,-0.03173484475110899,0.4866012781893019,-0.03904714966321676,0.29601532579413536
2015-07-16,100.48,0.010748407643311975,0.010748407643311975,-0.0030851910828025852,0.009653662420382236,0.20332739440826364,-0.0018511146496814623,0.5711495088252252,-0.01454020700636871,0.6090020340764433,-0.020138335987261224,0.7894911443572985,-0.02828755307855635,0.5710982740012498
2015-07-19,100.72,-0.00019857029388403724,0.004666401906274764,-0.003872120730738726,-0.002382843526608336,-0.021742117042256592,-0.0008538522637011603,0.41148441135411806,-0.013760921366162915,0.5162998135503618,-0.020899523431294753,0.7360487238171212,-0.029097167063807272,0.5371439123190769
2015-07-20,100.39,-0.00019922303018227172,0.008267755752564998,-0.0018926187867317479,0.00328717999800765,0.02927760321024686,0.0027692001195338545,0.20395390027017068,-0.007152106783543499,0.5451562831929915,-0.01583823089949199,0.7616391000569536,-0.024139190490420792,0.5783578546048684
2015-07-21,102.33,-0.01974005667937062,0.0016612918987588543,-0.020319554382878913,-0.018958272256425324,-0.44721157372152553,-0.016925632756767284,-0.396465234096111,-0.024303723248313647,-0.20189309969950453,-0.0336167301866509,-0.054074285269671396,-0.040809146877748614,-0.1264947865372853
2015-07-22,102.42,0.0007810974419057981,0.008689709041202809,-0.002440929505955869,-0.0008787346221441616,0.20266519370525615,-0.013141964460066435,-0.1946622477824349,-0.02056239015817163,-0.03353244305812786,-0.03247412614723677,0.14331684916225318,-0.03924689188309605,0.07206798727765684
2015-07-23,101.17,0.009884353069091523,0.016111495502619366,-0.002866462390036628,0.012355441336364459,0.09128030034053536,0.0009686666007708844,-0.07870313856994071,-0.0038450133438759915,0.03451826518450507,-0.018221804882870285,0.24236551738157952,-0.025432440446772953,0.17271567986432168
2015-07-26,100.39,0.002689510907460946,0.0061759139356509785,-0.0034864030281900327,0.007769698177109374,0.1301452166762751,0.010120529933260292,0.102111917128344,0.006275525450742725,0.14665345527423623,-0.009751967327422895,0.32422549592144123,-0.01644918152538455,0.3299233229875558
2015-07-27,101.69,-0.007670370734585541,0.0006883666043859815,-0.012193922706264071,-0.012783951224309198,0.0955135626812329,-0.0034418330219293525,0.24157376504151729,-0.006745992722980931,0.16150618284070006,-0.021727800177008372,0.35942630051544144,-0.027616612580719346,0.45374724358351504
2015-07-28,102.45,-0.007418252806246972,0.0025378233284527596,-0.009077598828696964,-0.007418252806246972,-0.17543165318318588,-0.00829673011224985,0.040544172114919785,-0.013186920448998829,-0.07540158442563838,-0.02653977550024378,0.08916803174643007,-0.032910362778591384,0.19464015146030533
2015-07-29,102.66,-0.005844535359438852,0.003214494447691285,-0.010227936879018129,-0.002045587375803515,0.43069783115025895,-0.010091564387297747,0.39145662818406723,-0.0127703097603733,0.3375449441266909,-0.025769530488992554,0.5409696054446007,-0.03302162478083004,0.7182947598157787
2015-07-30,103.11,-0.0010668218407525742,0.008534574726020816,-0.0017457084666859801,-0.004364271166715228,-0.3971546710525494,-0.013946270972747588,-0.23277365040235143,-0.015905343807583572,-0.21078296082885528,-0.027790708951604737,-0.0879217343052543,-0.035389389971874796,0.030427935775291015
2015-08-02,103.21,-0.0003875593450246573,0.005522720666602199,-0.007993411491134417,-0.0009688983625617542,0.1026585409627554,-0.011142331169460284,-0.1276591721017295,-0.014310628815036641,-0.09042224803899379,-0.02593256467396532,0.004457746048955213,-0.034450796111487936,0.14229835262782564
2015-08-03,103.42,-0.0020305550183717935,0.01140978534132664,-0.0029974859795011133,-0.0020305550183717935,0.017331423133282176,-0.007696770450589918,-0.0838700790012169,-0.013904467221039885,-0.04668272405236362,-0.02507251982208447,0.03028709970553156,-0.03441629600979834,0.15936457207752008
2015-08-04,104.5,0.004784688995215225,0.007942583732057473,-0.0035406698564593997,-0.010334928229665086,-0.16675966024271716,-0.0146411483253589,-0.20294427778231716,-0.021196172248803324,-0.18204344628745517,-0.03288038277511929,-0.15998089546199135,-0.04285486443381181,-0.04618158260280847
2015-08-05,103.1,0.011639185257032114,0.01702230843840935,-0.0009699321047526022,0.013579049466537318,0.5630443138361536,0.0027158098933077746,0.30642582249165584,-0.00580019398642051,0.26597326962935575,-0.0164112512124146,0.3113637220605836,-0.02783705140640158,0.4920045264206083
2015-08-06,103.74,-0.006844033159822627,0.0008675534991324785,-0.010699826489300124,-0.006169269327164106,-0.06667620270437491,-0.0026219394640443205,0.241578713747447,-0.011278195488721221,0.143872755199695,-0.019900713321765684,0.19297423907527667,-0.032121971595655885,0.37570677365192773
2015-08-09,105.2,-0.008460076045627374,0.0016159695817490327,-0.010076045627376407,-0.013878326996197843,-0.0012506065952206935,-0.01526615969581735,0.16740293342645796,-0.022557034220532013,0.12240411260221418,-0.03114543726235708,0.16952525136852414,-0.044204689480355164,0.3108397810058974
2015-08-10,103.58,0.011681791851708923,0.013226491600695223,-0.0016412434832979717,0.015640084958486344,-0.09080534833723941,0.003977601853639934,0.0186509370311172,-0.0026259895732763106,0.01493399624867986,-0.013747827765977605,0.01886948055194604,-0.027260732445131275,0.1363716380678759
2015-08-11,103.77,-0.0095403295750216,0.0007709357232341674,-0.013780476052809076,-0.0018309723426809255,-0.18719047545232848,0.002447720921268548,-0.18890347295916465,-0.0026308181555360077,-0.16534581912224378,-0.014185217307506659,-0.18138453752460793,-0.026825350936365955,-0.0914968213662728
2015-08-12,103.39,0.00628687493954927,0.00677048070413,-0.007012283586420254,0.003675403810813327,0.012121232680091687,0.004719992262307793,-0.19460349457521198,0.0023116355546959344,-0.1418715529264004,-0.008714575877744157,-0.1602625108073853,-0.020994938259664475,-0.08311481107552587
2015-08-13,103.45,-0.004349927501208328,0.0007733204446591646,-0.009956500724987882,-0.000579990333494429,0.14712833770699918,0.004697921701305008,-0.006640319281664975,0.002435959400676868,0.028654556597831116,-0.008351860802319644,-0.02457751360133087,-0.019845335911068518,0.05338635237884448
2015-08-16,103.48,-0.001449555469655972,0.0005798221878623444,-0.010146888287591804,-0.0002899110939311722,0.09610707152781561,0.0038461538461540545,0.12019198061853076,0.0024739080015463433,0.10904747585580354,-0.007204290684189929,0.08278153834014179,-0.018158098183224225,0.1474978220372507
2015-08-17,103.86,-0.002118236087040204,0.002166377816291032,-0.007317542846139058,-0.0036587714230694734,-0.03969120303431217,-0.0031388407471594215,0.08716438451550546,-0.0009339495474677273,0.04951472714537908,-0.009507991527055504,0.047384554417324365,-0.019779831824892846,0.1029363154898193
2015-08-18,102.87,0.011276368231748712,0.012540099154272344,-0.0034023524837173413,0.00962379702537186,-0.06201621121645595,0.006999125109361293,0.020992267063414616,0.009108583649266144,-0.02461803557861597,0.0017108972489550123,-0.00752009113166352,-0.00866789799423262,0.016333295233741163
2015-08-19,99.97,0.02210663198959706,0.03691107332199661,-0.0010003000900269399,0.029008702610783255,-0.3982042616921396,0.03441032309692926,-0.40318148621376204,0.036751025307592444,-0.42711745765489306,0.031039311793538138,-0.4127558863506374,0.021839885298922557,-0.39358863756850404
2015-08-20,97.13,0.02306187583650776,0.027077113147328413,-0.00041181921136612676,0.029239164007000884,0.029591737749484093,0.05761350767013318,-0.3199531993070356,0.06384227324204672,-0.3561331284513577,0.05992484299392564,-0.3782415758455101,0.05247949483510039,-0.3684508141420141
2015-08-23,92.67,-0.014352001726556596,0.034853782238049025,-0.045753749865112714,0.04812776518830253,-0.35577744239369413,0.0948742850976585,-0.511874519919495,0.10790978741771862,-0.5545561233399782,0.10875687924894772,-0.5875119067633099,0.10253947699722987,-0.5878747343642401
2015-08-24,92.14,0.035598003038853854,0.03928803993922303,-0.0009767744736270956,0.00575211634469297,0.20937482467614066,0.07770783590188879,-0.254763917294896,0.10068374213153874,-0.3812479859490533,0.11094530062947672,-0.4623736914754468,0.1060306779538378,-0.48823551595020154
2015-08-25,95.04,-0.007470538720538822,0.0024200336700335168,-0.02777777777777779,-0.030513468013468104,0.07866352578722036,0.020159932659932878,-0.07809206577841787,0.05506102693602655,-0.27322492797983444,0.07202230639730622,-0.38751039040931456,0.06926557239057196,-0.4319878732711826
2015-08-26,95.73,0.005014102162331557,0.00804345555207342,-0.018489501723597757,-0.0072077718583516415,0.0014457413738224734,-0.003551655698318057,0.01923710033314907,0.03833698944949293,-0.23180580936098127,0.06042515407918092,-0.36249628422178526,0.059848880532051396,-0.4133009458549445
2015-08-27,95.85,-0.005112154407929004,0.0029733959311424307,-0.009702660406885721,-0.001251956181533509,0.23893336063691817,-0.013646322378716325,0.2958430292086305,0.029045383411580472,0.0024629695130653495,0.05548252477829929,-0.17069501585469538,0.05653277690836345,-0.2510510742512716
2015-08-30,94.27,0.009971358862840729,0.014691842579823922,-0.0008486262861991944,0.016760369152434507,0.1825604421126863,0.00016972525724012755,0.5223142964175944,0.038230614193274226,0.2282972152580538,0.06932215975389822,-0.004239322624189246,0.07260351472720172,-0.09380196143108366
2015-08-31,92.29,-0.004442518149312069,0.013110846245530272,-0.006609600173366537,0.021454112038140627,-0.29565803017487224,0.025094809838552612,-0.05652616054069881,0.050525517390832775,-0.1128959188900096,0.08742008885036268,-0.2915777213193089,0.09328565752880369,-0.3518551224345057
2015-09-01,94.43,-0.008895478131949575,0.00021179709837970684,-0.022344593879063956,-0.022662289526633517,0.5238044794486831,0.002181510113311802,0.40270554762490773,0.014465741819336575,0.42723989170563614,0.056883405697341516,0.11352165395028302,0.06565004059444357,0.018295669866272846
2015-09-02,95.61,-0.006275494195167819,0.003451521807342317,-0.009936199142349111,-0.012341805250496773,-0.09831464065386153,-0.011463236063172899,0.16115037919164954,-0.006882125300701203,0.3031525565520723,0.038573370986298317,0.003501211183366104,0.04974375065369707,-0.08461937973871192
2015-09-03,94.45,-0.001482265749073619,0.007093700370566447,-0.008152461619904683,0.012281630492323892,-0.17689204229271005,0.0004235044997356052,-0.11303976515480985,0.0006987824245627827,0.05381807564428098,0.047363684489147406,-0.15688337939516372,0.06023292747485409,-0.24159401796333446
2015-09-07,97.12,-0.008752059308072546,0.0022652388797363976,-0.01142915980230641,-0.027491762767710037,0.36392838264593874,-0.029962932454695057,0.22557353758380327,-0.02957166392092303,0.4397582431950837,0.013787067545304454,0.1830324960116465,0.028778830313014314,0.051769239702766257
2015-09-08,95.52,0.019891122278057116,0.024392797319932935,-0.001989112227805623,0.01675041876046901,0.19470654238366558,-0.007747068676716595,0.4435403891178078,-0.008657872696817837,0.5911183565078078,0.026538944723617952,0.43110780273978855,0.04487018425460598,0.26666703179401985
2015-09-09,96.81,-0.014667906208036374,0.005681231277760546,-0.01497779155045964,-0.01332506972420211,-0.3717529946636866,-0.014296043797128233,-0.1990057432316188,-0.018376200805702347,-0.0666202301182306,0.008697448610680336,-0.09852305146767315,0.028822780015838267,-0.20031774527418855
2015-09-10,97.35,-0.007806882383153524,0.0010066769388803465,-0.013867488443759624,-0.005546995377503805,0.6850029871514676,-0.014874165382639748,0.4306277555526987,-0.02200308166409881,0.5396402310063801,-0.00047252182845425317,0.5430717748217162,0.021184728642355433,0.3688144411758034
2015-09-13,96.51,0.009325458501709516,0.010258004351880512,-0.0011397782613200569,0.008703761268262333,-0.009565321166793428,-0.0026940213449381245,0.3337776776882244,-0.011812247435499246,0.42456548844506603,0.005097917314267564,0.5189530527286084,0.028238869892584173,0.36463128123672073
2015-09-14,98.24,-0.0126221498371335,0.0038680781758959615,-0.02137622149837126,-0.017609934853420106,-0.04221172387934069,-0.01606270358306161,0.14176196798334884,-0.02854234527687327,0.306066730689766,-0.016133957654723474,0.4535629189559387,0.007892236699239774,0.30065738459262437
2015-09-15,98.96,-0.0074777687954729055,0.00394098625707362,-0.009094583670169687,-0.007275666936135794,0.20016439098421057,-0.02095796281325757,0.3223575182471696,-0.03159862570735672,0.5310723641765411,-0.02593977364591793,0.7506936392628121,-0.0011149285906766337,0.5593249216885128
2015-09-16,98.53,0.004364153049832398,0.014310362326195092,-0.001826854765046293,0.004364153049832398,-0.27336927167509517,-0.009702628641022781,-0.06895857358844681,-0.020602862072465533,0.023797966737917786,-0.02417537805744474,0.26770885772378916,0.001735512026793451,0.1275021045131468
2015-09-17,97.53,-0.02809391981954268,0.010048190300420368,-0.02809391981954268,0.010253255408592121,-0.3394184485366988,0.003978263098534107,-0.4370198428627988,-0.0063570183533274705,-0.3276033752786489,-0.01639495539833946,-0.15823055477416448,0.009966164257151355,-0.2567766164210037
2015-09-20,98.43,-0.003860611602153896,0.007111652951335756,-0.007822818246469687,-0.009143553794574877,0.5465492285292692,-0.004835924006908354,0.010953942700972163,-0.013491821599106446,0.07454954043259976,-0.026628060550645705,0.30544876369956553,-0.001154796979241146,0.1776291881295502
2015-09-21,97.67,-0.005528821541926909,0.001638169345756113,-0.015562608784683074,0.0077813043923415925,-0.19641810975766338,0.006839357018532111,-0.1640425608409447,-0.0017405549298663558,-0.17330644319086463,-0.01838845090611274,0.031679321354893375,0.0048052967475511466,-0.04699999714663172
2015-09-22,97.86,-0.0004087471898631678,0.005109339873288432,-0.005518087063151489,-0.0019415491518495198,0.036838424288899274,0.0037195994277541278,-0.07434172595464283,-0.0031166973227063632,-0.1282266504778541,-0.017739628040057576,0.028927863928769337,0.0002895292594862209,0.0017939168879610445
2015-09-23,97.77,-0.020456172650097137,0.0023524598547612907,-0.02147898128260195,0.0009205277692543312,-0.3052874423890677,0.0023933722000617497,-0.30392808705438235,0.0001943336401755147,-0.37668346499960914,-0.01391019740206656,-0.30364767500565415,-0.0007398315775118958,-0.2968341476821169
2015-09-24,96.94,0.014648236022281935,0.015164018980812877,-0.005879925727253932,0.008561997111615316,0.18749892000795465,0.009407881163606469,-0.07635846890955511,0.009748297916236437,-0.23894833523070247,-0.0040592118836398905,-0.17226685863921876,0.005752699264149674,-0.14871072136049035
2015-09-27,95.95,0.006044815007816506,0.014278269932256338,-0.0015633142261595179,0.010317873892652374,0.1284973274687038,0.018593017196456785,0.02810236396399257,0.01973944762897273,-0.09386266375286056,0.006847316310578,-0.07546926291547185,0.013889178391523371,-0.027687856100638175
2015-09-28,96.6,-0.00527950310559,0.0018115942028986698,-0.011076604554865366,-0.006728778467908869,-0.10267498468916403,0.006604554865424772,-0.03719965181750373,0.012298136645962243,-0.15656200925619734,0.00012422360248409703,-0.1733230223071095,0.004478951000690179,-0.11793329665652863
2015-09-29,98.26,-0.006309790352127087,0.0012212497455728055,-0.009240789741502109,-0.01689395481375955,-0.08976582991299875,-0.012578872379401362,-0.09926167206037495,-0.006472623651537446,-0.19769579593101672,-0.01558619987787535,-0.23880627354685724,-0.014824614967094196,-0.1836492711025013
2015-09-30,98.44,0.00030475416497366403,0.005688744412840396,-0.01412027631044288,-0.001828524989841429,0.14937069255467428,-0.013571718813490286,0.09036019644370863,-0.009000406338887212,-0.016974390829648245,-0.014353921170256356,-0.12766906470802142,-0.01852228091561703,-0.043598514136922284
2015-10-01,99.39,-0.023241774826441297,0.0003018412315123342,-0.030989033101921692,-0.009558305664553846,0.23464143426294815,-0.021652077673809944,0.28248482991112467,-0.01856323573800256,0.2452993410971498,-0.02175772210483984,0.09010841250383073,-0.02938927457490681,0.19537830728368566
2015-10-04,101.62,-0.016236961228104807,0.0018697106868725832,-0.01653217870497936,-0.021944499114347593,0.17146181866485488,-0.038299547333201955,0.4302223147679851,-0.03827002558551529,0.41308376194337737,-0.04136488880141742,0.2724013576104405,-0.05087909204224883,0.38762974793795224
2015-10-05,101.5,0.0,0.004433497536945774,-0.006009852216748768,0.001182266009852162,-0.09453268204516185,-0.02599014778325104,0.23022646770438815,-0.03399014778325182,0.27468379325379555,-0.03669950738916283,0.12787615366142369,-0.04828243021346468,0.2411165141318996
2015-10-06,102.62,-0.006041707269538121,9.744689144408625e-05,-0.013057883453517882,-0.01091405184174632,0.2581949863800339,-0.027070746443188187,0.4547309954436509,-0.04080101344767151,0.5803054982944367,-0.045078931982069914,0.4178717064631443,-0.0558013382706426,0.5146055731428991
2015-10-07,105.01,-0.023807256451766512,0.0024759546709836044,-0.026854585277592657,-0.022759737167888816,-0.4332262734466368,-0.040910389486715326,-0.27682093567481914,-0.058099228644891476,-0.1292678877134582,-0.0634320540900869,-0.19847060064421385,-0.07396438434434827,-0.16433228977954784
2015-10-08,104.78,0.003149456003054052,0.016236877266653904,-0.001049818667684721,0.0021950753960680025,-0.1003431233768638,-0.026264554304256227,-0.3374931503063918,-0.04912196984157324,-0.23237372449711136,-0.057463256346631186,-0.27747996709018763,-0.06875994146465603,-0.2529464935738448
2015-10-11,105.05,-0.0034269395525939883,0.001618277010947189,-0.004188481675392652,-0.0025702046644454635,0.6275159869117768,-0.018505473584007226,0.18223501099736605,-0.0441028081865783,0.26721007175441924,-0.05634935744883407,0.2152107319358081,-0.06828177058543539,0.21361873025678624
2015-10-12,103.48,-0.004638577502899199,0.011016621569385432,-0.00724777734827986,0.01517201391573253,-0.07284505615025005,0.003015075376884724,0.10623270136437957,-0.020805952841129516,0.14859640109704242,-0.03790587553150393,0.13365681159101017,-0.05118219301636362,0.11385599405427826
2015-10-13,102.43,-0.002050180611149144,0.005076637703797626,-0.012008200722444684,0.010250903055745386,0.04991900850885611,0.017162940544762417,0.16815700371957853,-0.004051547398223887,0.17166619445722486,-0.025485697549546327,0.1995652850892229,-0.03845878486120591,0.16693438050939702
2015-10-14,102.3,0.007331378299120228,0.007331378299120228,-0.0015151515151515804,0.0012707722385143505,-0.11583616157145604,0.018084066471163673,0.06682412777428426,0.0012903225806444318,-0.010909074974419841,-0.02255131964809398,0.07301073890596665,-0.03393287715868332,0.014132390027365771
2015-10-15,103.01,-9.707795359681359e-05,0.0,-0.0080574701485292,-0.006892534705368436,0.2501330728179938,0.005805261625085212,0.26861261886392795,-0.001863896709058288,0.21437944241804496,-0.02745849917483756,0.34918581347892985,-0.03804485001456137,0.2708298296150551
2015-10-18,103.1,-0.0031037827352085046,0.0021338506304557914,-0.004946653734238526,-0.0008729388942773086,0.08313282918035081,0.001493695441319609,0.21135778148953577,0.00077594568380146,0.2945732846387612,-0.02564985451018431,0.4257700249505292,-0.0364920788878107,0.36616429374575366
2015-10-19,103.47,-0.0012564028220739543,0.0016429883057891281,-0.006088721368512573,-0.0035759157243645534,-0.2823704744568284,-0.005856770078283224,-0.15443454440292803,-0.0013723784671891837,-0.07828303473530696,-0.0268773557552916,0.017417756913174154,-0.037150864985019516,-0.03614856449398007
2015-10-20,102.52,0.014143581740148292,0.01853296917674596,-0.001170503316425986,0.00926648458837298,0.434446735507134,0.0033359344518146816,0.2410216838818735,0.009802965275067743,0.3403354000404146,-0.015031213421771605,0.45682664855986266,-0.026164000520223274,0.38784669007045736
2015-10-21,106.46,-0.03343978959233507,0.0014089798985534863,-0.03343978959233507,-0.03700920533533725,-0.2089834918945166,-0.03362765357880848,-0.055099491119862454,-0.027662972008266506,0.06057718981724358,-0.04929551005072341,0.13521958667127798,-0.06001315047905276,0.09599668074384504
2015-10-22,107.99,-0.006389480507454359,0.002222428002592869,-0.01592740068524867,-0.01416797851652929,-0.1645655415480548,-0.039614779146216916,-0.22773653340760347,-0.040096305213446204,-0.14649549552276864,-0.058741550143531995,-0.0780181578381739,-0.07035219310429941,-0.09399241578989448
2015-10-25,107.97,-0.0009261831990367009,0.004353061035472727,-0.005279244234509539,0.0001852366398074068,1.008581089982873,-0.03021209595257901,0.6568754454890331,-0.0369454478095772,0.6560262547166942,-0.05345003241641211,0.8369627360036214,-0.06689512518909535,0.8420725641813869
2015-10-26,107.87,-0.0029665337906740197,0.0031519421525909586,-0.005376842495596557,0.0009270418095854716,-0.1743788380731276,-0.02028367479373283,0.30745293906664073,-0.03334569389079489,0.318340920462602,-0.04700101974599069,0.47353116394056194,-0.06248879824480069,0.5111382516078373
2015-10-27,109.73,-0.01676843160484831,0.0011847261459947411,-0.021233937847443762,-0.016950697165770467,-0.38416138303978964,-0.028870864850086275,-0.26527192886933415,-0.0457304292353965,-0.21385743293541093,-0.05801968468057983,-0.11966465902013612,-0.07545490446246828,-0.07279710517821203
2015-10-28,107.95,0.010375173691523853,0.013246873552570593,-0.0043353404353867475,0.016489115331171922,0.17166034758949333,0.0005002315886988296,-0.06296529739911605,-0.02323297823066295,-0.059194217038163965,-0.03717461787864784,0.01548970835647645,-0.05688436004322972,0.10204849455700726
2015-10-29,107.2,0.00792910447761197,0.011100746268656758,0.0,0.006996268656716431,-0.017684556288793285,0.010279850746269137,-0.07946904817162592,-0.01112873134328407,-0.08587097695025714,-0.02600279850746312,-0.017065246915215493,-0.04735696517412924,0.08370471204657681
2015-11-01,107.6,-0.004832713754646778,0.0030669144981414487,-0.004832713754646778,-0.0037174721189590088,0.017920170383886935,0.00505576208178482,-0.09868388750220347,-0.010910780669145304,-0.05585686562226577,-0.02599442379182193,-0.0010834726502791936,-0.04790272614622049,0.08836415745913784
2015-11-02,107.31,-0.002609262883235486,0.003541142484390969,-0.0040070822849688215,0.0027024508433508565,0.016934432636957597,0.007082284968782382,-0.001187542589830004,-0.004044357469015547,-0.02094607232239143,-0.020575901593514634,0.02107978136708999,-0.042481284751343495,0.10867574021891935
2015-11-03,106.52,0.007604205782951512,0.007604205782951512,-0.0005632745024408692,0.007416447615471222,-0.06955016062427932,0.013499812241833054,-0.021101795732222817,0.006947052196770054,-0.1033122569501036,-0.010584866691701444,-0.05027166752221246,-0.032363249468018496,0.025510306407250827
2015-11-04,106.09,0.004053162409275002,0.008200584409463474,-0.0016966726364407991,0.004053162409275002,0.42498207922258824,0.01155622584598004,0.3639781792490149,0.014798755773399286,0.3136524579275497,-0.004736544443397661,0.37152579750851,-0.0257203003738965,0.4578833965602598
2015-11-05,106.0,-0.006415094339622729,0.002358490566037652,-0.008584905660377284,0.0008490566037735459,-0.16459360119533328,0.008905660377358737,0.08129544605587169,0.015311320754716418,0.06838192094698248,-0.0033820754716985535,0.10932949727822328,-0.022276729559748465,0.18450377893587788
2015-11-08,104.88,0.0033371472158658655,0.008096872616323525,-0.0031464530892448828,0.01067887109077037,0.014543131531151943,0.01739130434782643,0.06727719518684494,0.024256292906177812,0.0486427989629723,0.00784229595728414,0.0879785410508529,-0.008956267480294988,0.18320359755586213
2015-11-09,105.07,-0.004663557628247772,0.0012372703911678329,-0.005424954792043302,-0.0018083182640143969,0.3753718668458923,0.010374036356715077,0.42862718431248514,0.019463214999523526,0.4861846762077964,0.005938897877605154,0.4905986241796474,-0.007915358015291418,0.6093948604412114
2015-11-10,105.1,0.0019029495718363432,0.004852521408182708,-0.0005708848715507697,-0.0002854424357754404,-0.12675243324458385,0.0058230256898195165,0.15226034888473983,0.01650808753567956,0.28610470961255885,0.00640818268315857,0.27511321077808604,-0.005512210593085709,0.37242438805233635
2015-11-11,104.32,0.004792944785276143,0.00872315950920255,-0.0015337423312883347,0.007476993865030757,-0.01122728980783183,0.010621165644172148,0.05022360636540801,0.019670245398772268,0.2115472970611112,0.015212806748466035,0.2441140021060728,0.004109151329243499,0.32253401249078784
2015-11-12,103.15,0.008240426563257408,0.013087736306349962,-0.0012603005332041395,0.01134270479883659,-0.10230041842727433,0.01865244789142051,-0.05838526492712581,0.027716917111002326,0.05555693386064142,0.027707222491516914,0.09459155535899733,0.017398610437873607,0.1644878278227826
2015-11-15,106.33,-0.02482836452553372,0.0008464215179160295,-0.0260509733847456,-0.02990689363302923,-0.5083205303230649,-0.01717295213016068,-0.5450488451013751,-0.006827800244522675,-0.4928103453305154,-0.002962475312706103,-0.4636317646120055,-0.011849901250822859,-0.43203253302565925
2015-11-16,106.29,0.0010349045065387585,0.006209427039232329,-0.008608523849844785,0.00037632891146865965,0.43089496799546323,-0.014074701288926295,-0.21283837950385032,-0.007648885125600691,-0.21688675678621738,-0.0010678332862926743,-0.19585010369221556,-0.010000940822278537,-0.16522381788804552
2015-11-17,107.88,-0.008991472005932533,0.0011123470522802492,-0.01473859844271408,-0.01473859844271408,0.18861003061559622,-0.026344086021504953,0.0437146595280844,-0.0232202447163522,-0.05050363824149129,-0.014483685576566874,-0.042523041649429105,-0.023112099864046276,-0.0017905497427244121
2015-11-18,107.28,0.005592841163310824,0.01071961222967932,-0.0022371364653243075,0.005592841163310824,-0.035118944948103525,-0.01571588366890364,0.056797973196440754,-0.016489560029829153,-0.09124892591121503,-0.006473713646532597,-0.06676638746951802,-0.016014168530946837,-0.030477233010144045
2015-11-19,107.97,-0.003612114476243433,0.0031490228767250272,-0.003612114476243433,-0.006390664073353647,-0.25775311312308347,-0.0165231082708156,-0.17467134810922202,-0.021672686857461043,-0.3053710421044997,-0.012443271279059087,-0.30666372926407637,-0.021601679478867375,-0.2894121171918902
2015-11-22,107.84,0.0012054896142432714,0.00528560830860525,-0.00268916913946593,0.0012054896142432714,0.5209874194286042,-0.0063983679525218,0.3773293351341307,-0.018666543026706894,0.11009880268404593,-0.011262054896142626,0.06421564817990832,-0.019436201780415496,0.07438710952945837
2015-11-23,107.35,0.00037261294829993297,0.003632976245924624,-0.0059618071727992605,0.004564508616674567,-0.121178770204181,0.0009501630181654175,0.06055971174452646,-0.01142990218910167,-0.02188143217125771,-0.00680950163018168,-0.049851240707450506,-0.014094084769445625,-0.05734860438401623
2015-11-24,107.1,0.005508870214752548,0.005975723622782425,-0.0007469654528478031,0.002334267040149385,0.4238529772070856,0.005266106442577412,0.4708234599805068,-0.006993464052288179,0.44673212513301075,-0.004733893557423041,0.3739697528904704,-0.010588235294117676,0.3423019144617421
2015-11-26,107.46,-0.003722315280104138,0.002745207519076809,-0.004932067746137969,-0.00335008375209378,0.7966331102261797,0.00044667783361296287,1.5120746957127684,-0.008458961474037463,1.5971370592830452,-0.00929182951796037,1.412205126042489,-0.012454246541348635,1.3904742683752138
2015-11-29,107.22,0.003357582540570725,0.00531617235590387,-0.0011191941801903527,0.0022383883603804833,-0.6528546406755144,0.0030218242865143186,-0.2347298726875049,-0.003310949449730094,-0.12751957614786025,-0.007302742025741771,-0.18855780475265127,-0.008639557296524214,-0.19040386207377324
2015-11-30,108.13,-0.007768426893553948,0.0011097752705078179,-0.008415795801350212,-0.008415795801350212,0.17866022803090797,-0.006806621659113499,-0.14209574471581587,-0.007934893184130765,0.062432088661887875,-0.015647831314159255,-0.03660819636031376,-0.01568482382317593,-0.03647090836584421
2015-12-01,107.59,0.0029742541128356947,0.009833627660563282,-0.0007435635282089237,0.005019053815410235,0.3671384327809113,-0.0012826470861601047,0.1947844363239315,-0.001282647086161104,0.35621814623888315,-0.010461009387489839,0.3156665180111007,-0.00918610775474804,0.3249847880796959
2015-12-02,105.93,0.015198716133295598,0.02114603983762864,-0.00528650995940716,0.01567072595109975,-0.31219864780971207,0.014821108279052586,-0.23751294648220755,0.015595204380250305,-0.11040338939966576,0.005177947701311858,-0.1078885171221936,0.007637118852072078,-0.10203728664139378
2015-12-03,109.1,-0.02575618698441784,0.0014665444546289041,-0.02612282309807512,-0.029055912007332596,0.3136667901566632,-0.016810265811182057,0.08277294249595268,-0.015701191567370154,0.17622501230670862,-0.02429880843263066,0.17098661740599952,-0.020598838985640078,0.19017799475928743
2015-12-06,108.94,0.0017440793097116547,0.006517348999449224,-0.006425555351569745,0.0014686983660729958,0.21713665555033268,-0.012355425004589415,0.4382745736559561,-0.012584909124289334,0.39720563900184014,-0.021484303286212647,0.42919273054759954,-0.018352609999388148,0.4380422816013039
2015-12-07,108.91,-0.013221926361215663,0.0030300247911119182,-0.013941786796437428,0.0002754567991920531,-0.29419183882378896,-0.008924800293820367,-0.09384524300508601,-0.011422275273162086,-0.09172961340833174,-0.019865026168395916,-0.004059225595948512,-0.017791448596700565,-0.004694665795890174
2015-12-08,107.29,0.011837077080808944,0.021810047534718935,-0.005126293223972511,0.01509926367788239,0.1496090932738181,0.007493708640134322,0.027658423853254233,0.0045018175039603925,0.046898933608255255,-0.0031876223319976527,0.14793588017038606,-0.0026687793208437505,0.1578048445135647
2015-12-09,107.6,-0.0028810408921932096,0.008364312267657992,-0.0070631970260222054,-0.0028810408921932096,-0.13749864912182108,0.00403345724907056,-0.09506974854213224,0.0015520446096646268,-0.12093208432938085,-0.005027881040892135,-0.0009477977443576036,-0.005721809169764502,0.0015261969501134676
2015-12-10,105.3,0.011016144349477619,0.013485280151946943,-0.0026590693257360076,0.021842355175688555,-0.24571274669191712,0.02913580246913572,-0.33537123371554567,0.023903133903133256,-0.3198451065283894,0.017891737891737813,-0.23822763640726963,0.015321304210193176,-0.25105813222245477
2015-12-13,106.36,-0.006299360661902953,0.007051523128995818,-0.009308010530274524,-0.009966152688980823,-0.0016536662888407827,0.011733734486648828,-0.2650884353387184,0.011667920270777676,-0.2535553499685217,0.008207972922151141,-0.21937014520361908,0.004371944339977674,-0.24597773887394003
2015-12-14,106.72,0.005247376311844132,0.011900299850075013,-0.002342578710644694,-0.0033733133433283546,0.07427523118010515,0.003485757121438837,-0.10887732303527076,0.007449400299849085,-0.19101273024902032,0.006310907046476633,-0.14333664852056271,0.0007215142428789179,-0.18364651011848998
2015-12-15,109.08,-0.016134946828016195,0.0012834616795012188,-0.0205353868720205,-0.021635496883021577,-0.09131534543189712,-0.02224055738907249,-0.1542897999002203,-0.015639897323066698,-0.25136421846053136,-0.015282361569490477,-0.2420362226042524,-0.0211985087397627,-0.2542218394858905
2015-12-16,103.26,0.036219252372651445,0.03767189618438893,-0.00019368584156509439,0.05636257989540949,-0.5617980187872661,0.036335463877590124,-0.59733394045222,0.04128413712957468,-0.6529177632403438,0.041569823745883916,-0.6661323393850276,0.03454064174575522,-0.669932878087
2015-12-17,101.93,0.011772785244775763,0.011772785244775763,-0.0001962130874130219,0.013048170312959906,0.3119589612055147,0.041342097517903964,-0.29384916818068463,0.0522515451780623,-0.4607357168498559,0.05289414303934059,-0.5186596259119504,0.046973413126655705,-0.5392247375169252
2015-12-20,102.99,-0.000679677638605658,0.0033012913875134497,-0.007767744441207869,-0.010292261384600376,1.5153144898440267,0.024080007767744105,0.9973985930566347,0.034459656277307404,0.5174046402754886,0.039460141761336054,0.2784117733285483,0.03485128005955285,0.21461152362803726
2015-12-21,103.76,-0.004529683885890479,0.001734772552043129,-0.009830377794911471,-0.007420971472629212,0.1988707667525702,0.009984579799537041,1.2959286343097838,0.021048573631455847,0.8498719159283699,0.029346569005396894,0.49878959175061466,0.026204703161141207,0.45561676658142414
2015-12-22,104.42,-0.0034476153993487912,0.0022026431718062955,-0.006416395326565794,-0.006320628232139414,0.2166851884868901,-0.002068569239609741,1.6534224704309977,0.009662899827618254,1.2186376877261327,0.02088680329438808,0.8093522568692717,0.019360914256528305,0.7630047307722729
2015-12-23,104.23,-9.594166746618171e-05,0.005372733378106176,-0.00038376666986472685,0.0018228916818574525,1.1736015198400906,-0.009191211743260541,4.285249742128359,0.008749880072914662,3.7491085217107525,0.02134222392785201,2.8559005256502155,0.021011225175093573,2.827750485148342
2015-12-27,104.08,-0.004227517294388861,0.0011529592621060125,-0.006377786318216727,0.0014411990776326267,-0.510049374238454,-0.005899308224443067,0.6622619354387398,0.006965795541889808,1.2106973709663489,0.021435434281322108,0.8498363947455019,0.02220407378939293,0.8486658058117933
2015-12-28,105.32,-0.007785795670337992,0.0026300797569311918,-0.007785795670337992,-0.011773642233193993,-0.10379061602788164,-0.013520698822636068,-0.03137253898473369,-0.00604823395366616,0.8746731014293976,0.0078047854158755925,0.6707950992082785,0.01009304975313352,0.6476230656901931
2015-12-29,105.86,-0.005290005667863196,0.004968826752314248,-0.00897411675798232,-0.0051010768940110696,-0.23658099071156025,-0.014150765161534684,-0.32040941610149254,-0.012100887965238227,0.3574754627248793,0.0017664840355184896,0.24363185858168523,0.005623779835002285,0.2500718972155518
2015-12-30,104.5,0.008612440191387627,0.013684210526315965,-0.0011483253588516762,0.01301435406698559,0.030057096863445487,0.0026985645933010893,-0.27660235933294763,-6.698564593432543e-05,0.3574306914505623,0.01371770334928235,0.2712913449203913,0.018561403508772,0.25242288569727767
2016-01-03,101.83,0.007758028086025881,0.008052636747520436,-0.00844544829617988,0.02622017087302364,-0.29434446114448354,0.02914661691053677,-0.45432196933929614,0.021653736619855257,-0.08326703409908176,0.038780320141412084,-0.09922418181443837,0.044682313660021844,-0.12700189253962635
2016-01-04,102.36,-0.0038100820633060195,0.004982415005861718,-0.008694802657288059,-0.005177803829620964,0.16929752723043423,0.019128565846033174,-0.18506201951633783,0.014966783899959424,-0.10922632401902566,0.03139898397811636,0.058016940337320744,0.03730298293604273,0.026025574878557167
2016-01-05,102.16,-0.01321456538762722,0.008809710258418146,-0.01585747846515262,0.0019577133907595634,-0.23134149543701332,0.017756460454189105,-0.3092546488926665,0.017374706342989876,-0.41307997693859533,0.03011942051683647,-0.17974791983130833,0.03772839989558863,-0.21259765920999685
2016-01-06,99.16,0.005949979830576879,0.01694231544977831,-0.0032271077047195673,0.03025413473174665,-0.01893952199046689,0.04217426381605449,-0.22398405132423593,0.04731746672045012,-0.3942081816781793,0.057866075030254205,-0.17156758529937266,0.06717090224552935,-0.23034097420725097
2016-01-07,98.2,0.013034623217922592,0.01639511201629329,-0.0020366598778004397,0.009775967413441888,0.3709523141311919,0.038716904276985264,0.16233536009969485,0.05287169042769713,-0.11028878953170662,0.06324338085539716,0.15507371756497945,0.07465716225390362,0.06883694736858659
2016-01-10,99.23,-0.007558198125566906,0.004938022775370365,-0.01163962511337302,-0.01037992542577848,-0.14785414246330686,0.015237327421142144,0.015525547960408614,0.03567469515267385,-0.2111785422656941,0.047626725788571855,-0.009582135278451642,0.060428633813698784,-0.09184530376504019
2016-01-11,101.01,-0.010395010395010562,0.002772002772002846,-0.015592515592515621,-0.01762201762201765,-0.02723218160526697,-0.007801207801208299,-0.017990634591113608,0.01247401247401081,-0.15979931673209558,0.02502227502227483,-0.02905957108646995,0.03914463914463906,-0.10536743080169442
2016-01-12,99.26,0.021458795083618698,0.025085633689300835,-0.005238766874874123,0.017630465444287813,-0.11047981695704057,0.006971589764255048,-0.10104042240877675,0.02723151319766104,-0.20800091508822904,0.040932903485794814,-0.1403741071798671,0.05529921418496886,-0.1850600666402772
2016-01-13,101.88,-0.027090694935217763,0.005791126815861913,-0.02915194346289751,-0.02571652925009804,-0.26259228822532676,-0.024617196702002686,-0.3358818206720958,-0.005133490380841876,-0.37870673052468196,0.010679230467216305,-0.365074042911429,0.025556209920167827,-0.39679038496029573
2016-01-14,99.27,-0.005338974513951822,0.017527954064672224,-0.008260300191397119,0.026291931097008225,-0.17336495529148632,0.006507504784929674,-0.4089299370846219,0.017014203686912754,-0.4432477018884643,0.03481414324569365,-0.4613937996556329,0.05042140962358577,-0.4894606117148991
2016-01-18,101.38,-0.01203393174196088,0.005622410731899841,-0.015782205563227403,-0.02081278358650618,0.490555986163308,-0.01232984809627169,0.04514226539032995,-0.009311501282305734,-0.07822417235145573,0.008438548037088323,-0.16788627048709015,0.025823633852831263,-0.2063893118300344
2016-01-19,99.06,0.001817080557237949,0.011407227942660914,-0.019382192610539084,0.02342014940440129,-0.33685810396014304,0.015142337976983278,-0.2785668474808414,0.01343630123157502,-0.3761247503414574,0.031107409650716678,-0.4834913455518264,0.04831751800255768,-0.46806910772157617
2016-01-20,98.29,0.007630481229016217,0.01648183945467485,-0.0029504527418863224,0.007833960728456546,0.16569250859851925,0.019127072947400015,-0.05084509508819879,0.01801810967544837,-0.2097255718937544,0.037725099196255885,-0.4004508499843987,0.053125105978906184,-0.3556730595141685
2016-01-21,102.24,-0.02396322378716731,0.0011737089201877549,-0.0262128325508606,-0.0386345852895148,0.24648378157061646,-0.02214397496087661,0.2573066869371641,-0.025097809076683908,0.022887803461866918,-0.004665492957746542,-0.22049019292800465,0.008965832029212528,-0.17025675717103939
2016-01-24,101.75,0.004520884520884394,0.01375921375921374,-0.0050122850122850116,0.004815724815724787,0.21861516799217884,-0.016727272727273035,0.48653783896097935,-0.01737592137592303,0.2605194495672378,-0.0006191646191647804,-0.019785865546167458,0.011639639639639876,0.02594745234845619
2016-01-25,102.53,-0.007217399785428569,0.005851945771969014,-0.010533502389544536,-0.007607529503559918,0.012458126851416118,-0.01936994050521834,0.3531445918570675,-0.021388861796548975,0.29782196396815763,-0.009524041743879996,0.017552509552084983,0.0021424623687378297,0.04974596700185696
2016-01-26,101.96,0.0069635151039624255,0.01608473911337782,-0.006178893683797537,0.00559042761867401,-0.038978541421002655,-0.011632012553942972,0.26410652757294373,-0.01268144370341473,0.2535136821844195,-0.004820517850137485,0.014668168843838147,0.0060873545181121536,0.015534449893303659
2016-01-27,103.08,-0.002328288707799664,0.004947613504074466,-0.014454792394256843,-0.010865347303065653,-0.09898719776782194,-0.016744276290260207,0.008716811356927812,-0.02248738843616771,0.13633563405349958,-0.016661816065192236,-0.061450699656874885,-0.005924201267623497,-0.08521155438595862
2016-01-28,105.54,-0.020560924767860533,0.0010422588592002846,-0.021792685237824627,-0.023308698123934102,-0.30740991869972023,-0.0305855599772602,-0.3473140407780426,-0.04165245404586104,-0.20850469714907893,-0.040643357968542904,-0.3313609618456048,-0.030130756111426793,-0.36432918113772295
2016-01-31,106.28,-0.01439593526533689,0.004892736168611078,-0.014584117425668008,-0.00696273993225438,0.32076039698310166,-0.031125329318781092,-0.06925719978559008,-0.044881445238992956,0.06142785595555855,-0.0474736544975537,-0.0785662694308934,-0.03725379500689974,-0.14221049705908362
2016-02-01,103.82,0.013966480446927498,0.017337699865151324,-0.0035638605278365265,0.02369485648237335,0.23409505564830368,0.0005586592178767891,0.1975102675321474,-0.015497977268350671,0.2600987647556623,-0.02404642650741662,0.16563516375431697,-0.015340653695498307,0.06468464513522387
2016-02-02,102.1,0.023016650342801315,0.0252693437806073,-0.014495592556317272,0.01684622918707146,-0.34014875666123545,0.019941234084230874,-0.20685090141757312,0.003476983349655738,-0.1792167249064346,-0.006630754162585739,-0.22891258920318258,0.0014299706170426418,-0.3282437338881672
2016-02-03,102.73,-0.004964469969823915,0.0028229339044094637,-0.013141244037768951,-0.006132580550958888,0.17046122199690417,0.01395892144456301,0.00532920965994399,0.00028229339043917,-0.05760017587367239,-0.012849216392485263,-0.07003089142613272,-0.004656218566468362,-0.22180062025401048
2016-02-04,98.97,0.03485904819642327,0.036557542689704015,-0.003940588056986938,0.03799131049813087,-0.004867420813898682,0.05177326462564369,0.025937015739003977,0.04277053652621832,-0.0782126171373988,0.024941901586339243,-0.06504049978623516,0.03307062746286782,-0.21104385326354191
2016-02-07,95.07,0.016619333122962265,0.016619333122962265,-0.018091932260439703,0.041022404544020175,-0.41716482598146765,0.08109813821394707,-0.4315075340485357,0.08210792047964488,-0.45849032884501073,0.06688755653728817,-0.44983682862980345,0.0737702044107853,-0.5297961028836171
2016-02-08,93.32,0.007393913416202436,0.018859837119588496,-0.020574367766823753,0.018752678954136348,0.00035181842217069104,0.07734676382340289,-0.3418386958944436,0.09524217745392027,-0.4026124838350663,0.08521753107586783,-0.417069234272444,0.09056650950135792,-0.5037308622006587
2016-02-09,94.21,0.0023352085765844244,0.016240314191699357,-0.0008385521706824051,-0.009446980150727091,0.43664936915746644,0.044878463008172886,0.10412212972078017,0.07511941407493739,-0.06102700618163526,0.07182889289884287,-0.1201088437539588,0.07640377879206084,-0.24406790500113607
2016-02-10,93.43,-0.009525848228620348,0.0052445681258694865,-0.012629776303114681,0.008348496200363709,0.10624890104778473,0.03671197688108685,0.22682468895637187,0.0758000642191996,0.07692479919064765,0.07713796425131081,-0.004752719988522114,0.0818687787648511,-0.13798691861214418
2016-02-11,94.7,-0.002851108764519439,0.0031678986272438703,-0.0074973600844774335,-0.013410770855332599,0.3458231251302877,0.003167898627243426,0.6720540574985341,0.05118268215416921,0.4757336537196073,0.05961457233368517,0.356118293366704,0.0631749384019713,0.18829280419217587
2016-02-15,96.91,-0.006913631204210069,0.0018573934578476337,-0.014755959137343844,-0.022804664121349627,-0.17999978993858334,-0.028521308430503045,0.33056551159145164,0.016025178000204532,0.1639984928093352,0.03174594985037649,0.09675027111051593,0.035090977883259766,-0.016188041728700475
2016-02-16,99.01,-0.012826987173012894,0.00908999091000906,-0.012927987072012925,-0.02120997879002129,0.01774692203449435,-0.045409554590446044,0.20059684644659348,-0.014988385011616812,0.18771707971216478,0.008670841329158518,0.09782601608070118,0.01058142275191054,0.01748894063185258
2016-02-17,98.52,0.011165245635404109,0.026390580592773105,-0.0021315468940316107,0.004973609419407277,0.3651073972968546,-0.029110840438490215,0.42461373344369946,-0.014971579374748023,0.6486791257915852,0.012484774665042497,0.5034606302329256,0.014653539044525932,0.4002295850772619
2016-02-18,98.95,-0.006467913087417898,0.0007074279939363048,-0.01030823648307222,-0.0043456291056089835,-0.1512401126322367,-0.024618494188984985,0.09098403344535866,-0.022870136432543653,0.3437548805960815,0.007812026275896722,0.23731117782678246,0.008950648475661183,0.19188547941258016
2016-02-21,100.35,-0.0019133034379670288,0.0023916292974590636,-0.007673143996013931,-0.013951170901843502,0.5188655065203558,-0.027224713502740916,0.5655166316221152,-0.04026905829596583,1.0106076118552951,-0.005919282511210655,0.8494460907258055,-0.006191662514532292,0.8118090340793567
2016-02-22,99.65,0.00692423482187654,0.01033617661816355,-0.0010035122930256435,0.00702458605117906,-0.09871551529013234,-0.009051680883091495,0.32649453169969567,-0.03214249874561148,0.737184611615465,0.00011540391369768699,0.6354367137808288,0.001187489546747189,0.617859977715931
2016-02-23,99.55,-0.009040683073832212,0.0007031642390760151,-0.016373681567051657,0.0010045203415369741,-0.081273348003983,-0.002551481667504407,0.10581902451732694,-0.0265695630336531,0.42766444218495847,6.529382219988555e-05,0.4907780324999931,0.0026787209107654864,0.48674649203115794
2016-02-24,100.91,-0.009414329600634264,0.00019819641264495758,-0.017342186106431456,-0.013477356059855339,-0.08111006544741484,-0.014924189872163929,-0.06789734524674285,-0.03351501337825957,0.1647388723292338,-0.014889505499950384,0.3634582106268853,-0.010729032471178512,0.3641680115174093
2016-02-25,101.12,0.0035601265822784445,0.009691455696202445,-0.001681170886076,-0.002076740506329222,0.3256257637049462,-0.012242879746836022,0.24068849186772812,-0.028896360759495643,0.4560249204987896,-0.017454509493671,0.8015092659704461,-0.012816455696202267,0.8081140092896881
2016-02-28,100.26,0.00418910831837227,0.014661879114302723,-0.0011968880909635216,0.00857769798523833,-0.11777523804422285,0.0005585477757823476,0.0007016304559341879,-0.01289646918013354,0.19688041021486224,-0.010003989626970022,0.5627456449405062,-0.0037303012168361516,0.5804852211639688
2016-02-29,103.45,-0.020009666505558354,0.0,-0.023682938617689775,-0.03083615273078777,0.12418834758341402,-0.030468825519575082,0.14974524864014982,-0.037960367327213085,0.31101960762174663,-0.0430836152730788,0.6982693373453732,-0.03497341710971469,0.7470274773922869
2016-03-01,102.66,0.007987531657899893,0.007987531657899893,-0.006623806740697402,0.0076953048899279786,-0.12745950814147322,-0.015604909409702272,-0.015981481929980945,-0.024186635495813125,0.07483993929659083,-0.03709818819403854,0.4496209731345955,-0.02619001233846341,0.48249607536395844
2016-03-02,102.8,-0.003404669260700377,0.0004863813229571967,-0.015758754863813174,-0.0013618677042801508,0.19631760542699683,-0.01089494163424165,0.16425072851363565,-0.021964980544748824,0.2217204118373277,-0.038973735408560195,0.7205289593377917,-0.02710116731517509,0.7564764297479103
2016-03-03,103.18,-0.0008722620662919844,0.0035859662725332697,-0.005911998449312006,-0.003682884279899268,0.2871327682098108,-0.010874200426439606,0.402687233774927,-0.02141887962783673,0.52796476521627,-0.042173870905214184,1.1355454204704838,-0.02947599664017564,1.1932103217318883
2016-03-06,102.4,0.0003906249999998668,0.0015624999999999112,-0.0087890625,0.007617187499999956,-0.13815190597464144,0.0006835937499996003,0.15158696392335247,-0.009833984375001936,0.22712163100766758,-0.0346582031249999,0.7780472850586297,-0.020491536458333237,0.8372356399326315
2016-03-07,102.62,-0.008477879555642165,0.0031183005262132024,-0.012278308321964526,-0.002143831611771563,-0.21237232036892906,0.0027090235821471964,-0.14051045250270522,-0.009959072305595451,-0.04595655781807384,-0.03505651919703756,0.3562713085429827,-0.022539465991034735,0.42168306131911826
2016-03-08,103.4,-0.004545454545454519,0.00019342359767882122,-0.0075435203094778025,-0.0075435203094778025,0.014743274921019678,-0.006460348162476204,-0.10998451742790771,-0.014555125725340456,-0.03313588264593503,-0.03868471953578323,0.28154106016433467,-0.029632495164410022,0.4334766646812749
2016-03-09,103.58,0.000579262405869807,0.007916586213554844,-0.014288472678123276,-0.0017377872176095321,-0.045817681472267835,-0.006758061401815341,-0.16233981509408568,-0.01255068546051552,-0.08870066496002182,-0.03548947673295977,0.1317832486242565,-0.031038810581193177,0.3590872607352864
2016-03-10,105.68,-0.011260408781226472,0.001135503406510141,-0.014383043149129526,-0.01987130961392891,-0.18481747256576753,-0.0250189250567755,-0.2920439625046015,-0.02964610143830626,-0.27024951664341734,-0.050222369417108004,-0.11536018997632402,-0.04978236184708551,0.10070864076866548
2016-03-13,106.32,-0.011474793077501877,0.003574115876598949,-0.012697516930022523,-0.0060195635816402415,0.07065563035411393,-0.02618510158013565,-0.14262094051834606,-0.03119826937547221,-0.18806244257460125,-0.05017870579382966,-0.0755187775161481,-0.05468710810132926,0.1733292578070138
2016-03-14,107.07,-0.009433081161856594,0.0020547305501075197,-0.01559727281217882,-0.007004763239002565,0.15342320349934058,-0.025684131876342664,0.06606189088691772,-0.032324647426918984,-0.048087244294312326,-0.05140562248995961,0.05868616218870226,-0.061065969303570666,0.32378004518740977
2016-03-15,107.59,-0.003253090435914152,0.0030662700994514847,-0.012361743656473578,-0.004833162933358226,0.024905539064927762,-0.022121014964216146,0.09779418982200827,-0.033636955107354094,-0.013000010715931487,-0.051268705270006376,0.05467726829477382,-0.0653592341295659,0.33813548509235347
2016-03-16,108.56,-0.008935151068533487,0.0010132645541636176,-0.012619749447310258,-0.008935151068533487,-0.189045214776707,-0.02313927781871772,-0.10722195475915286,-0.037730287398675566,-0.20317256002711315,-0.055794030950626294,-0.16919367705717248,-0.0725528125767625,0.07751776118927411
2016-03-17,107.77,0.00890785933005489,0.00890785933005489,-0.0053818316785747555,0.007330425907024374,-0.6661406059458208,-0.006736568618353811,-0.6910343377344643,-0.02533172496984515,-0.7242177095272115,-0.04421453094553185,-0.7218403978425592,-0.06375614735083956,-0.6466794036879877
2016-03-20,108.16,-0.007673816568047331,0.006379437869822535,-0.009430473372781023,-0.0036057692307692735,1.481448908256199,-0.0064534023668637586,0.0929061274844365,-0.02460244082840446,-0.11307526699645609,-0.04358357988165651,-0.23219136661062667,-0.06557877218934904,-0.07773974581749221
2016-03-21,107.83,-0.0010201242696837864,0.005563386812575288,-0.005007882778447437,0.0030603728090512483,0.6254755281188256,2.220446049250313e-16,0.8433918501490187,-0.016275619029956667,0.518294591278696,-0.03703514791801876,0.27956121984226057,-0.0598782033447709,0.4925277351419355
2016-03-22,107.66,-0.002600780234070177,0.006501950585175553,-0.004179825376184332,0.001579045142114044,-0.33101634169598526,0.002990897269181003,0.21724281439797832,-0.009882964889468937,0.009628871112447257,-0.031715586104402504,-0.14748489446085866,-0.05444299956653664,-0.04897195695867318
2016-03-23,114.3,-0.0482064741907261,0.0011811023622048111,-0.04916885389326331,-0.05809273840769902,-0.5066553744394504,-0.05515310586176714,-0.3728953794820211,-0.06367454068241662,-0.48805357236930835,-0.08441819772528414,-0.5745851350146742,-0.10519101778944306,-0.5487683423378135
2016-03-27,114.17,0.0022773057720943957,0.011298940176929007,-0.0042918454935622075,0.0011386528860470868,0.5357177343682347,-0.04402207234825262,0.13369168152468802,-0.053218884120173615,-0.11733148749850231,-0.07751160550056924,-0.3030485575560008,-0.09830661878485303,-0.2926146835607213
2016-03-28,115.26,-0.015269824744056915,0.0018219677251432032,-0.015703626583376762,-0.009456880097171605,0.04484647315247825,-0.04195731389901092,-0.033711032638941374,-0.05480652437966527,-0.046460088473308625,-0.08057435363525922,-0.24568021447774346,-0.1008357915437561,-0.26079155805818155
2016-03-29,115.37,0.00026003293750531675,0.009881251625205811,-0.002947039958394737,-0.0009534541041865685,0.26759684865578937,-0.030562537921470012,0.2601507421470921,-0.04795874144058432,0.24880171745242885,-0.07495016035364455,-0.017990546721518563,-0.09575279535407799,-0.053438686085208076
2016-03-30,115.4,-0.0025996533795494825,0.005199306759098743,-0.0034662045060659397,-0.00025996533795491494,0.16112324064939076,-0.017746967071057163,0.5395246031792365,-0.04101386481802627,0.4788843265284677,-0.07002599653379527,0.15951289849911565,-0.0906556903523974,0.09146067937738511
2016-03-31,116.35,-0.013665663944993467,0.0014611087236786613,-0.014181349376879981,-0.008165019338203572,0.3572961283060392,-0.01246239793725823,1.0447651831305649,-0.042131499785132864,1.027479563432224,-0.07214439192092803,0.5813465032632643,-0.09338490187652182,0.464907869752031
2016-04-03,115.5,0.005021645021644927,0.0060606060606061,-0.005021645021645038,0.007359307359307232,-0.09526015621604644,-0.0016450216450217825,0.4508968779641105,-0.028337662337664327,0.7959202637741951,-0.05945021645021642,0.4303254299346435,-0.08156709956709951,0.31457931304546904
2016-04-04,114.13,0.0031542977306580067,0.008893367212827519,-0.002015245772364782,0.012003855252781914,0.07834505936454295,0.012669762551476227,0.37295185804689845,-0.009900990099011908,0.6281325703441085,-0.04276263909576783,0.5580827479980712,-0.06570869476328145,0.4015019015142218
2016-04-05,114.67,-0.005930060172669505,0.0024417894828638875,-0.008110229353797904,-0.004709165431237561,-0.2909266189692479,0.0059300601726692825,-0.16106087244891665,-0.009357286125405206,0.1064084213670915,-0.04215575128629967,0.10880463768552873,-0.06610272957181462,-0.0068785095310333055
2016-04-06,112.1,0.014540588760035833,0.0171275646743978,-0.0027653880463870406,0.02292595896520977,-0.05102715910830968,0.027743086529883776,-0.2209982668549253,0.019455842997321948,0.07539593960943614,-0.014821587867974828,0.06178880013108312,-0.04022598870056471,-0.05148902769510122
2016-04-07,112.83,0.0007976601967563113,0.0035451564300275074,-0.008685633253567304,-0.006469910484800168,0.8900245476805668,0.015244172649117926,0.5135168315979957,0.0167951785872531,1.0253076448052005,-0.01734024638837184,1.0307442647831415,-0.04272799787290604,0.8031133054163633
2016-04-10,113.1,-0.0014146772767461568,0.007957559681697646,-0.0026525198938991412,-0.0023872679045092715,-0.3399034259257382,0.0065959328028291075,-0.03271999399707559,0.01306808134394144,0.14036597558675545,-0.015596816976127137,0.32467658230800267,-0.04150014736221608,0.17444872806279288
2016-04-11,114.39,-0.009266544278346056,0.0009616225194510886,-0.012885741760643499,-0.01127720954628908,-0.09212276898569283,-0.00895183145379852,-0.10462768035639514,0.0007081038552299024,-0.029108308658336912,-0.023454847451700123,0.1936711533978952,-0.04881836990412902,0.07064122831340613
2016-04-12,114.96,-0.009481558803061896,0.0005219206680584509,-0.012961029923451606,-0.004958246346555284,-0.3814823495059966,-0.013413361169102411,-0.41677495588828484,-0.0050104384133632385,-0.4295132485468245,-0.024786882393876053,-0.26217491311466856,-0.049437485502203615,-0.3353140387426925
2016-04-13,114.75,0.002178649237472685,0.004531590413943354,-0.005315904139433503,0.001830065359477162,1.1289252231087579,-0.01110239651416145,0.38435462715805135,-0.0035468409586076888,0.2731062121333343,-0.019564270152505503,0.6192505097377488,-0.044354393609295495,0.45167497036126525
2016-04-14,114.82,-0.0005225570458107232,0.004267549207455312,-0.004180456366486562,-0.000609649886779251,-0.10324956180724565,-0.007089357254833839,0.15327541202728767,-0.004720431980493323,0.11215803898361032,-0.01704406897753008,0.44617958097858623,-0.04142716135400315,0.29637267857124727
2016-04-17,115.59,-0.0114196729820919,0.0007786140669607811,-0.014188078553508121,-0.006661475906220349,0.027801935843130288,-0.010260403149061625,0.24543421503071627,-0.012674106756642045,0.1556136143633875,-0.02088415952937106,0.4734919184940145,-0.04434639674712337,0.33633896412400666
2016-04-18,115.1,0.004430929626411784,0.0063423110338836075,-0.006255430060816636,0.004257167680278062,0.22734927030801422,-0.001720243266724819,0.5035828024604272,-0.008392701998264585,0.4186524805578198,-0.013318853171155443,0.6335316038962251,-0.036684042861279686,0.6521398374269147
2016-04-19,115.54,-0.0003462004500606186,0.005521897178466295,-0.0038947550631815986,-0.0038082049506665827,-0.17915850034061065,-0.004292885580751471,0.15383084550234094,-0.01132940972823504,0.15338325654397922,-0.014073048294962698,0.3037383425836253,-0.03668859269517044,0.3559561839180445
2016-04-20,114.48,0.00742487770789646,0.01472571628232,-0.00034940600978339287,0.0092592592592593,-0.045704963168948454,0.005939902166317124,-0.08534139617699532,-0.001415094339625167,0.0706795268851208,-0.0015766946191474451,0.24597071218157374,-0.024007104588865347,0.29241215315851043
2016-04-21,113.95,0.00043878894251858647,0.008907415533128571,-0.0027204914436156358,0.0046511627906977715,-0.11661123149583108,0.010144800351031158,-0.17188030557855072,0.005318121983323598,-0.08258504392871957,0.006059675296182565,0.08424181728673963,-0.01622641509433942,0.1420896358181929
2016-04-24,114.1,-0.002103418054338224,0.0013146362839615566,-0.007537248028045562,-0.0013146362839613346,0.45888005617106487,0.00729184925503934,0.24520796140675727,0.004978089395265117,0.39416876348349206,0.004583698510078893,0.47550891184066546,-0.014490213263219198,0.67037183059492
2016-04-25,114.61,-0.0017450484250938203,0.003926358956461096,-0.006718436436611075,-0.004449873483989175,-0.17066528651787816,0.00020940581101114297,-0.006952882216332945,0.001378588255821711,0.12594368974573622,8.288980019188763e-05,0.16837651426401234,-0.016426722508216085,0.3677412110805618
2016-04-26,115.48,-0.01160374090751648,0.0016453065465882322,-0.01164703844821613,-0.007533772081745771,0.09365631593512425,-0.008174575684101293,0.12165577552136608,-0.005975060616559502,0.20437001868847204,-0.007732940768964469,0.23118307922335113,-0.021443828657198738,0.4861223655457101
2016-04-27,114.33,0.00577276305431651,0.014956704277092614,-0.003061313740925331,0.01005860229161204,-0.018431762104656024,0.0016968424735412935,0.07830984665669183,0.004478264672436838,0.06387984944206293,0.0022959853056940815,0.17912497442634923,-0.009148954780022533,0.45215716723647636
2016-04-28,112.92,0.011246900460502918,0.011246900460502918,-0.005579171094580171,0.012486716259298536,-0.1726018892913913,0.013939071909316203,-0.1321948419954747,0.016648955012395383,-0.12112977324669083,0.014337584130357683,-0.0389220213517093,0.005213130239697827,0.1973716831449739
2016-05-01,114.4,-0.013111888111888126,0.0025786713286712892,-0.018269230769230815,-0.012937062937062982,0.06872730443122133,-0.000979020979021139,-0.08850811918306845,0.0018356643356618463,-0.054109113101854955,-0.0002840909090909838,0.036553107086030545,-0.006520979020978923,0.27348497860313725
2016-05-02,113.3,0.0015887025595764381,0.005119152691968276,-0.00926743159752863,0.009708737864077666,0.12909854725065406,0.00924977934686666,0.07720731518237489,0.010511915269194372,0.07077869629097311,0.008936451897616937,0.17189745848848093,0.005075022065313517,0.33415039717013717
2016-05-03,113.55,-0.011360634081902132,0.0031704095112286,-0.011360634081902132,-0.0022016732716865217,0.1147914195193096,0.004720387494495659,0.18485257854484738,0.006701893439011286,0.2051391469342021,0.006349625715543761,0.3053762437845069,0.004371055335388618,0.4609458157883859
2016-05-04,114.08,-0.0037692847124823903,0.003068022440392726,-0.005347124824684468,-0.004645862552594693,0.06974093239918111,-0.003330995792426683,0.24769189410018955,0.0002805049088336897,0.2657928163564305,0.0011833800841514197,0.3642336327692104,0.001376227208976566,0.5566928536098223
2016-05-05,115.55,-0.014971873647771528,0.0010385114668975959,-0.019039376893119853,-0.012721765469493662,-0.11162005358496785,-0.01644309822587664,0.07454985185393759,-0.01279099956728913,0.09197977579415362,-0.010696668109043572,0.17617896315485937,-0.00951103418433541,0.3570405794713325
2016-05-08,115.47,-0.0016454490343812411,0.0065817961375249645,-0.004070321295574608,0.0006928206460552477,0.3198115363121572,-0.01120637394994406,0.34471387710493784,-0.010721399497707451,0.3918681332294571,-0.008833463237204353,0.5623226786840028,-0.008463958892641288,0.6865379409575878
2016-05-09,116.94,-0.011544381734222675,8.551393877209712e-05,-0.012485035060714855,-0.012570548999486952,-0.10433128989406781,-0.021806054386865448,0.10074358998067523,-0.02198563365828854,0.22489919957590154,-0.020279630579784325,0.3681186181049336,-0.02055755088079325,0.45382973805142823
2016-05-10,115.98,0.008708397999654949,0.008708397999654949,-0.00100879461976211,0.008277289187790915,0.02479510604454549,-0.007432315916537702,0.07631252787404286,-0.011881358854977209,0.22019344111928252,-0.011070874288670263,0.36750676241650426,-0.011967580617347595,0.4390943057568242
2016-05-11,116.36,0.0005156411137847705,0.0023203850120316893,-0.007648676521141318,-0.0032657270539704353,-0.25128045045748115,-0.00649707803368893,-0.21679415597161233,-0.014678583705743042,-0.10571703570220803,-0.013862151942247936,-0.04251525922352373,-0.015019479775409517,0.0522627952422281
2016-05-12,115.44,0.006756756756756799,0.010308385308385182,-0.0025987525987525295,0.007969507969507905,0.17235220664232842,0.005370755370754932,-0.036267094879631645,-0.005067567567569764,0.053174335611911205,-0.005305786555786285,0.12394990972927644,-0.006892469392469125,0.22204324566500921
2016-05-15,117.15,-0.013060179257362359,0.00375586854460086,-0.01826717883055906,-0.014596670934699185,-0.30899882717116056,-0.00949210413999202,-0.3428135401384482,-0.01743918053777438,-0.2970890395869007,-0.019560392658984127,-0.23285765628107125,-0.02164746052069977,-0.15832324685205346
2016-05-16,116.22,0.00937876441232155,0.011013594906212454,-0.00301152985716735,0.008002065049044882,0.2213959765841258,0.0013250731371532432,-0.08903217412994235,-0.0072104629151630295,-0.12668017882472304,-0.011043710204783785,-0.054302776856116064,-0.013345379452761708,0.03391746664039741
2016-05-17,116.52,-0.003947820116718126,0.007123240645382722,-0.009097150703741841,-0.002574665293511802,0.5626865289615808,-0.0024888431170619896,0.4988197438231994,-0.007260556127705486,0.37241671328748027,-0.013109337452797631,0.4893004318367138,-0.01528779036503014,0.6173242700033763
2016-05-18,116.03,0.002068430578298752,0.002068430578298752,-0.012410583469792291,0.004223045764026434,-0.2197555900070013,0.0026544859088160067,0.14484165046643538,-0.0005084891838339489,0.044855573060237575,-0.008519348444367747,0.13766532366892292,-0.010597833893533082,0.23239800891692663
2016-05-19,116.47,-0.00317678372112995,0.0037777968575598564,-0.00317678372112995,-0.0037777968575598564,0.13927443328711342,-0.0017000085859026903,0.2572566747340084,-0.0026101141924980142,0.19355600756938984,-0.011599553533098383,0.27742886470203176,-0.013210841132193951,0.37536366419835887
2016-05-22,116.18,0.0043897400585297675,0.0043897400585297675,-0.0029695300395938817,0.0024961266999483644,0.22448311928971587,0.0025649853675322465,0.49727577955975,0.0006713720089495112,0.431288974007511,-0.00804785677397124,0.5205571820429424,-0.009703333907155387,0.681744310876133
2016-05-23,119.12,-0.021323035594358664,0.0007555406312960145,-0.021323035594358664,-0.024680993955674912,-0.39207182758901027,-0.023807924781733436,-0.22077189301351463,-0.02343015446608665,-0.13939885913600947,-0.03165715245130951,-0.088908901216741,-0.033282963957913414,0.0028753230899465354
2016-05-24,118.55,0.005735976381273877,0.009869253479544593,-0.0006748207507381032,0.004808097849008819,-0.026929491725267374,-0.014221847321805758,-0.24838013386109292,-0.016895824546606875,-0.14165618963937365,-0.025099114297764458,-0.11605841048663323,-0.02730493462673944,-0.03432033993597938
2016-05-25,118.41,0.0015201418799088984,0.006671733806266511,-0.0030402837598175747,0.0011823325732625012,0.4789449786622395,-0.009627565239423097,0.21693928487860314,-0.013563043661855012,0.3070963374820328,-0.022650114010640765,0.3119190613613825,-0.025144272724713312,0.37556547851181654
2016-05-26,118.94,-0.000840760047082556,0.0,-0.00983689255086595,-0.0044560282495376136,0.08997282567442433,-0.010038674962166483,0.27836787053483314,-0.016235076509166335,0.3732092271257459,-0.025290062216243303,0.40746887856568126,-0.028462530127234764,0.48348026192608784
2016-05-30,118.97,-0.0006724384298562036,0.0015129864671765691,-0.007396822728418906,-0.00025216441119613187,-0.32640833944332126,-0.006136000672439024,-0.16148918046399097,-0.013541228881232548,-0.09986895481881208,-0.023005799781457337,-0.0809359683487284,-0.02755316466336033,-0.01748274631432234
2016-05-31,119.01,-0.006722124191244516,0.0009242920762961848,-0.0075623897151499975,-0.0003361062095622591,0.6257386551136255,-0.0017813629106805395,0.47949371213210634,-0.012343500546174724,0.409005586722204,-0.021414166876733032,0.48010441958686023,-0.026933310926252618,0.5895092201835752
2016-06-01,119.24,-0.004528681650452837,0.0002515934250251206,-0.01039919490103991,-0.0019288829251927764,-0.25083539353480755,-0.003891311640389805,0.0008420567556963743,-0.011908755451192965,-0.0025741205482523455,-0.020907413619590698,0.08304104419521363,-0.027717208990271525,0.17793288621252978
2016-06-02,118.9,-0.00016820857863764083,0.000841042893187538,-0.008326324642556893,0.0028595458368376736,0.34178989991493847,0.0001177460050454382,0.256377017702472,-0.006795626576957536,0.35825731001970285,-0.015714886459209598,0.44416293025797504,-0.0238996355480795,0.5634041398795548
2016-06-05,119.6,-0.0050167224080267525,0.0013377926421405117,-0.009030100334448177,-0.005852842809364489,-0.005191072187074819,-0.004916387959867041,0.21009370529505977,-0.010209030100336358,0.3050092807559597,-0.01946070234113717,0.41559989925413143,-0.02838071348940896,0.5239618063434985
2016-06-06,119.65,0.002423735896364354,0.004178854993731607,-0.0034266610948601173,-0.0004178854993732717,-0.08706599613434629,-0.004229001253657438,0.08737394318688008,-0.00800668616799205,0.16594460747374895,-0.01817801922273321,0.26523222379812994,-0.02721270371918083,0.35506401398131215
2016-06-07,119.32,0.0022628226617500413,0.005279919544083134,-0.0065370432450552185,0.002765672142138964,-0.36410891650497057,-0.0003352329869268367,-0.37012792048267074,-0.0023550117331564424,-0.2556198104234757,-0.013711029165269784,-0.19871346033857018,-0.022971840429097945,-0.14617889694058572
2016-06-08,119.44,-0.009125920964501044,0.0007535164099130576,-0.013730743469524409,-0.0010046885465505584,0.7307975956121675,-0.0008204956463506718,0.23538512550206248,-0.003189886135299913,0.2888557776550955,-0.013705626255860692,0.4056585131181456,-0.02263898191560587,0.47486161351005163
2016-06-09,118.27,0.001944702798680975,0.0052422423268791984,-0.002790225754629172,0.00989261858459467,-0.1753397654358062,0.009402215270143621,-0.0375013430825053,0.007423691553223755,-0.000937471588639327,-0.0024858374904878078,0.1459078342346909,-0.011854231842394314,0.19803613787327357
2016-06-12,117.08,0.006662111376836366,0.01588657328322518,-0.00042705842159207474,0.010163990433891268,-0.27126256319240605,0.01858558250768616,-0.27298276187455073,0.017543559959000365,-0.27114606631036653,0.008468568500170637,-0.18155810689806096,-0.0006889875868348883,-0.13659273640351055
2016-06-13,118.09,-0.008552798712846199,0.001947667033618261,-0.011347277500211694,-0.008552798712846199,0.3976894216819462,0.00560589380980514,0.12688888514736463,0.0072656448471484225,0.06605864558691876,0.0005377254636291795,0.1505523191370548,-0.008061647895672652,0.19603517687588345
2016-06-14,117.45,0.007237122179650779,0.008003405704555044,-0.0010217113665389466,0.005449127288207789,-0.01916538739156548,0.008429118773945365,0.12011103029869319,0.012005108556830457,0.00913295768174005,0.006389953171562324,0.08774988870134592,-0.0016091954022986465,0.1531923389827865
2016-06-15,118.3,-0.01251056635672021,0.0018596787827556138,-0.014116652578191058,-0.007185122569737912,-0.07410489082340677,-0.0019780219780228814,-0.04176838494584334,0.003415046491967555,-0.049704290165792475,-0.00032121724429423626,-0.014631982533274135,-0.007613412228796745,0.05545254361000662
2016-06-16,117.57,0.00442289699753351,0.004593008420515465,-0.0066343454962999315,0.006209066938845043,-0.29175544467516945,0.0022794930679586045,-0.28773947501175434,0.008845793995064577,-0.32859242975143965,0.006642851067449218,-0.2975566532292634,-0.00010490204417212823,-0.2562845203941999
2016-06-19,119.05,0.0004199916001679238,0.010751784964300626,-0.0013019739605207858,-0.012431751364972765,0.05895287898074564,-0.011356572868543413,-0.17270788179034646,-0.004813103737927538,-0.2403007610768989,-0.005224695506089838,-0.24506833828358232,-0.011558168836623084,-0.20427667751006928
2016-06-20,119.43,0.0015071590052750938,0.0034329732897930842,-0.0019258142845182125,-0.0031817801222474573,0.025693001372280033,-0.01120321527254542,-0.14160164673593412,-0.008440090429542635,-0.1771728582630857,-0.0073097211755839275,-0.21208329249166835,-0.013726311088782639,-0.1809712474678168
2016-06-21,119.03,0.007645131479459,0.014702175922036487,-0.0009241367722422344,0.003360497353608327,-0.37708931826022185,-0.005628833067294781,-0.4277466960150691,-0.005292783331935502,-0.4653907845609493,-0.002608586070738439,-0.4972292167212624,-0.009302976840572241,-0.48384081442834215
2016-06-22,118.91,-0.003111597006139055,0.0,-0.020267429148095206,0.0010091665965856755,0.14575546951597662,-0.0019678748633428222,-0.21685513718431382,-0.004532839962999469,-0.34537927469078045,-0.0016398957194514452,-0.40280155836651343,-0.007717321223333906,-0.38933079295433093
2016-06-23,111.45,0.01184387617765803,0.030955585464333746,-0.004665769403319864,0.06693584567070432,-0.5804715949070627,0.06593091072229629,-0.6336094245608834,0.06162404665769161,-0.7009851295796412,0.06534768954688208,-0.744063960343589,0.05957828622700778,-0.7375659625589518
2016-06-26,109.29,0.009607466373867668,0.01335895324366354,-0.005764479824320712,0.01976393082624206,0.8678192660819524,0.07579833470582775,-0.06357405223288837,0.07636563272028307,-0.29450752400167635,0.08321895873364449,-0.44824602132830604,0.07902217342239304,-0.4668771521473438
2016-06-27,110.56,0.00036179450072348907,0.00397973950795949,-0.008863965267727925,-0.011486975397973942,0.269880568141039,0.04578509406656939,0.29743708621488407,0.05695549927640875,-0.046466904674142384,0.06641190303907374,-0.2587717658671941,0.06477327544621336,-0.30159244799053997
2016-06-28,111.76,-0.000805297065139654,0.002326413743736433,-0.00769506084466709,-0.010737294201861203,-0.20261517180434807,0.01868289191123762,0.0807740770879799,0.03886900501073498,-0.19949082055990308,0.05119899785254134,-0.39622768419662,0.0513749701741828,-0.4406664590648891
2016-06-29,113.29,-0.00856209727248669,0.00017653808809248162,-0.010415747197457859,-0.013505163739076731,-0.021616717703159538,-0.007908906346545064,0.07519528688374355,0.019816400388381394,-0.15842012524102822,0.03380263041751275,-0.3766938236746872,0.035863712595992636,-0.4394861068229957
2016-06-30,113.52,0.0012332628611697594,0.006254404510218636,-0.002026074700493208,-0.002026074700493208,0.6773225758554318,-0.019820295983087433,0.8784888397391462,0.01333685694150577,0.5078427898511448,0.029087385482734707,0.09278167554671746,0.032816537467700524,-0.024686966441636482
2016-07-04,113.1,0.003625110521662256,0.004067197170645409,-0.0041998231653403995,0.003713527851458842,0.07558379068727272,-0.012519893899204826,0.5679132266122429,0.01351900972590414,0.6207999329829308,0.03053050397878021,0.19984281851846242,0.03591217211906872,0.05626512435961062
2016-07-05,113.52,-0.007840028188865422,0.0,-0.01374207188160681,-0.0036997885835095,-0.23470427177775854,-0.00946088794926081,0.07941177904072916,0.004527836504578442,0.23845848437575579,0.02385482734319977,-0.06605205569533512,0.031089969462062772,-0.18535917322542883
2016-07-06,112.7,0.007187222715173025,0.010647737355811815,-0.0016858917480034874,0.00727595385980484,0.3007251942458462,0.0029991126885529074,0.3839537545419123,0.0065927240461378656,0.64146520350157,0.028584738243123464,0.2477151821665904,0.037805383022774475,0.08256014554276114
2016-07-07,115.11,-0.011988532707844612,0.001129354530449156,-0.016853444531317874,-0.020936495526018506,0.04462717885053591,-0.016366953348971203,0.2875482101803397,-0.019980887846409945,0.6523169668760211,0.004174268091390765,0.3028449801046247,0.014218283960270028,0.13060208111417504
2016-07-10,115.46,0.002078641953923599,0.004503724233500872,-0.0028581326866446988,-0.003031352849471647,0.28884233139669635,-0.01619608522432081,0.43363681785741726,-0.026242854668285465,1.0707565621661796,-0.0007448467001558434,0.7042984740858533,0.010150701541659757,0.4536513891414826
2016-07-11,116.5,-0.0051502145922746045,0.007896995708154497,-0.007725321888412018,-0.008927038626609485,-0.3747048697567811,-0.02164806866952851,-0.1587697456553092,-0.03149356223176181,0.0775964584781359,-0.010871244635193067,0.06715113665428318,0.0002889842632334272,-0.08984643853251117
2016-07-12,116.83,0.001455105709150084,0.0028246169648207253,-0.004622100487888359,-0.0028246169648206143,0.5845044677008904,-0.018591115295729432,0.3842606566505513,-0.028057861850554255,0.6285754617318129,-0.013913378413078714,0.7053295287187038,-0.003232617193072329,0.466392715331734
2016-07-13,116.77,0.006251605720647424,0.01053352744711833,-0.0009420227798235814,0.0005138306071765797,0.023352789553288122,-0.012417573006765936,0.2661331295400806,-0.022188918386573997,0.5776853710883412,-0.01394621906311555,0.7488753980891718,-0.0033313351031940552,0.49134926045061755
2016-07-14,115.09,0.012077504561647467,0.013467720914067227,-0.007298635850204183,0.014597271700408365,-0.4535835011736393,0.009071161699538921,-0.34806348601254,-0.003562429403078049,-0.2143460448190908,0.00015205491354586265,-0.04349664131450515,0.010568540562458484,-0.18147502559284268
2016-07-17,114.14,0.009111617312072884,0.010338181181005712,-0.0020150692132469006,0.008323111967758923,0.1498881122976088,0.017434729279831362,-0.1845834222160876,0.006308042754509691,-0.13563228054325138,0.007070264587348829,0.12454000560484202,0.0177676537585425,-0.042847371231545583
2016-07-18,113.37,0.002469789185851612,0.005909852694716333,-0.0029108229690394394,0.006791920261091988,0.30853914577892017,0.022016406456734083,0.16198762169771452,0.013689688630146968,0.14174453277053733,0.012397459645408837,0.4762824372163488,0.02328070330187315,0.2742553643323622
2016-07-19,115.45,-0.013685578172368928,0.005197055002165385,-0.013685578172368928,-0.01801645734084023,-0.31461569828007574,-0.0018189692507581956,-0.24926157935625792,-0.004339540926810326,-0.22550157422450734,-0.0083022953659595,0.00683618199258218,0.003046051681824924,-0.11884220254634359
2016-07-20,112.36,0.024118903524385837,0.026041295834816625,-0.0034709861160555633,0.02750088999643996,0.07377887806060923,0.023175507297970466,-0.10295988792367983,0.024759700961193953,-0.1684219812019202,0.017199181203275016,0.09371425613692774,0.029384715794470218,-0.035732047473999606
2016-07-21,112.86,-0.0007088428141059921,0.0023923444976077235,-0.008949140528087929,-0.00443026758816234,0.25202813312904904,0.010827573985468408,0.22200883774834113,0.01991848307637567,0.06294434598947585,0.00973772815878049,0.34936473010170155,0.02276862189142892,0.21418790452972436
2016-07-24,113.07,-0.0025647828778632142,0.00035376315556745475,-0.008932519678075401,-0.0018572565667285268,0.08113392517341356,0.005005748651277786,0.2375935495901429,0.016034315026087764,0.15026689508596802,0.0051870522685060205,0.4349615660171402,0.0189292768491498,0.326976795666867
2016-07-25,114.26,-0.007526693506038851,0.0014003150708910006,-0.011377559950989102,-0.010414843339751512,-0.34408069930239993,-0.007334150183791577,-0.22806000233177093,0.00336075617013587,-0.23439651836555742,-0.004572903903378278,-0.14784037597303146,0.006800280063014252,-0.1250544139494263
2016-07-26,113.71,0.006507782956644226,0.006507782956644226,-0.004397150646381132,0.004836865711019378,0.22857496871616778,-0.0009673731422039644,0.03354584663189142,0.006243953917858924,-0.043564845408658126,0.002427227156802658,0.028219290876368985,0.010843373493976127,0.08670913124680713
2016-07-27,112.08,0.016506067094932186,0.016506067094932186,-0.001427551748750866,0.014543183440399732,0.023041097651479214,0.01045681655960018,0.022314700066571547,0.018094218415415364,0.011676391673937525,0.018410956459671723,0.03849104836342532,0.024241613133476392,0.12449140556883842
2016-07-28,112.81,-0.0036344295718464537,0.002747983334810744,-0.013119404308128746,-0.006471057530360813,-0.1695350176737408,0.0034216824749577768,-0.17025936293901112,0.007348639305023719,-0.13286744638430248,0.01196259196879712,-0.1632967041991793,0.01602694796560611,-0.056550806514130025
2016-07-31,112.88,-0.002657689581856859,0.005935506732813733,-0.005138199858256587,-0.0006201275690999042,0.19837710209968407,0.0027108433734936987,0.05661112363692333,0.0047041105598844,0.03600656531495261,0.011122430900071034,-0.019767028841577106,0.013775690999291434,0.14714824537230897
2016-08-01,112.83,-0.001683949304263077,0.0014180625720110474,-0.006647168306301521,0.0004431445537533829,0.054374193730970966,0.0028183993618713377,0.1519229472125201,0.004032615439153897,0.08500847835366643,0.011286891784100028,0.03447159456725024,0.012839374870749598,0.2098250951407281
2016-08-02,113.61,-0.007041633659008895,0.0,-0.008978082915236274,-0.006865592817533628,0.32368898845201,-0.006583927471173645,0.44036889135299284,-0.0033359739459577487,0.4545095600575402,0.004224980195405292,0.37177966165188203,0.004060675410028525,0.6019999200831136
2016-08-03,113.71,-0.004748922698091573,0.002462404361973425,-0.00897018731861754,-0.0008794301292761597,-0.27702613949822674,-0.007633453522117972,-0.019522764235348933,-0.005830621757103693,0.003540381053749986,0.003381408847067169,-0.03228992458640323,0.001471579749655838,0.15160271008067983
2016-08-04,114.6,-0.012216404886561838,0.0012216404886562504,-0.01797556719022675,-0.0077661431064572906,-0.193462092536682,-0.012495636998255066,-0.20988466135450923,-0.012373472949391617,-0.20033479188912395,-0.003970331588132425,-0.21650599374322155,-0.00785340314136107,-0.08405481422314576
2016-08-07,113.68,0.008092892329345514,0.00941238564391278,-0.0016713581984518777,0.008092892329345514,0.8535147722802208,-0.0013546798029561158,0.47366064951742004,-0.0028501055594676306,0.5337404373078098,0.003866115411681914,0.47866165833631924,-0.0010878489326763274,0.6951962225861619
2016-08-08,112.88,0.005226789510985208,0.00823883770375633,-0.0011516654854712982,0.007087172218285032,-0.18585508424759511,0.007140326009921871,0.1169867544211447,0.004757264351521462,0.22934200622998202,0.010192239546421122,0.20271435477934108,0.0066501299314909446,0.2824809868349971
2016-08-09,113.22,-0.0002649708532062034,0.0022964140611199113,-0.003973679561914856,-0.0030030030030030463,0.21451981819200872,0.004204204204203865,0.3165851751223041,0.0005211093446364501,0.4279429701532771,0.005559971736442293,0.4401843167921511,0.004684095860566728,0.5169381865284512
2016-08-10,113.39,0.001234676779257482,0.0052914719111032404,-8.819119851843915e-05,-0.0014992503748125774,0.15496398453496618,0.0020107593262188583,0.5047426976881826,-0.0014110591762966918,0.5893282944305687,0.002460534438663009,0.6618763182615788,0.0039597848134758085,0.7167064697857208
2016-08-11,113.03,0.0015040254799609798,0.004600548526939807,-0.003184995134035251,0.003184995134035251,-0.0827825897647223,0.004635937361762155,0.25043689574300565,0.0029284260815687357,0.39223299598375405,0.004158188091657022,0.5170731095299961,0.007638090182547463,0.5202746673037619
2016-08-14,113.6,-0.005281690140845008,0.0044894366197183455,-0.0074823943661971315,-0.005017605633802713,-0.3807158593634753,-0.0031690140845073156,-0.34223862649972714,-0.0019102112676080418,-0.19314506156492073,-0.0017869718309858618,-0.08970592676993949,0.0025058685446011086,-0.09160921789270504
2016-08-15,112.98,0.0010621348911310502,0.0024783147459728205,-0.005664719419366304,0.005487696937511055,0.14307079636718978,0.0021596742786329504,-0.1678176770009251,0.004204283944058362,-0.07525016724516564,0.0034519383961764127,0.03787138559054681,0.008030919926830693,0.03983839055027705
2016-08-16,112.93,0.0014168068715132431,0.006994598423802234,-0.004604622332418429,0.00044275214734779134,0.2753867998276991,0.0027804834853444316,0.08411505878974479,0.004781723191354947,0.17165750386879597,0.003723545559195962,0.3291594582090267,0.008441807609433694,0.3252876841998904
2016-08-17,112.35,0.0034712950600801484,0.006964842011570882,-0.0038273253226523973,0.00516243880729883,-0.348827013897979,0.007441032487761179,-0.28837710085124857,0.00936359590564928,-0.23848769876146136,0.007783711615487521,-0.15731602163339176,0.013472778519507678,-0.15224896269008692
2016-08-18,113.05,-0.007430340557275539,0.0008845643520567492,-0.01167624944714718,-0.006191950464396356,0.5841365490928192,-0.0006368863334809127,0.27329251097029683,0.0019106590004396296,0.21891808449992167,0.0015391419725785394,0.3324207656892033,0.007094206103494205,0.35076156834761596
2016-08-21,113.76,-0.009054149085794716,0.0007911392405062223,-0.012306610407876284,-0.006241209563994432,0.041054114731674085,-0.006838959212377205,0.339868530341366,-0.005704992967653921,0.18482575336006946,-0.004628164556962022,0.37123131505294693,0.00020511017346458438,0.396075213108223
2016-08-22,115.48,-0.013335642535504011,0.0036369934187738817,-0.015933494977485307,-0.014894354000692722,-0.38822574498351703,-0.021354347073086588,-0.2495053008422401,-0.020445098718395505,-0.27610728215439717,-0.019154832005542133,-0.16897402593591193,-0.015183004272023903,-0.1468100125203321
2016-08-23,114.57,0.00785545954438338,0.010037531640045394,-0.0026184865147944603,0.007942742428209915,0.05219260187932884,-0.009217072532076709,-0.17622425252760077,-0.010395391463736692,-0.2134031328618763,-0.010831805882866363,-0.1346653297295437,-0.007657618341043171,-0.10302388650209637
2016-08-24,115.04,-0.006954102920723293,0.0019123783031989028,-0.011908901251738602,-0.00408553546592505,0.2126699277385835,-0.010413769123783445,0.07384519751525165,-0.01326495132128247,-0.005025292565654649,-0.01449930458970794,0.04912291823140347,-0.012366713027352594,0.10074631257074751
2016-08-25,115.2,-0.00026041666666665186,0.00868055555555558,-0.005729166666666674,-0.001388888888888884,0.31703564045874777,-0.007118055555556002,0.338603662824041,-0.013203125000002869,0.3506954631089618,-0.014583333333333282,0.3692140442543095,-0.014239004629629348,0.4583446179051043
2016-08-28,114.85,0.0020026121027427735,0.006181976491075325,-0.004353504571179778,0.0030474531998259113,0.037574692494272366,-0.0003482803656947864,0.37431587011730016,-0.008306486721813777,0.4017828241255843,-0.010539834566826278,0.3746258613303781,-0.011203018429835843,0.48073758487811125
2016-08-29,115.35,-0.0032076289553532034,0.001733853489380266,-0.005374945817078425,-0.004334633723450332,0.03694579227002981,-0.0027915041179024103,0.4112563418973427,-0.011521456436933697,0.3840947147633835,-0.013974859124404104,0.39253500029942323,-0.015283918508885774,0.5095995081878983
2016-08-30,115.0,-0.0006086956521738074,0.0033043478260870174,-0.004521739130434743,0.003043478260869481,-0.3402715022641859,1.7391304347524894e-05,-0.17557289778282315,-0.006452173913046311,-0.12084781320404181,-0.009878260869565336,-0.10133138129089847,-0.011713043478260743,-0.012540230661068907
2016-08-31,115.06,-0.0026942464800973065,0.003824091778202643,-0.008864940031288016,-0.000521467060664027,0.27135331098711624,0.00024335129497621288,0.014153649740848318,-0.005171215018254349,0.14521707451056187,-0.009790544063966844,0.15517616719989014,-0.01235876933773672,0.24129249892761884
2016-09-01,115.66,-0.0013833650354486693,0.005187618882932732,-0.0036304686149057908,-0.005187618882932732,0.021403161054273534,-0.004910945875843287,-0.002650100723049942,-0.007988933079719152,0.11559109688765123,-0.014343766211309172,0.1590364681082641,-0.01670413280304317,0.24816637724754398
2016-09-05,115.36,0.004074202496532564,0.00554785020804438,-0.00459431345353678,0.0026005547850207478,0.04097541123796944,-0.0015256588072124488,0.05451197327299662,-0.0031466712898778892,0.16270658230877344,-0.011321081830790836,0.16573371830241346,-0.013337956541840001,0.289328172169782
2016-09-06,115.12,0.0021716469770673985,0.0064280750521195085,-0.001563585823488589,0.0020847810979847115,-0.003973325325185129,0.0014419735927724275,0.06531188011478939,0.00032140375260314435,0.15943727047834755,-0.008530229325920846,0.16101171999671404,-0.010617905953208218,0.27624196996854655
2016-09-07,112.3,0.01896705253784514,0.02012466607301877,-0.00044523597506673784,0.02511130899376668,-0.5175707838678105,0.026179875333926628,-0.4752811036316169,0.025120213713265338,-0.4698897609250766,0.01736420302760444,-0.4453362377866299,0.014482042149005725,-0.3984988965914361
2016-09-08,110.39,0.011957604855512116,0.015399945647250668,-0.0005435274934324497,0.01730229187426402,-0.06225048357372409,0.039043391611558675,-0.4422170979484289,0.040800797173654146,-0.4781664102837474,0.03455023099918475,-0.4558034177620056,0.03160914334027831,-0.42779366505729266
2016-09-11,112.76,-0.022525718339836853,0.0017736786094357804,-0.023501241575026643,-0.02101809152181633,0.38460967449008976,0.008921603405462664,-0.08344065286717561,0.01480134799574051,-0.21784578969589075,0.011475700603050809,-0.20463492167930508,0.009427101809152294,-0.19284069681567406
2016-09-12,110.53,0.00949968334388851,0.012937663982629077,-0.003257034289333216,0.020175517958925138,-0.045298219857593414,0.024029675201302503,-0.058028881561277834,0.03306794535419977,-0.21495776243802478,0.0317606079797339,-0.22141206215700482,0.029777737567477924,-0.23353594101975494
2016-09-13,109.8,0.00865209471766848,0.0158469945355193,-0.004644808743169304,0.006648451730419058,0.06671073616245748,0.02204007285974452,0.09107695796775195,0.03600182149362219,-0.11467277969848044,0.03722222222222249,-0.16519907943719903,0.03591074681238626,-0.17885281289520982
2016-09-14,110.72,-0.009754335260115599,0.006322254335260125,-0.017061054913294793,-0.008309248554913329,-0.19883542226868633,0.0039378612716758354,-0.06784971227958125,0.02238078034681812,-0.2559874133930913,0.02716763005780365,-0.32551632067491965,0.026390895953757543,-0.33973963498748205
2016-09-15,109.88,0.004095376774663206,0.005551510738988075,-0.006916636330542292,0.007644703312704726,0.11555284617138684,0.008736803785947878,0.026615374339043818,0.02630141973061262,-0.13522183637384078,0.03401437932289797,-0.22187814066975875,0.03336063584516458,-0.24675480440097486
2016-09-18,110.5,0.0009954751131222572,0.007058823529411784,-0.0032579185520361653,-0.005610859728506834,0.4586887280155538,0.0021538461538457288,0.4215901149507675,0.01585520361990711,0.31923751041545345,0.02709502262443464,0.1405945375986668,0.026407239819004724,0.10602158798706252
2016-09-19,110.7,0.0043360433604335835,0.009485094850948395,0.0,-0.0018066847335139746,-0.10532499081932689,-0.003739837398374468,0.21323018915944125,0.00935862691960021,0.1926103221326616,0.024087624209575553,0.027142303189162886,0.02331827762722094,-0.026518109263954703
2016-09-20,111.7,-0.0018800358102060155,0.0017009847806623846,-0.008504923903312478,-0.008952551477171,-0.19087991218227696,-0.012354521038496324,-0.057866788167307726,-0.003849597135185956,-0.01408638598289047,0.013549686660698335,-0.15803768897997839,0.013267681289167443,-0.20538955062058295
2016-09-21,113.66,-0.014780925567481895,0.005366883688192825,-0.015396797466127099,-0.017244413162062266,-0.04986450449007007,-0.026042583142706688,-0.09415505184879336,-0.024036600387121854,-0.025435526784049922,-0.005591237022699369,-0.19844759813218016,-0.004551586603319779,-0.23670989838735434
2016-09-22,113.09,-0.02281368821292773,0.0061897603678486846,-0.03174462817225221,0.005040233442390907,0.14620441707001386,-0.015934211689805133,0.010952705530431706,-0.017914935007518507,0.0957675484678695,-0.0009815191440448734,-0.07398353884757802,0.0005953959972884171,-0.1089609125621207
2016-09-25,113.73,-0.011254726105688895,0.0019344060494153048,-0.011254726105688895,-0.005627363052844503,-0.2974474763201479,-0.015826958586125484,-0.31082573985968875,-0.021067440429088702,-0.2617276522364822,-0.007460652422404124,-0.34328559111237933,-0.005123245112693686,-0.36399516995114123
2016-09-26,116.13,-0.02049427365883061,0.0007749935417205034,-0.02049427365883061,-0.020666494445879535,0.02855739231961829,-0.030603633858607093,-0.1993698360948596,-0.04046327391716398,-0.21342366512055233,-0.02860587272883841,-0.2957425815219126,-0.02548293579034977,-0.326591104844421
2016-09-27,116.65,-0.008315473639091242,0.0035362194599228847,-0.010972996142306068,-0.004457779682811913,-0.13895104276595704,-0.02561508786969613,-0.2480627675722118,-0.03993999142734883,-0.30482974537755525,-0.03238748392627522,-0.36933472064815587,-0.029104157736819403,-0.41237717933040086
2016-09-28,121.64,-0.008878658336073597,0.02729365340348555,-0.010605064123643593,-0.041022689904636644,-0.5236980313817667,-0.057448207826373276,-0.6111402615797012,-0.07369286418941323,-0.6517180060451498,-0.07154718842486019,-0.6844273808157877,-0.06792721692425718,-0.712953121851212
2016-09-29,122.17,-0.0031922730621265494,0.007039371367766112,-0.0031922730621265494,-0.004338217238274544,0.5871431463648871,-0.04847343865106035,-0.17322185480312502,-0.06877302119996909,-0.34885328211384226,-0.07285749365638039,-0.44054458431749166,-0.06959428119287314,-0.5023569894705877
2016-10-02,120.86,0.006040046334601978,0.013321198080423535,-0.0018202879364553892,0.010838987257984378,0.31304289502936555,-0.023134204865133734,0.22468224818627158,-0.04851067350653815,-0.08473548015238896,-0.05986678801919565,-0.22120033121385185,-0.056801257653483095,-0.3246759499972871
2016-10-03,118.24,0.02486468200270653,0.02706359945872805,-0.004101826792963448,0.022158322056833546,-0.0770398204066719,0.0105717185385652,0.1526518124537133,-0.018665426251693207,-0.1078900728182397,-0.03683609607577776,-0.2544258149555584,-0.03369981957600343,-0.35867988703866194
2016-10-04,118.21,0.0023686659335082627,0.004229760595550358,-0.005921664833770324,0.00025378563573297264,0.3820958686331992,0.014398105067252809,0.6514443454771017,-0.012037898654937984,0.30176948276095916,-0.035373487860586916,0.07383586523175234,-0.032191297972534616,-0.0844810202393046
2016-10-05,118.52,-0.002615592305096226,0.002446844414444982,-0.007087411407357358,-0.002615592305096226,0.14794892126026382,0.014377320283496253,0.8346594897076753,-0.009129260884240709,0.5106671026501568,-0.036592980087748694,0.2604586131093687,-0.033954888063899014,0.05749094429286172
2016-10-06,116.0,0.02172413793103445,0.022715517241379324,-0.0006034482758620063,0.02172413793103445,-0.17459866561300663,0.031034482758620197,0.17563883629010624,0.016586206896549882,0.24388426832475307,-0.01298275862068965,0.030929473765382243,-0.011833333333333251,-0.12453328420940235
2016-10-09,117.46,-0.009194619444917396,0.004427038991997367,-0.009194619444917396,-0.012429763323684617,0.4063569423794924,0.007713264089902472,0.48825038096050233,0.006427720074917209,0.7849984520582989,-0.02286310233270883,0.4440999089773203,-0.02384357795561598,0.24921896917587705
2016-10-10,116.97,0.0035051722663930196,0.004018124305377402,-0.006497392493801879,0.00418910831837227,-0.2033074292727577,0.006121227665212947,0.07416881344091752,0.01383260665127617,0.3827143841936369,-0.016760707873813785,0.14656668120208538,-0.019110313185716987,0.004331025512551934
2016-10-11,117.62,-0.0017854106444482598,0.0029756844074135813,-0.0077367794592757555,-0.005526271042339825,0.14437351424758926,-0.00159836762455412,0.12230236376712011,0.008944057133138728,0.5643241109992791,-0.019456725046760992,0.3168514429280933,-0.023930170605906076,0.16820865196287627
2016-10-12,118.11,-0.008720684108034837,0.0033020066040132523,-0.017610701888070457,-0.004148674964016497,-0.2382215687322201,-0.00673948014562753,-0.17779606777269275,0.005579544492420485,0.150662012696275,-0.02021420709508115,0.0037687278425153625,-0.027338921344509215,-0.09884544496510483
2016-10-13,118.25,0.001775898520084418,0.007695560253699663,-0.0032980972515855855,-0.0011839323467230933,0.2384596679356601,-0.008608879492600918,0.066266727790955,0.0014038054968266156,0.24419720555699498,-0.01824947145877387,0.24712923800601927,-0.027613812544044936,0.13075489824799202
2016-10-16,116.85,0.011981172443303434,0.011981172443303434,-0.0008557980316644676,0.011981172443303434,0.3168753011928023,0.007120239623448432,0.34892011553204694,0.010047068891739341,0.5173284421547084,-0.002905434317501232,0.6397837238821875,-0.015053487376978758,0.5054369916031736
2016-10-17,117.53,0.001446439207011041,0.006211180124223725,-0.0015315238662469977,-0.005785756828043942,-0.22972044033397065,0.00025525397770742586,0.018602832474468478,0.0007912873308921764,0.09748636491561768,-0.005972943078363158,0.26550022401651074,-0.02041464590600972,0.16452788857294753
2016-10-18,116.82,-0.0009416195856873921,0.005906522855675611,-0.005906522855675389,0.006077726416709561,0.09259935876336844,0.007293271700050896,0.09213387239505888,0.006266050333844975,0.1328051694788328,0.002991782229070372,0.3932215977545672,-0.01384180790960432,0.28699766152301875
2016-10-19,116.05,0.004739336492890933,0.009392503231365756,-0.0007755277897458779,0.006635071090047351,0.006895204896574247,0.012598018095647978,0.0904819926163476,0.011744937526925847,0.11339969634407354,0.011852649719948483,0.398302022430324,-0.006810282924026745,0.3074124935477933
2016-10-20,115.59,0.0031144562678431242,0.0035470196383768915,-0.005882861839259457,0.003979583008910659,0.13565539400430437,0.013063413790119771,0.1516389649493286,0.013634397439222568,0.2514677531802245,0.016913227787871188,0.5791872366652857,-0.0017763935749919302,0.47078359654174795
2016-10-23,115.8,0.0018998272884283018,0.006044905008635526,-0.002763385146804742,-0.0018134715025905912,0.28540026299982135,0.00663212435233107,0.41159549978083354,0.011442141623486446,0.5401218241148109,0.01614853195164101,1.0206082763770965,-0.002089810017270821,0.8623314771823303
2016-10-24,115.27,0.002342326711199938,0.005205170469332998,-0.0027760909169775028,0.0045979005812439855,0.0570012238473836,0.009438709117723043,0.44195098982003334,0.014652554871169565,0.5855064346367345,0.021718573783291895,1.0779792241095878,0.003377577282323019,0.9494726977243395
2016-10-25,115.45,-0.005716760502381901,0.0038977912516240387,-0.008142052836725866,-0.00155911650064966,-0.20431322580944666,0.00394976180164508,0.03634559329930043,0.011598094413163507,0.19321781369796276,0.019753139887397353,0.6076018051604257,0.0031817525624371346,0.5324806355236622
2016-10-26,115.46,0.0016455915468560622,0.005629655291875979,-0.002251862116750325,-8.661008141341853e-05,-0.021818418827094344,0.0014896934003112428,-0.03247407727160778,0.009631041053176359,0.13856581827351344,0.019145158496449266,0.5241874321847322,0.004726023442462202,0.49019074020748854
2016-10-27,115.67,0.0015561511195643085,0.00786720843779709,-0.005532981758450739,-0.0018155096394917303,0.12978221151611757,-0.001348664303623015,0.047689418882647105,0.0055070459064558985,0.21179424562301463,0.014623497881905534,0.5478176486955808,0.004267888533471709,0.6627850465146177
2016-10-30,116.24,-0.0052477632484514425,0.002752924982794225,-0.006624225739848555,-0.004903647625602137,-0.11779248841590495,-0.006108052305575429,-0.11007920102491675,-0.00164315209910737,0.02369955154562864,0.006852202339986402,0.2813889572237789,0.001003670566644077,0.45009249171727883
2016-10-31,116.14,0.0030997072498708533,0.0048217668331325125,-0.005898054072670966,0.0008610297916307186,-0.2317693057229322,-0.004494575512313581,-0.2886759557651071,-0.0013087652832809438,-0.21466379174224193,0.005730153263302951,-0.05220335876913318,0.003513001549853678,0.11526273433074818
2016-11-01,118.61,-0.020824551049658524,0.004974285473400286,-0.022004889975550168,-0.020824551049658524,-0.5440345988065299,-0.023758536379732798,-0.6388154008484072,-0.023277969817049327,-0.6424444369421755,-0.016098979849928252,-0.5820996370124564,-0.01585588623780998,-0.4886900186601325
2016-11-02,116.95,0.010089781958101618,0.013253527148354038,-0.002479692176143744,0.014194100042753233,1.5695281302539938,-0.004497648567764911,0.2664736487950201,-0.007883710987603543,0.06722212423820095,-0.0019623770842238653,0.13338221085181545,8.265640587157286e-05,0.3600655257492422
2016-11-03,117.23,-0.0016207455429497752,0.00759106030879475,-0.006738889362791101,-0.0023884671159259963,0.008663401635995882,-0.00433336176746657,0.2982032662875673,-0.00948562654610785,0.0686639720736908,-0.005015780943444459,0.13309343527731743,-0.0013705251784239536,0.3636319542438067
2016-11-06,119.97,-0.015503875968992276,0.0002500625156289793,-0.015503875968992276,-0.02283904309410678,-0.10496615802383458,-0.0244727848628834,0.19757094094236582,-0.030741018587982172,-0.039651511801531925,-0.02722764024339408,-0.00673957882175491,-0.023027979217026262,0.21766089775957442
2016-11-07,119.81,0.0007511893831901872,0.009932392955512848,-0.0025039646106335134,0.0013354477923377406,0.09061330461753925,-0.016943493865287707,0.34696877393343306,-0.02596611301227114,0.08376337028037995,-0.02488106168099502,0.0868842545556987,-0.019987201958656664,0.3136349215262595
2016-11-08,117.21,-0.011347154679634874,0.006740039245798135,-0.021755822882006615,0.02218240764439905,-0.6345048136019547,0.011125330603189987,-0.5189147935797024,-0.00048630662912896305,-0.5924672764924891,-0.0020390751642350713,-0.607829780327831,0.002798396041293616,-0.5257113959080604
2016-11-09,120.33,-0.02484833374885731,0.003905925371894048,-0.02526385772459061,-0.025928696085764202,0.33055650663712144,-0.01741876506274498,-0.3398454933573709,-0.024939749023520363,-0.36671683940653743,-0.02808526551982049,-0.43882284609093236,-0.02304772985401249,-0.35242896032658866
2016-11-10,119.18,0.004027521396207323,0.015271018627286415,-0.003943614700453235,0.009649270011746758,0.3609928699236582,-0.0022654807853675907,0.04033026536102158,-0.01144487330089139,-0.060468319430168505,-0.017775633495553,-0.21670790923449357,-0.013987246182245339,-0.1528691303518127
2016-11-13,117.25,0.01637526652452026,0.019957356076759192,-0.008955223880596996,0.016460554371002134,-0.11618685405549845,0.017484008528783956,-0.017981234433222304,0.007820895522386184,-0.12698184419958713,-0.0012110874200427224,-0.2981481624611926,0.0013930348258706093,-0.2661461983638903
2016-11-14,115.99,0.013449435296146284,0.01594965083196831,-0.005259074058108437,0.01086300543150287,0.1610823994705306,0.023846883352012238,0.2242734138754947,0.019639624105524334,0.06956378070609803,0.009811190619881005,-0.15756469734191636,0.011233727045435016,-0.14841625522217994
2016-11-15,117.32,-0.00963177633822021,0.006051824070917311,-0.013296965564268515,-0.011336515513126533,0.45299103506759675,0.0057279236276841505,0.8720837192710886,0.0079526082509358,0.5855245982638273,-0.002292874190249039,0.2391176030925315,-0.0008694169792020645,0.22409069649792834
2016-11-16,118.37,-0.0073498352623131424,0.0014361747064290942,-0.00979978034975082,-0.008870490833826183,0.6344889003908554,-0.003007518796993347,1.5041497657531484,-0.002078229281069821,1.3468876566561496,-0.010931823941877417,1.0209065029666191,-0.00998282222409963,0.9822948960446343
2016-11-17,118.43,-0.001519885164232071,0.001097694840834107,-0.004728531622055221,-0.000506628388077357,-0.3813636618340154,-0.006822595626109318,0.26250200713007943,-0.0013847842607468408,0.41548393142278095,-0.010453432407329544,0.22821243229320443,-0.0105266120633849,0.20762729835033134
2016-11-20,119.68,-0.008188502673796783,0.0016711229946522188,-0.010444518716577589,-0.010444518716577589,0.2530683869262318,-0.01844919786096355,0.45477444605002537,-0.010812165775403115,0.7769488483186344,-0.019602272727273218,0.5432901439299307,-0.020184380570410054,0.49532534056965805
2016-11-21,119.48,0.0036826247070638196,0.0076163374623368085,-0.0013391362571142373,0.0016739203213926857,-0.24738894901173292,-0.012738533645799355,-0.07634860078574657,-0.009399062604621977,0.30997854672847613,-0.01633746233679334,0.16493564684655548,-0.0179248967749136,0.11854598539022287
2016-11-22,119.82,-0.003839091971290176,0.003922550492405419,-0.006259389083625444,-0.0028375897179101495,0.1450952334460187,-0.009714571857787457,-0.030632035213187025,-0.012485394758806723,0.5067987059479206,-0.01737189117008897,0.35417520960714666,-0.020013353363378394,0.27310461983236856
2016-11-24,120.74,-0.006957097896306053,0.00033129037601464795,-0.009524598310418964,-0.0076196786483352374,1.5090087906199363,-0.013119098890177927,1.3860100281963281,-0.017848269007787243,2.291726865614514,-0.023049527911214507,2.406285420839766,-0.026873171001049023,2.177214645079252
2016-11-27,120.76,-0.0019046041735674146,0.00521695925803245,-0.005548194766478942,-0.00016561775422330172,-0.6224127257880754,-0.009357403113614549,-0.15013751424160016,-0.017671414375622918,0.07074692224869139,-0.021025173898642557,0.2599625202032001,-0.026308380258363795,0.16237349564943715
2016-11-28,120.94,-0.0016537125847527756,0.0048371093104018215,-0.004713080866545316,-0.0014883413262773981,0.39864783372424517,-0.006978667107657377,0.18220420352029487,-0.01782702166363681,0.421728587050926,-0.02037787332561647,0.7763595948352477,-0.02706576263712024,0.6160313816491785
2016-11-29,119.43,0.013229506824081083,0.014318010550113058,0.0,0.012643389433140584,-0.4368917930381361,0.007686510926901979,-0.350275685077037,-0.002319350247008689,-0.28055384395905925,-0.006024449468308268,-0.007189381912995008,-0.01362304278656945,-0.09532129617263418
2016-11-30,117.66,0.015638279789223164,0.020312765595784432,-0.004589495155532863,0.015043345232024663,0.165923702267468,0.022760496345401338,-0.20851938409379356,0.015612782593912744,-0.18261312899268722,0.010326364099948693,0.16176675120402684,0.001753640432885728,0.05718376605461506
2016-12-01,117.29,0.0028987978514791735,0.008184840992411901,-0.009548981157813996,0.003154574132492094,0.1755266897937131,0.022303691704321782,-0.03901589234742997,0.01910648819165983,-0.03325474089717062,0.013108534401909289,0.2850637883183629,0.005152471083070376,0.24269746436255968
2016-12-04,117.72,0.0011892626571525788,0.007305470608222953,-0.0036527353041113653,-0.0036527353041113653,-0.06300656333594823,0.012708120965001068,0.011453240494857075,0.014466530750932405,-0.06448163289171716,0.009552327556914264,0.20011284844882105,0.0018320308075658875,0.15912177010295725
2016-12-05,118.41,-0.0023646651465247803,0.004053711679756766,-0.005742758212988752,-0.005827210539650296,0.03977501289389718,0.0016721560678989444,0.04930514813542608,0.007955409171520822,-0.03088719131908868,0.003876361793766936,0.24743502641095705,-0.003406243842018153,0.2064568111019578
2016-12-06,121.57,-0.02401908365550698,0.0006580570864522794,-0.025664226371637677,-0.025993254914863817,-0.024910743706116012,-0.02852677469770548,0.07154662001840717,-0.0192892983466334,-0.041244534333352956,-0.02285925804063549,0.20802691595359613,-0.02859532231087747,0.18354781026699718
2016-12-07,121.74,-0.000574995892886454,0.005339247576803041,-0.0038606867093806674,-0.0013964185970100074,0.39648379425698344,-0.026367668802366184,0.41203987259204267,-0.018942007557090745,0.32318165292300827,-0.023500903564974918,0.6837154031308361,-0.028226822189365564,0.6658521194761198
2016-12-08,123.31,-0.01605709188224802,0.0011758981428917625,-0.0198686237936907,-0.012732138512691615,-0.34927190687806364,-0.0321466223339556,-0.15396400768384377,-0.029875922471820804,-0.1621789326388724,-0.03409699132268318,-0.0019678738477714175,-0.03889925120968862,0.07830856974231404
2016-12-11,123.61,-0.006067470269395692,0.001456192864655037,-0.008170859962786214,-0.00242698810775821,0.38449523653251383,-0.024755278699134964,0.20918819674413514,-0.03015128225871877,0.24969327098063787,-0.03523582234447098,0.3155744068041013,-0.03911495833670453,0.5002828205230201
2016-12-12,125.4,-0.012759170653907526,0.0025518341307815273,-0.01371610845295057,-0.014274322169059106,-0.31047239295880524,-0.029282296650718354,-0.20423656247616095,-0.04172248803827949,-0.1583106549627703,-0.04724082934609286,-0.12700790364428194,-0.05072036150983561,0.03380244346407224
2016-12-13,123.65,0.012939749292357305,0.016174686615446854,-0.0017792155276991073,0.014152850788516025,0.14295217032448937,-0.004237767893247701,-0.055256414966336265,-0.024553174282250234,0.0036080557821029924,-0.030460978568540686,-0.0337899305172874,-0.03481601293974956,0.18902155180507285
2016-12-14,124.55,-0.008831794460056108,0.00586109995985562,-0.01035728623042953,-0.0072260136491367755,0.15880672449210698,-0.008093135287033704,0.09673782552353094,-0.028213568847854198,0.12926534520720723,-0.03439181051786444,0.08903921068898413,-0.039780543289174575,0.3702197847316393
2016-12-15,123.0,0.012845528455284638,0.017560975609756113,-0.004552845528455252,0.012601626016260248,-0.6097306654036785,0.008975609756096903,-0.5581438592589278,-0.010365853658538593,-0.5703320350488086,-0.019284552845528657,-0.5792527051532488,-0.02607046070460728,-0.4918253044529638
2016-12-18,123.65,-0.0033966841892438815,0.006389001213101375,-0.003962798220784491,-0.005256773150020266,0.6410981075335116,0.0031702385766267938,-0.1086123657430702,-0.010950262838659519,-0.20067252070021557,-0.022567731500202415,-0.25133846124762604,-0.029559239789729297,-0.1366168053467195
2016-12-19,124.1,-0.00048348106365825316,0.00136986301369868,-0.008783239323126413,-0.003626107977437454,-0.16418766683530606,-0.0004029008863826178,-0.1855798993936576,-0.00975825946817277,-0.3106914369144147,-0.024008863819500403,-0.36473334457596296,-0.031353746978243446,-0.2714649399608129
2016-12-20,117.9,0.005513146734520635,0.017642069550466433,-0.0025445292620865922,0.052586938083121204,-0.4544593319994762,0.04995759117896448,-0.5239503500131784,0.04714164546225397,-0.602118843688408,0.029189991518235647,-0.6402059715248574,0.020752049759683144,-0.5971402633124635
2016-12-21,117.79,0.002292214958824923,0.007131335427455587,-0.006621954325494506,0.0009338653535952979,1.186842398126878,0.04117497240852286,0.33040325121084835,0.04500382035826256,0.015408922559716043,0.02948043127599953,-0.14466046763524865,0.021164784786484203,-0.07172116949533269
2016-12-22,117.48,-0.0006809669731018264,0.006213823629553916,-0.0031494722505959194,0.002638747020769605,0.6250860082285132,0.032414027919645205,1.279469718034394,0.04439904664623562,0.7272447558544506,0.0313329928498467,0.41333053904773553,0.024023947338553953,0.4488486090230879
2016-12-26,117.55,-0.0016163334751169156,0.007911527009783148,-0.002892386218630416,-0.0005954912803062262,0.09721551616595847,0.022407486176094782,1.1369516950647953,0.03881752445767561,0.860901074197099,0.029332199064228126,0.5802581783183989,0.02260598326953067,0.5323858241403805
2016-12-27,116.61,0.011920075465225999,0.011920075465225999,-0.004459308807134854,0.008061058228282292,-0.13947575684088043,0.020186947946144507,0.705008265345398,0.041994683131804766,0.5979129168548525,0.036253323042620744,0.34514761372915026,0.030383329045536422,0.28797659227484984
2016-12-28,117.01,-0.0002563883428766678,0.008289889753012591,-0.004273139047944574,-0.0034185112383557925,0.10028506697054218,0.0038971028117247286,0.6932319544284522,0.030920434150925047,0.725388279818507,0.030860610204256123,0.48964591230610477,0.026678631456001023,0.3799152020621763
2016-12-29,117.13,0.0036711346367284126,0.007000768377017019,-0.004610262101937934,-0.0010245026893195286,-0.06087845115252033,0.0013489285409369334,0.08453968732003547,0.024195338512761344,0.5969280302725519,0.028771450525057807,0.37017534079035563,0.025917072198981428,0.26743748488920405
2017-01-02,116.46,0.00789970805426754,0.011591962905718844,-0.005495449081229564,0.005753048256912363,-0.26033240545030667,0.005976300875836449,-0.2844119902665808,0.023716297441179535,0.1802686127837001,0.03446247638674249,0.002408294322002069,0.03176484057473261,-0.06829119882827128
2017-01-03,116.74,0.0014562275141338787,0.009080006852835387,-0.002655473702244171,-0.0023984923762206956,-0.10894791588539354,0.001816001370566367,-0.3127665893158964,0.015658728799038624,-0.030210021356691596,0.03162583518930995,-0.098670945580968,0.02874478898977806,-0.15668587935552636
2017-01-04,114.99,0.017305852682842016,0.01869727802417609,-0.00034785633533340743,0.015218714670840905,-0.28371599585411256,0.015653535090006887,-0.4484436099609831,0.025106531002693888,-0.3083605565474091,0.046899730411340546,-0.346420644783182,0.043911064730266736,-0.3912785504588151
2017-01-05,116.3,-0.0112639724849527,0.003783319002579555,-0.016852966466036068,-0.0112639724849527,-0.1065942843152583,0.0014273430782449914,-0.4157179269946658,0.0057265692175387795,-0.37252161350102964,0.033637145313843764,-0.39534122848800635,0.030808254514187672,-0.4400787576221452
2017-01-08,115.0,0.00991304347826083,0.011708695652173917,-0.0006956521739129862,0.011304347826087024,0.6172156612926938,0.011513043478259766,0.1402401920909493,0.015704347826084764,-0.060003136178762184,0.04303043478260893,0.019047307296515825,0.04153913043478297,-0.07000553404877408
2017-01-09,115.06,-0.001042934121328054,0.00808273944029203,-0.0036502694246480782,-0.000521467060664027,0.00017134311831923377,0.007283156613939523,0.20402848451912958,0.012749869633232658,-0.06798687127465941,0.03955762211020386,0.04081346027623489,0.0395996291789793,-0.062209079381659094
2017-01-10,116.12,-0.006200482259731355,0.0012056493282810443,-0.010420254908715232,-0.009128487771271065,-0.10396002731925591,-0.004323114019980312,0.09277936890270477,0.001420943851186074,-0.13491331335917234,0.02651567344126793,-0.061717223919526276,0.02847915949018276,-0.13901275929168555
2017-01-11,115.78,-0.0013819312489203872,0.0015978580065640902,-0.008118846087407094,0.002936603903955781,0.34841518778178404,-0.0024702021074461955,0.4930781981551777,0.003126619450680046,0.2280454464273447,0.026295560545863017,0.29450554057760714,0.030163528531122363,0.17313631922721684
2017-01-12,116.95,-0.013681060282171975,0.004189824711415158,-0.013681060282171975,-0.010004275331338186,-0.20835322562679948,-0.011098760153912868,0.06387820778467801,-0.007618640444636671,-0.01608281144581003,0.011915348439504259,0.020619416953596925,0.018386774975060804,-0.06345545982669298
2017-01-16,116.03,-0.0009480306817202244,0.0028440920451606733,-0.004826338016030385,0.007928983883478402,0.12284285548853036,-0.002137378264242984,0.07170143911400273,0.00019822459708462858,0.14826061965069637,0.01705162457985021,0.15915312299318862,0.02574908787957142,0.052025055532745945
2017-01-17,115.95,0.005088400172488239,0.00862440707201384,-0.0018111254851229663,0.0006899525657610983,0.049754859380656935,0.00032772746873543923,0.10945025818118981,-6.037084950649696e-05,0.23345366022285674,0.014079344545062655,0.23037524572633994,0.025988213310335073,0.10605095724416946
2017-01-18,115.5,0.0008658008658009031,0.0043290043290042934,-0.0019913419913419883,0.003896103896103842,0.37289317489409735,0.005766233766232531,0.4881673079490696,0.003393939393937062,0.687929770473497,0.01497835497835509,0.620838026630415,0.029598845598845847,0.5253511274027862
2017-01-19,115.07,0.007039193534370325,0.010254627617971801,-0.0022594942209089863,0.003736855826887986,-0.407593562315855,0.008447032241243324,-0.20458612191189085,0.006065872946899642,-0.035731124401612746,0.015229860085165692,-0.0596322222162301,0.032803221227658774,-0.10122062891996397
2017-01-22,114.82,-0.00034837136387377843,0.003919177843581201,-0.001828949660337864,0.0021773210242117536,0.1988907792088559,0.009406026824593905,0.011420568989662483,0.008326075596583715,0.11708141397849237,0.013508099634210291,0.11641531685033724,0.034082331765662666,0.08914218793305362
2017-01-23,116.48,-0.01098901098901095,0.0013736263736263687,-0.01407967032967028,-0.014251373626373742,-0.17443878019427672,-0.008636675824177042,-0.18966585510447942,-0.0073145604395628006,-0.1420217577426378,-0.0022578983516481355,-0.14438659207221638,0.017413576007326403,-0.09733805941982665
2017-01-24,117.57,-0.005698732669898732,0.006719401207791131,-0.007399846899719287,-0.009271072552521797,-0.03305824081863684,-0.017062175725100936,-0.18648512969261544,-0.015258994641492496,-0.16146151715500312,-0.012065152675001856,-0.1717836799086121,0.0064897507867658355,-0.11157211042467019
2017-01-25,115.93,0.009143448632795481,0.01302510135426549,-0.0026360734926249574,0.014146467696023235,0.014335368894755396,-0.0003622875873382503,-0.1298615359862293,0.000836711808847701,-0.13702087901770932,0.0019494522556717797,-0.13881683123221555,0.01907760430144667,-0.09093958197290886
2017-01-26,115.35,0.007368877329865686,0.00940615517988741,-0.002427394885132217,0.005028175119202505,0.12565550133968206,0.005409622886865195,0.07513817190360572,0.005704377980058517,-0.027841186777612714,0.006285218899003242,-0.004712184428258159,0.02198237248952517,0.03974100789142154
2017-01-29,114.63,0.006019366657942893,0.00610660385588413,-0.010642938148826664,0.006281078251766603,0.005993561811940884,0.012213207711767371,0.06292319032177107,0.011646165925148111,-0.0048420786375861224,0.01205618075547421,0.01602484373857549,0.0254790776120275,0.04876601395533586
2017-01-30,113.87,0.0008781944322473478,0.001297971370861406,-0.011065249846316072,0.006674277685079444,0.08151816860247663,0.018635285852286465,0.16754105465989988,0.016360762272764617,0.0704584264264676,0.01776587336436286,0.11800324684345354,0.029682971809959158,0.14122251606430947
2017-01-31,113.21,0.005211553749668862,0.013770868297853678,-0.007949827753731875,0.005829873686070242,-0.05353708455003925,0.01996290080381491,0.06694807669434644,0.02037805847539742,0.011724271574431677,0.02225951771044965,0.07027677380151931,0.03254129493860991,0.08791607702446513
2017-02-01,113.64,-0.004311862020415336,0.0011439633931713544,-0.008183738120380202,-0.0037838789158747277,0.008674681095903747,0.00843013023583139,0.04074602747104761,0.014105948609642205,0.029056468264655688,0.016961457233368504,0.08199989390266782,0.025762642262114666,0.06957325748734311
2017-02-02,114.49,-0.004279849768538679,0.002969691676129038,-0.010044545375141878,-0.007424229190322262,0.47234066585717116,-0.0030570355489573098,0.4825083467965545,0.004952397589306878,0.5633573678616641,0.008057472268320431,0.587384486163574,0.015232771421085145,0.5687657475627514
2017-02-05,114.18,-0.0009633911368016612,0.009108425293396394,-0.007050271501138572,0.0027150113855314295,-0.17583546132161565,-0.001856717463655011,0.13458512027404623,0.007172884918547506,0.23315215103839382,0.010575407251707691,0.2582250027605666,0.01518362818940866,0.2660724805105654
2017-02-06,115.92,-0.007936507936507908,0.0021566597653555064,-0.00836783988957901,-0.015010351966873614,-0.2043983742175518,-0.017615596963424074,-0.1375611766239998,-0.008497239475502405,-0.03074032037384966,-0.005508109040717968,-0.040433932003780426,-0.0011243386243384723,-0.04541054998915961
2017-02-07,115.43,0.0062375465650177375,0.0062375465650177375,-0.004418262150221008,0.004244996967859294,0.06934499987361709,-0.0098934419128488,-0.06100171038108648,-0.004773455774064295,0.02501971572286754,-0.0008879840596034416,0.025843289492530674,0.002575875711109177,0.01769250212744433
2017-02-08,116.98,-0.012566250641135257,0.004103265515472687,-0.012908189434091333,-0.013250128227047298,0.12117582378135516,-0.019216960164131658,0.04351536094102193,-0.019789707642333898,0.12407344080922433,-0.013968199692255379,0.14597775445543815,-0.011292528637373733,0.1516588670129122
2017-02-09,117.6,-0.007653061224489721,0.01054421768707492,-0.009183673469387754,-0.005272108843537349,-0.030211474827130047,-0.018707482993198132,-0.01855315086865561,-0.02406462585034197,0.05584949962073038,-0.018801020408163338,0.09465639921141245,-0.016666666666666496,0.12556980513730043
2017-02-12,118.59,-0.005818365798128,0.0030356691120667634,-0.007294038283160553,-0.00834809005818371,0.09780533871321362,-0.021654439666077385,0.1296071091658435,-0.030314529049668804,0.14090199150778115,-0.026224808162577218,0.2035365304197232,-0.02459735222194115,0.24211447599469782
2017-02-13,120.0,-0.012750000000000039,0.0,-0.013291666666666702,-0.011749999999999927,-0.22309641150054405,-0.025800000000000933,-0.1248161018554872,-0.038408333333335154,-0.13478670393658654,-0.03698333333333348,-0.07820793802410819,-0.035619444444444426,-0.03037853971453741
2017-02-14,119.93,-0.002668223130159353,0.0019594763612107435,-0.0052530642875011635,0.0005836738097222405,0.31187268858293216,-0.0184274159926634,0.15031908830740726,-0.032735762528143475,0.1463352508015645,-0.03476611356624726,0.21401402943033565,-0.03425887323160748,0.2860247248166583
2017-02-15,120.72,-0.006544068919814405,0.0022365805168986785,-0.009857521537442016,-0.006544068919814405,-0.008078996439385144,-0.017395626242545648,0.09806280997785555,-0.03349900596421662,0.11060558920956787,-0.0394342279655403,0.1963012105277071,-0.039620609675281804,0.2688376385389619
2017-02-16,121.23,-0.005939123979213035,0.0004949269982676974,-0.009321125134042818,-0.004206879485275983,0.03251374051050515,-0.015359234512910214,0.1180062494324543,-0.0317248205889652,0.12133651561334569,-0.04132227996370563,0.24357837484312128,-0.042566471445461884,0.2983197848479171
2017-02-20,122.1,-0.012039312039312078,0.0009828009828010131,-0.012530712530712584,-0.007125307125307012,-0.1002671618551243,-0.01642915642915721,-0.020352188937317384,-0.033104013104015007,0.02027180896959213,-0.045630630630630886,0.09819584281607585,-0.04768495768495773,0.14011268937739207
2017-02-21,122.21,-0.004500450045004434,0.005482366418460005,-0.005155060960641444,-0.0009000900090009312,0.35989290113585426,-0.01157024793388517,0.34875991126901495,-0.027493658456756775,0.39374978324618226,-0.04351116929874832,0.48692406102246144,-0.046960150560510616,0.5074470617601738
2017-02-22,122.48,0.00089810581319405,0.00183703461789686,-0.0061234487263226445,-0.002204441541476254,0.0814242524633133,-0.010140431090791213,0.31930972358523113,-0.024501959503594573,0.4390822104569363,-0.043280535597649106,0.5644783512486551,-0.047098846070106726,0.6071822417801003
2017-02-23,123.43,-0.011585514056550283,0.0,-0.0148262172891519,-0.007696670177428477,-0.005549554378035504,-0.013627157093090148,0.24135236458672904,-0.02629830673256306,0.36659327119121676,-0.04865510815847096,0.5051537989755943,-0.05242917713143769,0.5726941895095119
2017-02-26,122.79,0.0017916768466488264,0.0052121508266145256,-0.002524635556641397,0.0052121508266145256,-0.13815413132598042,-0.004071992833293625,0.008041872500307967,-0.01597035589217566,0.13795103088948113,-0.04064256046909409,0.25502625960069203,-0.04550587724298949,0.3276716606436949
2017-02-27,122.5,0.0020408163265306367,0.004816326530612258,-0.0046530612244897185,0.002367346938775494,-0.03754142831362062,0.0008326530612232652,-0.05560242568684348,-0.009404081632655048,0.06640280495105944,-0.03533469387755139,0.18312045076296846,-0.04133877551020426,0.26959966236700206
2017-02-28,124.07,-0.006689771902957942,0.0017731925525914516,-0.012976545498508907,-0.012654146852583148,-0.07145175018618999,-0.011187233013622455,-0.16265549526545375,-0.018787781091321287,-0.022728907330567094,-0.044370113645523124,0.07771172465155862,-0.0519787216893689,0.16255376458488513
2017-03-01,124.35,-0.0028950542822677727,0.0006433453960597024,-0.006353035786087591,-0.0022517088862082923,-0.009023066914929267,-0.01042219541616518,-0.1361836791929637,-0.017724165661441416,-0.06738954176146972,-0.04242058705267415,0.055870344285144924,-0.051958182549256215,0.14336695281534184
2017-03-02,123.64,0.004933678421222831,0.004933678421222831,-0.005297638304755714,0.0057424781624069166,-0.10650574579457384,-0.001714655451311442,-0.18512522897687322,-0.008508573277258624,-0.16927407089204072,-0.032416693626658444,-0.07012603678420148,-0.04424943384018121,0.01585699879087965
2017-03-05,123.24,-0.0020285621551444644,0.0015417072379098062,-0.005761116520610177,0.003245699448231054,0.17024081914558775,0.0018662771827318014,0.028031791721121913,-0.002921129503410058,-0.01925417667346685,-0.025219084712756024,0.07914901638919569,-0.03894568862923309,0.19753020138174215
2017-03-06,124.14,-0.004108264862252353,0.0019333011116480225,-0.008216529724504595,-0.007249879168680584,-0.32944259532024756,-0.004672144353150776,-0.3007231605423797,-0.008530691155149484,-0.3457153153685938,-0.028761881746415807,-0.2736007037555189,-0.043719456527576694,-0.2089044293352208
2017-03-07,124.46,-0.0028121484814397357,0.002651454282500465,-0.005463602763940201,-0.002571107183030663,0.24745079216215715,-0.004595854089668561,-0.03915878331491307,-0.009440784187692675,-0.15669848594460278,-0.02725775349509918,-0.0780381508577741,-0.04368203974503215,-0.007222636427670848
2017-03-08,123.18,0.009660659197921806,0.009660659197921806,-0.004302646533528187,0.010391297288520729,-0.07245608857982322,0.0063809059912309785,-0.08405708591541461,0.0026790063321948665,-0.19163807666482768,-0.01368322779672071,-0.1527419458308208,-0.03158521404990022,-0.08829916931468107
2017-03-09,123.93,-0.0022593399499717393,0.0032276284999595006,-0.006939401274913326,-0.006051803437424397,0.2107634464113819,-0.001597676107481516,0.15469373235232142,-0.0028241749374665615,0.025255346020071512,-0.016525457919793873,0.024909706540430898,-0.03593695365663452,0.09404901159191104
2017-03-12,124.04,0.00153176394711374,0.005723960012899099,-0.004595291841341553,-0.0008868107062237618,-0.13548107815799382,-0.0020154788777828614,-0.018920096139082077,-0.003305385359563373,-0.092010285395553,-0.014596098032893079,-0.11810905133610317,-0.03464205095130646,-0.06811128962726631
2017-03-13,123.91,0.0020982971511580573,0.0066177063998063,-0.0022597046243241214,0.0010491485755790286,0.3721747634003518,0.00032281494633057406,0.3977700940010236,-0.001250907917038413,0.2799441141403265,-0.010963602614801449,0.2116657585777546,-0.03129152879778363,0.27233537330849256
2017-03-14,124.8,-0.011137820512820529,0.0015224358974359475,-0.014182692307692313,-0.007131410256410287,-0.220243033269789,-0.007179487179488686,-0.013301018306526635,-0.007243589743591516,-0.007583797143377202,-0.015885416666667207,-0.0638331385490809,-0.03572115384615426,-0.022292945936193798
2017-03-15,124.1,0.006365834004834925,0.008783239323126635,-0.003948428686543104,0.005640612409347323,-0.0432270476319665,-0.0010314262691392129,-0.06337996412639901,-0.0010556003223224364,-0.04095186026709974,-0.008400483481064147,-0.11511438949345265,-0.027346226161697906,-0.06840159613388785
2017-03-16,125.22,-0.004072831816003819,0.0018367672895704956,-0.01110046318479474,-0.00894425810573396,-0.5260145012533288,-0.008497045200448694,-0.5628381707046879,-0.010190065484748656,-0.539230343155782,-0.01560453601661127,-0.5780690699301003,-0.033146994622797576,-0.5605336675543507
2017-03-19,124.39,0.006672562103062996,0.008039231449473494,-0.0017686309188841287,0.006672562103062996,1.0390903832235923,0.00019294155478566388,0.12815671586921784,-0.002315298657450171,0.04942663953631543,-0.007227269073077025,-0.08125308383331664,-0.023592464560388438,-0.07209914448447463
2017-03-20,124.64,0.003530166880616248,0.006177792041078378,-0.008103337612323513,-0.002005776636713752,-0.2988311378153019,-0.0012516046213109089,-0.20748746338862278,-0.003393774069321398,-0.2503994603674756,-0.007950898587933852,-0.35032792241167543,-0.02290329482242226,-0.3432426109278278
2017-03-21,126.48,-0.01146426312460469,0.0003953194180899011,-0.015891840607210717,-0.01454775458570523,-0.24921849187994005,-0.014626818469324787,-0.33075638700874344,-0.01749683744465702,-0.425217851144708,-0.02137887413029793,-0.4993847379572437,-0.034361163820367246,-0.49758858471582224
2017-03-22,120.76,0.016147731036767032,0.018631997350115892,-0.0018217952964557638,0.0473666777078503,-0.3973906740215484,0.034829413713148405,-0.5348552012923264,0.030713812520700268,-0.6238432802634,0.02674312686319924,-0.679133035749036,0.01429281218946632,-0.6890437290799827
2017-03-23,118.98,0.015128593040847127,0.019583123213985587,-0.0018910741301059186,0.014960497562615638,0.8017969141218948,0.04469658766179019,0.08796929818121257,0.04409984871406758,-0.20125807786037153,0.041380904353672365,-0.3499987594917866,0.030960385498963072,-0.3996916451012331
2017-03-26,119.39,-0.005528101181003442,0.0034341234609263083,-0.00912974285953605,-0.0034341234609263083,0.26479945693591467,0.030655833821926493,0.3341967070335765,0.03636820504229643,0.07489061869600566,0.035941033587402194,-0.13781932232262362,0.027978334310522657,-0.2211679933739351
2017-03-27,121.35,-0.012608158220024701,0.008158220024721885,-0.01925010300782859,-0.016151627523691703,-0.433849971384499,0.0057684384013168,-0.21327248029953738,0.015797280593323304,-0.37533146213154933,0.017807993407498612,-0.49879625455087984,0.01186650185414062,-0.5533847898717019
2017-03-28,120.98,0.005620763762605341,0.006034055215738077,-0.006860638122003659,0.003058356753182334,1.2616925544529125,0.0034055215738122424,0.9676328870826754,0.016787898826250425,0.572230039672192,0.020445528186476603,0.21087043068682587,0.015721606877169503,0.058317507097205956
2017-03-29,120.52,0.003070029870561042,0.003982741453700589,-0.0038997676734151554,0.003816793893129944,0.20097260055425226,-0.0018918021905094395,1.180899172954693,0.017499170262195163,0.9054988960254948,0.023058413541320544,0.4679895895499606,0.0198694545856839,0.26902893575281994
2017-03-30,119.88,0.006923590256923573,0.011094427761094483,-0.00033366700033354846,0.005338672005338774,-0.03430225950686194,0.0030363697030346692,0.6223719567604271,0.019944944944943144,0.8329432362917211,0.026922756089422295,0.4208184714935608,0.025478256033811375,0.22676102795666409
2017-04-02,117.64,0.003060183611016676,0.004505270316218946,-0.00544032641958514,0.019041142468548156,-0.4632729112182079,0.023665419925193776,-0.22350870575119886,0.03482658959537366,-0.08003459279452052,0.04487844270656183,-0.23766409819718815,0.044766519324492604,-0.34040792648176177
2017-04-03,118.04,-0.006438495425279633,0.0002541511352083248,-0.006438495425279633,-0.003388681802778737,1.3171554892148363,0.017231446967127972,0.893298141737052,0.025601491019991096,1.2298980326848947,0.038965604879701354,0.8286641879576613,0.040212357392973797,0.5680600780397107
2017-04-04,117.64,0.005100306018360978,0.012325739544372771,-0.0012750765045903556,0.003400204012240726,-0.11111309700600058,0.015062903774224479,0.28075192989557385,0.023478408704520115,0.901749141173471,0.03990564433866006,0.5988092866285899,0.04259888926668909,0.38635451903524065
2017-04-05,116.81,0.007447992466398379,0.009588220186627971,-0.00042804554404585193,0.007105556031161697,-0.07195670606234161,0.016556801643692998,0.13622886503184217,0.02318294666552312,0.6484787799016687,0.04437548155123672,0.4772634625197947,0.04870302200154075,0.2922111989353118
2017-04-06,117.44,-0.0037465940054495217,0.0025544959128065425,-0.008004087193460463,-0.005364441416893739,-0.1488127074190837,0.004785422343322354,-0.03128195375073506,0.014330722070842628,0.192743446470512,0.036060967302451896,0.25143935140737694,0.041467983651225726,0.10835686436051528
2017-04-09,117.84,-0.0028852681602172803,0.006109979633401208,-0.0039884589273591065,-0.0033944331296673624,0.043215478712827826,-0.002766463000680952,0.037022988560519554,0.009580787508483901,0.17749670877214574,0.02979039375424275,0.31585193525064237,0.03623840235347342,0.1701217880655752
2017-04-10,116.08,0.0008614748449347065,0.006202618883528688,-0.002498277050310027,0.015161957270847681,0.005685385161972478,0.012698139214333048,-0.09734224580991468,0.02355272226050764,0.1487017499223433,0.04273345968297715,0.32495725069586046,0.05052837123822629,0.18590079663645942
2017-04-11,115.58,0.004066447482263369,0.0070946530541617925,-0.0009517217511679776,0.004326007959854605,0.09929565087041503,0.013687489184978086,0.050182109714098644,0.02342100709465078,0.10850803174480039,0.04385706869700612,0.47250128949481973,0.053221433927438166,0.3124337951568634
2017-04-12,114.86,0.00435312554414069,0.008967438620929746,-0.0003482500435313396,0.006268500783562558,0.1353229865133203,0.01645481455684994,0.2124924149660603,0.025134946891866017,0.23943184561546982,0.0463869057983628,0.6717712766998631,0.05735968425329352,0.493810231694241
2017-04-16,115.72,-0.007258900795022449,8.641548565502255e-05,-0.007258900795022449,-0.0074317317663324944,0.5741103226452511,0.005530591081919889,0.8725374516528541,0.012625302454197351,0.934595373224133,0.034618043553404476,1.6168756895272316,0.04676806083650176,1.3497740019668378
2017-04-17,116.24,-0.006366139022711548,0.0010323468685478066,-0.007312456985547056,-0.004473503097040532,-0.4095285215837373,-0.0019270474879579114,-0.019633377671940178,0.004516517549894461,0.09509024052009596,0.02590330350997916,0.45838229616033055,0.039814177563661124,0.3713923838672162
2017-04-18,116.95,-0.004959384352287266,0.003505771697306592,-0.008123129542539576,-0.006070970500213879,-0.09464426328593589,-0.010722530996154278,-0.14258989560127067,-0.002778965369818698,-0.09729268842856509,0.016190679777682515,0.3139712970982762,0.0315063417414847,0.24410729256794084
2017-04-19,119.21,-0.013086150490730586,0.005452562704471253,-0.015351061152587886,-0.01895814109554561,-0.41618277079603605,-0.028017783742976587,-0.5052950469257453,-0.022598775270533444,-0.45977117054451166,-0.006299807063166019,-0.24669667275176077,0.009940441238150965,-0.27829818955539987
2017-04-20,119.23,0.004277446951270525,0.006290363163633295,-0.0016774301769688638,-0.000167743017696953,0.418493823128097,-0.022091755430682314,-0.1728019842985481,-0.02144594481254969,-0.1639204219286815,-0.009515222678856294,0.05822598374684884,0.00830327937599562,0.04361956900516173
2017-04-23,119.36,0.004859249329758786,0.0096347184986596,-0.0020945040214477295,-0.0010891420911527394,0.25262724225117195,-0.015834450402146816,0.11211016167608112,-0.020484249329761117,0.07526730448576013,-0.011234919571045832,0.2192919154365225,0.006101988382484214,0.3120267518864108
2017-04-24,118.69,0.005813463644788852,0.010531637037661135,-8.425309630122335e-05,0.005644957452186405,0.08186602089514539,-0.00414525233802554,0.29953662196177744,-0.013337265144496513,0.14782349938740036,-0.005493301878844337,0.2717886525784132,0.010497935799140379,0.4224439152020929
2017-04-25,118.98,-0.002101193477895391,0.004034291477559071,-0.004874768868717405,-0.0024373844343588136,0.2312908954915298,-0.0024541939821841607,0.596152939101164,-0.015027735753910698,0.3904818025534531,-0.008211464111615663,0.5287780020902579,0.0065361125119065555,0.7454060586288052
2017-04-26,120.49,-0.011370238194040927,0.0010789277118434804,-0.011370238194040927,-0.012532160345256838,-0.21244739268905266,-0.011586023736411821,0.1969092893606259,-0.024964727363268935,0.05953783244932476,-0.021624201178521263,0.10603301040295254,-0.007441834730406494,0.3738299748972087
2017-04-27,121.3,-0.009150865622423732,0.00041220115416318315,-0.010469909315746095,-0.006677658697444411,-0.18912805695673296,-0.01607584501236825,-0.16959042462773855,-0.027427864798023616,-0.14407056684998965,-0.028359439406430598,-0.11184418943532215,-0.015254190711734172,0.11293014956404801
2017-04-30,121.25,0.000989690721649561,0.0036288659793815015,-0.0012206185567009697,0.0004123711340207059,0.2819231173353747,-0.01225567010309514,0.04770640302400242,-0.02171546391752799,0.13023448648531155,-0.027637113402062097,0.15008579152581603,-0.015617869415807673,0.43177335095229896
2017-05-01,120.68,0.005054690089492775,0.008534968511766605,-0.003894597282068424,0.004723235001657278,-0.2838052893624451,-0.004458070931391278,-0.2626021694074332,-0.012512429565796124,-0.16222409301887641,-0.02247679814385184,-0.17948360081153525,-0.012064965197215893,-0.007585141327319134
2017-05-02,120.3,0.0010806317539484578,0.004738154613466383,-0.005278470490440501,0.003158769742310996,0.5306877703426169,0.0019950124688254967,0.2138583377734351,-0.005702410640068711,0.3231650180129111,-0.01812551953449726,0.2213257661516148,-0.00997229149348855,0.5273968936499642
2017-05-03,120.82,-0.0005793742757821407,0.001407051812613913,-0.004966065220989857,-0.004303923191524506,0.13130867668724067,-0.00013242840589544613,0.39645100927914134,-0.00720907134580584,0.4697404343960532,-0.02141615626551896,0.38398855433481316,-0.015430668211664611,0.6967675036402949
2017-05-04,121.52,-0.005019749835418086,0.0,-0.006212969058591145,-0.005760368663594528,-0.09277032654083361,-0.005348913759054441,0.2144315091229929,-0.011603028308099783,0.206096593655545,-0.02574473337722183,0.24556368623659797,-0.02265470704410788,0.48634123235629256
2017-05-07,121.11,-8.25695648584146e-05,0.0033853521591939995,-0.002889934770043734,0.0033853521591939995,0.12766065038375896,-0.0016183634712267914,0.2696969398457083,-0.006366113450584465,0.2995154662668509,-0.020502022954339116,0.39364809637611065,-0.019136872815346928,0.5578775916392427
2017-05-08,121.07,0.0018997274304122236,0.004625423308829646,-0.0013215495168084068,0.00033038737920221273,0.3912285141813483,-0.0015197819443319993,0.6916450510323882,-0.004592384570911712,0.7545501557330692,-0.018662757082679393,0.8984322536023266,-0.01822637041931663,1.0934398415350923
2017-05-09,121.2,-0.0010726072607261106,0.0014026402640263669,-0.005280528052805322,-0.0010726072607261106,-0.1855858121662728,-0.0019471947194743544,0.13912726428516153,-0.003696369636966179,0.3654638101304253,-0.018382838283828362,0.5009469370018276,-0.018817381738173822,0.6546133228961422
2017-05-10,120.8,-0.00041390728476820016,0.0008278145695364003,-0.00935430463576159,0.0033112582781458233,-0.2677721270978013,0.0028476821192029433,-0.21149596757935984,0.0014403973509908852,-0.013120976977989196,-0.01301324503311263,0.07311547946086194,-0.015609823399558409,0.13577781240590014
2017-05-11,120.96,-0.004794973544973491,0.0044642857142858094,-0.004794973544973491,-0.001322751322751281,-0.2230964662537006,0.0014880952380929013,-0.3639089036590414,0.00037202380952128244,-0.24060904444675846,-0.012161044973544866,-0.17164012187492328,-0.01696152998236311,-0.1261270848307372
2017-05-14,122.25,-0.010552147239263898,0.0023721881390592614,-0.012187321063394707,-0.010552147239263898,0.3324831481144106,-0.009995910020452192,-0.07962166945768823,-0.01046216768916397,0.005430731995936577,-0.020089979550102166,0.11853275929850127,-0.027214723926380247,0.17065496035696492
2017-05-15,123.14,-0.0036543771317200102,0.0013805424719830484,-0.007471171024849732,-0.007227545882735109,-0.18713805816010787,-0.015299658924803339,-0.22891289188062813,-0.016802013967843865,-0.19001630815770088,-0.024520870553841,-0.0769280144072968,-0.033604027935682845,-0.05346294276434205
2017-05-16,120.44,0.014613085353703203,0.02183659913649949,-0.0008302889405512603,0.022417801394885473,-0.04255170645797379,0.010212553968778959,-0.16632526386579416,0.007281634008632576,-0.24715476205108566,0.00021172367984068075,-0.11176380082631998,-0.010417358574116964,-0.11915674737304793
2017-05-17,120.4,0.00382059800664436,0.005232558139534937,-0.00822259136212633,0.0003322259136211425,0.15697413983120145,0.009285714285711899,0.059426076728285926,0.007732558139532442,-0.10278596873295431,0.0019933554817277432,0.030014972264742923,-0.009424141749723058,0.02905235586317212
2017-05-18,120.98,0.0002479748718795527,0.001901140684410496,-0.006530004959497515,-0.004794180856339869,-0.10109504413320947,0.0037857497106936755,-0.035478042050498204,0.002554141180358238,-0.17471811264902437,-0.002318565052074506,-0.11462276081142653,-0.013412685292334636,-0.07396518040273059
2017-05-21,122.71,-0.009045717545432264,0.0010594083611767946,-0.012142449678102851,-0.014098280498736737,0.14523366978017238,-0.010333306169018508,0.08661652641512885,-0.012020210251815211,-0.030112175088294446,-0.01567109445032977,0.0022338031040944895,-0.026189117974628306,0.06297683562206058
2017-05-22,122.15,0.005812525583299255,0.007531723291035464,-0.002865329512894088,0.004584527220630186,0.298531964715012,-0.005042979942695647,0.4299737732030433,-0.0061809250921018855,0.2859038604242863,-0.00978714695047056,0.29483920047307355,-0.020286532951289238,0.36909510648115784
2017-05-23,121.95,-0.012464124641246355,0.0016400164001639794,-0.013530135301353052,0.0016400164001639794,-0.2743709646112479,-0.005034850348505593,-0.03214753376351209,-0.00366543665436847,-0.048268102040836425,-0.00674456744567431,-0.07211553146186866,-0.017501708350416645,-0.020264840065673084
2017-05-24,123.1,-0.0028432168968317573,0.0037367993501218333,-0.007311129163281804,-0.009341998375304583,0.42373558977754455,-0.011876523151911123,0.3431488843562991,-0.012363931762796265,0.40312641156352846,-0.01481722177091771,0.3367815580014084,-0.025090712158136852,0.38867632632028837
2017-05-25,122.89,0.0004068679306696854,0.0017902188949467934,-0.0030108226869558496,0.0017088453088127675,0.0073780349075307505,-0.005793799332738714,0.27628953099099696,-0.008804622019694341,0.38453396566903275,-0.012071771502970008,0.32606360428522363,-0.021384978435999513,0.3833231822350598
2017-05-29,123.77,-0.009372222671083397,0.0016159004605316163,-0.011472893269774631,-0.007109962026339178,0.03067898380008094,-0.00977619778621841,0.20254683557209496,-0.014292639573404098,0.35803459915304536,-0.018453583259271045,0.32809748353244905,-0.02618028062804656,0.41547278590787884
2017-05-30,124.47,-0.0037760102836024156,0.001044428376315576,-0.007592190889370909,-0.005623845103237768,-0.4829511758426511,-0.013641841407570077,-0.41885181426750584,-0.018614927291718764,-0.31288360560367956,-0.022961356150076218,-0.3238303232037594,-0.02950108459869838,-0.2655611681047385
2017-05-31,125.29,-0.002873333865432204,0.0,-0.011413520632133523,-0.00654481602681789,0.3958652087920289,-0.01639396599888454,-0.06445592238357567,-0.023976374810441792,-0.015931150586017795,-0.02784340330433399,-0.057258038659992905,-0.03366323462899401,0.03703941002435096
2017-06-01,125.74,-0.002942579926833111,0.0019087004930811169,-0.006752027994273768,-0.0035788134245267056,0.07725596243110688,-0.014601558772071144,-0.006591429228227308,-0.023612215683157634,0.03883498608832148,-0.02933831716239854,0.019544634576381892,-0.03491066221303196,0.11181613180971106
2017-06-04,126.58,-0.004582082477484595,0.0031600568810239427,-0.009005372096697717,-0.00663611945015008,-0.09433492042736158,-0.016969505451099987,-0.06539176095646138,-0.02587296571338482,-0.06956451062891489,-0.03383630905356305,-0.07129208427238531,-0.03959551271922879,-0.026867390901173738
2017-06-05,126.33,-0.0011082086598590557,0.0053035700150398934,-0.002533048365392143,0.0019789440354627263,0.2883315815169387,-0.009182300324548587,0.27475118371478,-0.019512388189664054,0.1828334765836872,-0.029921633816195836,0.20418077423898384,-0.03575556083273945,0.23854429893320872
2017-06-06,126.55,-0.0037139470564994115,0.0017384433030422919,-0.00806005531410503,-0.0017384433030422919,-0.07747557880725597,-0.006858949032004791,0.19311647817999633,-0.018356380877125877,0.06687713464506073,-0.02954563413670508,0.11061087721265639,-0.035595943632292903,0.13053624234209416
2017-06-07,126.17,0.006340651501941741,0.006578425933264631,-0.005151779345327734,0.003011809463422388,-0.22930177743812363,-0.0005706586351765797,-0.17581573752103719,-0.01191249900927549,-0.1698747700171398,-0.02445113735436344,-0.13122428619003712,-0.030614779001875703,-0.13349896952960982
2017-06-08,125.82,0.0014306151645206988,0.007312033063106016,-0.0066762041010967055,0.0027817517087904697,0.1034778556808329,0.003608329359400475,-0.06706400852942562,-0.005809887140361458,-0.07883820266300945,-0.019762358925449086,-0.020979971710254564,-0.026013352408202017,-0.034378778855358894
2017-06-11,126.3,-0.006096595407759309,0.0012668250197940267,-0.012430720506729998,-0.0038004750593824133,-0.18119628157747758,-7.917656373890303e-05,-0.222257909541699,-0.0074346793349190365,-0.2243766413667715,-0.021500395882818824,-0.19638120536373627,-0.028308260754816295,-0.21046270345025841
2017-06-12,127.07,-0.004957897222003571,0.003856142283780617,-0.007790981348862802,-0.006059652160226636,-0.0319649410679137,-0.006579050916819207,-0.21374527386812148,-0.010765719682067298,-0.21051049003049616,-0.02532855906193443,-0.22219524640386712,-0.03288476167991383,-0.2373492906745196
2017-06-13,127.25,0.0043222003929273,0.005893909626718985,-0.0043222003929273,-0.0014145383104126052,0.3075623074505718,-0.006821218074657853,0.12696382286661279,-0.009571709233794135,0.08929829414972046,-0.024813359528487178,0.034785727907345354,-0.0327282252783232,0.006203464703412376
2017-06-14,127.03,-0.005904117137684017,0.002597811540580919,-0.019916555144454118,0.0017318743603873532,-0.152502131793798,-0.003999055341259661,-0.02480074044835734,-0.005667952452179104,-0.11298033650700867,-0.021506730693536924,-0.1302960791839043,-0.029329029887952718,-0.15993255048432198
2017-06-15,127.56,-0.0003135779241142389,0.0034493571652556287,-0.008074631545939126,-0.0041549074945124165,-0.2593945160639902,-0.006788962057072689,-0.27320726165324605,-0.00843524615867286,-0.3331581488597106,-0.022989181561618,-0.3572672503376799,-0.03160342845197006,-0.3729618550335274
2017-06-18,127.77,0.005478594349221266,0.005478594349221266,-0.002974094075291478,-0.0016435783047663577,0.39689631557578964,-0.005697738123191631,0.11289232905385083,-0.00864052594505993,-0.011986271367974366,-0.021793065664866496,-0.0786932554115245,-0.03143669614672173,-0.10198676120526351
2017-06-19,126.53,0.006322611238441356,0.008772623093337595,-0.001185489607207768,0.00980004741958429,-0.09904980624398496,0.006370030822728356,-0.017123601570416702,0.0020153323322509298,-0.10250558862619086,-0.009523433177902496,-0.1713755828381225,-0.020298216496746346,-0.18519108829831354
2017-06-20,127.11,-0.0003146880654552042,0.0005507041145464964,-0.008496577767288183,-0.00456297694909924,-0.27667185294342433,0.0009283297930910983,-0.2938154800692582,-0.002399496499097653,-0.3249448350607451,-0.012540319408386402,-0.39381951634106893,-0.02334723205622402,-0.40209414468433236
2017-06-21,122.08,0.007290301441677638,0.014908256880733939,-0.024410222804718273,0.041202490170380024,-0.6251484957360367,0.04193971166448085,-0.7031519812797287,0.03916284403669468,-0.7283478575826223,0.030176933158584607,-0.7625032690635158,0.01854248580166029,-0.767576715653816
2017-06-22,122.74,-0.004888381945575948,0.007169626853511524,-0.008310249307479145,-0.005377220140133643,1.276459009695082,0.028271142251913295,0.015990979369629787,0.030242789636627743,-0.209711583416603,0.024690402476780227,-0.37210875569518964,0.01330454619520971,-0.4067493383168561
2017-06-25,122.34,0.006620892594409122,0.01397743992153,-0.0004904364884747991,0.0032695765898316242,0.4554584720014334,0.02375347392512528,0.5436990358993126,0.031093673369296138,0.2222286012725061,0.027893575282001093,-0.040533038270489485,0.017146204566508727,-0.11135561172169561
2017-06-26,122.19,0.0025370324903839503,0.005319584254030563,-0.0015549553973319696,0.0012275963663148648,0.1840321739778059,0.01612243227759902,0.8729282246761954,0.0291185858089833,0.45920526483273183,0.028930354366151212,0.1633002475789398,0.01877131243691532,0.0561067139707192
2017-06-27,123.74,-0.007758202683045057,0.0007273315015354775,-0.012526264748666582,-0.012526264748666582,0.28231241133458695,-0.0036204945854223514,1.385343314215464,0.012283820914819055,0.8585033422989945,0.015403264910295977,0.5160906417364559,0.005993750336727777,0.362796248352099
2017-06-28,122.99,0.004146678591755437,0.004146678591755437,-0.0030896820879745546,0.00609805675258146,-0.35713161458029063,-0.003024636149281834,0.41958205627479317,0.015602894544269441,0.18979323093547107,0.021298479551183247,-0.042619398539381126,0.012290972165758918,-0.1295251345337839
2017-06-29,123.68,-0.003072445019404957,0.005821474773609392,-0.004285252263906858,-0.005578913324709056,0.17334372428185674,-0.007115135834412922,0.14140937062723347,0.006670439844758125,0.41747251092031923,0.01467092496765865,0.14047075799349917,0.007330746011211753,0.02732484739203933
2017-07-02,123.93,-0.0008875978374890403,0.007665617687404147,-0.0011296699749858696,-0.002017267812474799,0.8525898347801963,-0.007601065117406436,0.8674721539883834,0.0015089163237287373,1.5713690992782805,0.01179294763172778,1.1340285500985559,0.006180908577422706,0.9118790237631702
2017-07-04,124.05,-0.0004030632809350898,0.005884723901652622,-0.0004836759371221744,-0.0009673518742441267,-0.06951717515025713,-0.005997581620315828,0.5289062723428979,-0.0025554212011308364,1.3258738848306866,0.009746070133010987,0.9588183231706857,0.00600026870885384,0.7550362930194077
2017-07-05,122.94,0.003334960143159149,0.005612493899463056,-0.0074019847079875856,0.009028794533918916,-0.31524423427360504,0.006002928257685225,-0.04446803598373972,0.004433056775660527,0.5396853896451923,0.01793557833089343,0.3365465782877215,0.015446559297218165,0.1917405849144247
2017-07-06,124.21,-0.005313581837211201,0.004347476048627286,-0.009178004991546529,-0.010224619595845752,0.02689114942808546,-0.005571210047501718,0.003742872898120142,-0.009194106754691789,0.5113648896231935,0.006074390145721198,0.3804165445079377,0.005276011056544183,0.2320348698343615
2017-07-09,124.06,-8.060615831051443e-05,0.0024987909076252812,-0.00378848944059329,0.0012090923746572724,0.45172536715333633,-0.0024020635176543736,0.3345635799870317,-0.0062792197323895405,0.6715359747271894,0.006500886667741623,0.9947917082809634,0.00709871567521092,0.7849849983661588
2017-07-10,123.85,0.0016955995155429893,0.002018570851836987,-0.005248284214775856,0.0016955995155429893,-0.056638534264396245,-9.689140088964265e-05,0.11564642317462503,-0.0035284618490128983,0.3944951568541475,0.007496972143722358,0.8590638758937081,0.009064728838649172,0.6808883026461854
2017-07-11,125.47,-0.009324938232246782,7.97003267714036e-05,-0.010759544114130826,-0.012911452936957057,-0.3162631825673462,-0.013134613851918386,-0.22297624486745826,-0.015190882282619445,-0.10814685387456724,-0.0064876065991871235,0.24691616377751102,-0.0037087218724262128,0.14869888064422665
2017-07-12,125.73,-0.00023860653781915264,0.004931201781595451,-0.002306529865584994,-0.0020679233277658415,0.17750173152923643,-0.012916567247277522,-0.004614065910726106,-0.014618627217054536,0.03863752134871978,-0.00917839815477628,0.4561072363626393,-0.005318274609613205,0.36513722211168176
2017-07-13,126.7,-0.004025256511444364,0.002052091554853863,-0.007655880031570583,-0.007655880031570583,-0.022512181502823525,-0.016069455406473643,-0.05287448104202819,-0.020591949486979177,0.01446272200621368,-0.017363851617995474,0.41911405126298074,-0.012601946856090507,0.3164965562503197
2017-07-16,126.42,0.002768549280177224,0.004983388704318914,-0.0021357380161366457,0.00221483942414169,-0.12590928919521893,-0.00995095712703864,-0.1857212867523338,-0.01548805568739331,-0.15984280782221771,-0.015317987660180665,0.22938573903506043,-0.010043242103042749,0.14825607086028603
2017-07-17,127.37,-0.008793279422155909,0.001570228468241952,-0.014838659024888123,-0.007458585224150105,0.22205433925019258,-0.013629583104343368,0.08089864776358557,-0.02067990892675098,0.009376582153160173,-0.023109837481353868,0.4731320159258663,-0.017248959723639712,0.4080988979633695
2017-07-18,127.78,-0.002191266238848022,0.0017217091876662316,-0.008295507904210409,-0.0032086398497417346,-0.2786321322951282,-0.011285021130069017,-0.1972826882347538,-0.021130067303179345,-0.2540685182019191,-0.02640084520269237,0.052082680499635936,-0.02019617050138256,0.011234160038710694
2017-07-19,128.54,-0.0049789948654114236,0.0017107515170373677,-0.006923914734712877,-0.005912556402676183,0.3744605663751026,-0.013536642290339351,0.13439242739090518,-0.02401587054613541,0.08243548542985546,-0.031671075151703976,0.4435925796162954,-0.02561329806545276,0.4052381844101871
2017-07-20,128.85,-0.0024058983313931526,0.0008149010477300767,-0.006519208381839392,-0.0024058983313931526,-0.06237804950574122,-0.01154831199068862,0.05702001559833558,-0.022017850213428503,-0.0012263440820629024,-0.03344586728754395,0.3081617412590698,-0.027442762902599727,0.31785879145184026
2017-07-23,128.01,0.0020310913209906634,0.003827825951097541,-0.0032809936723692257,0.006561987344738673,0.001208432145769489,-0.0017029919537554505,0.0596923516622605,-0.011975626904150216,-0.007053648489715014,-0.024459026638544157,0.11337222885697407,-0.020362992474546093,0.3125823815016313
2017-07-24,128.95,-0.0054284606436602045,0.0027917797595968796,-0.009848778596355023,-0.007289647150058198,0.10176976221983147,-0.006514152772394199,0.13724960232519479,-0.016114773167896557,0.12285115028921223,-0.029526948429624,0.1624997969453077,-0.026938089698849588,0.4427089620219
2017-07-25,129.51,-0.00393791985174885,0.0007721411474019835,-0.005984093892363318,-0.004323990425449842,-0.00925837088079251,-0.008370010037836662,0.1216693665347992,-0.016431163616711042,0.1261209611076619,-0.031171338120608683,0.1200870189060923,-0.030463542068823513,0.41375894892286924
2017-07-26,128.16,0.012016229712858761,0.012016229712858761,-0.005774032459425649,0.010533707865168385,-0.22961840739294248,0.004775280898874579,-0.19881622888021944,-0.0029182272159820055,-0.15165074174056892,-0.018110174781523547,-0.15141021074120653,-0.019616104868914075,0.0761224024933076
2017-07-27,128.4,-0.003271028037383217,0.0010124610591899508,-0.008489096573208732,-0.0018691588785046953,0.8494013996004921,0.0023052959501537185,0.5595989046604843,-0.002889408099690516,0.6027354384665247,-0.018224299065421,0.5856687788551849,-0.02121235721703041,0.9971050817462523
2017-07-30,128.82,-0.00248408632199959,0.0026393417171246547,-0.0048905449464368145,-0.003260363297624469,-0.284342888303603,-0.0016612327278392458,0.03640141352212267,-0.0048206800186324505,0.10791701143200849,-0.019325415308182214,0.08576758177013422,-0.02404906070485968,0.40688689151152513
2017-07-31,129.86,-0.005852456491606484,0.00023101801940539346,-0.007007546588634117,-0.008008624672724673,-0.542845527352761,-0.008409055906362761,-0.5365357199224077,-0.010942553519176612,-0.505669957190395,-0.0252002156168184,-0.5138223348012918,-0.03154166024949978,-0.3701214809463067
2017-08-01,128.62,0.0083968278650286,0.009485305551236278,-0.0006997356554191425,0.009640802363551693,1.628426013280873,0.002565697403201339,0.5010989027656858,0.0005286891618700995,0.4376743152523761,-0.013497123308972347,0.36242162070335837,-0.02166329756906671,0.6895308719124802
2017-08-02,130.02,-0.006152899553914848,0.0019996923550222867,-0.01561298261805888,-0.010767574219350928,-0.6296689908289862,-0.00959852330410893,-0.46077494420830845,-0.00959852330410893,-0.49445531974410817,-0.022361944316259263,-0.49559533512368537,-0.03166179562118687,-0.3840317335315041
2017-08-03,130.2,-0.0010752688172042113,0.0036098310291858837,-0.005069124423963123,-0.001382488479262478,1.7745606994521892,-0.008110599078342884,0.7242043497572648,-0.009831029185869644,0.5511207910916474,-0.02099462365591409,0.46262559514996604,-0.03225550435227875,0.7169015836898389
2017-08-06,129.68,0.001156693399136488,0.005166563849475558,-0.002313386798272754,0.00400987045033907,0.3466103099966631,-0.0013571869216552068,1.3531846485438281,-0.004819555829736477,1.0381472604824036,-0.014759407772980015,0.937774429210328,-0.02628778531770548,1.0528785204555264
2017-08-07,129.13,0.0014713854255401504,0.005885541702160602,-0.001470611012158285,0.004259273600247804,-0.1334082032582058,0.004228297064971631,0.924411626965904,0.0007124603113124461,0.6925420461313923,-0.008386896925579035,0.6634067937636687,-0.020349002297426644,0.692166544662032
2017-08-08,129.62,-0.004706063879031164,0.0012343774108933836,-0.00540040117265872,-0.003780280820861015,-0.0963582667459908,-0.0006943372936291103,0.35011635665615937,-0.002931646350873507,0.4882938301390034,-0.010098750192871653,0.49161550041579427,-0.02230622846268615,0.4873826435750199
2017-08-09,128.24,0.007641921397379736,0.012008733624454093,-0.0003898939488460318,0.010761072988147102,-0.32431755655681505,0.011618839675606507,-0.09903673659751322,0.007883655645662735,-0.016515284012514897,0.002171709295071267,-0.014380047360866954,-0.009853919733832872,-0.013481597462242312
2017-08-10,128.2,0.003666146645865842,0.003978159126365233,-0.0006240249609983373,0.0003120124804993907,0.6289678089229123,0.009157566302650633,0.1493650782165752,0.008260530421215329,0.5752967490557572,0.0034633385335409717,0.6094893673212451,-0.008374934997400052,0.6092184553010243
2017-08-13,129.69,-0.006245662734212343,0.001387925052047212,-0.008173336417611199,-0.011488935153057378,-0.222335228175901,-0.00552085742925601,-0.1311684018472956,-0.0034775233248532933,0.22306601563983652,-0.007487084586321524,0.22886761704204805,-0.018428560413293438,0.21434584792212052
2017-08-14,129.38,0.0002318750966145977,0.003246251352604812,-0.0049466687277784915,0.0023960426650178057,0.23350401782383345,-0.003122584634411729,0.1530486355362679,-0.0004173751739078302,0.49454483461071974,-0.0038452620188593745,0.49047634333783896,-0.014528262997887453,0.4727778481492215
2017-08-15,130.03,-0.0028454971929554596,0.0035376451588096103,-0.004845035760978167,-0.00499884642005699,-0.4045658694234908,-0.007721295085751145,-0.3079669214166676,-0.005783280781359701,-0.22959549612192454,-0.00805198800276874,-0.12514356163024842,-0.018057371375836406,-0.12449977287058855
2017-08-16,127.59,0.01794811505603877,0.01912375578023351,-0.0002351281448389475,0.01912375578023351,0.2350418761751456,0.01189748412884839,-0.05358823345513053,0.014334979230345768,-0.009142002566100094,0.011799514068500327,0.06965136895886648,0.0022833555398802385,0.09418931251019491
2017-08-17,127.44,0.0022755806654111144,0.006669805398618944,-0.0013339610797238333,0.0011770244821092124,0.2403200828062324,0.012068424356558305,0.13686515419732803,0.013622096672942563,0.07124984074202745,0.01261770244821081,0.3232249561397609,0.004679326218874236,0.3473040098189959
2017-08-20,128.17,-0.005305453694312234,0.0010922992900055384,-0.007099945385035333,-0.005695560583599879,-0.01631364673096536,0.005118202387452753,0.14292115239407455,0.005695560583598436,0.052246794796945384,0.006300226261995778,0.282103523971883,-0.00020285558242971735,0.3090826671233482
2017-08-21,129.31,-0.005800015466707942,0.001237336632897712,-0.010208027221406013,-0.008816023509396143,0.3385647911289591,-0.0060938829170229525,0.5012977919302455,-0.004338411569099088,0.44305814170366586,-0.0025094733585956375,0.6912328971238098,-0.007957621220323174,0.7517013005010904
2017-08-22,128.36,0.0024929884699282923,0.00607665939544999,-0.0006232471174821841,0.007401059520099729,-0.3782021835654017,0.0011530071673397924,-0.09149334699978418,0.0031707697101881482,-0.11177882637409065,0.005013244001246475,0.03084456204618391,0.0008024306637579581,0.08013170588536367
2017-08-23,128.67,-0.0006217455506333236,0.003197326494132291,-0.00310872775316684,-0.002409264008704226,0.40422548922383794,-0.00385482241392876,0.20436232360056383,-0.00022538276210615216,0.2769670624006608,0.0021450221496854827,0.44425964322983735,-0.0008600813450426736,0.5023563898651582
2017-08-24,129.39,-0.000541000077285636,0.0030141432877348606,-0.0016230002318570191,-0.005564572223510256,-0.1225230777582541,-0.00772857253265502,-0.017958778968444333,-0.005456372208054616,0.06447218733958526,-0.0032344076049148907,0.2274722520044099,-0.005662467475590294,0.30192621344341775
2017-08-27,129.24,0.0036366450015474783,0.005106778087279551,-0.001702259362426517,0.0011606313834724435,0.2526142526142525,-0.003559269575984514,0.22790682790682792,-0.0033813060971851217,0.34806954806954793,-0.001694521819869954,0.5434851434851435,-0.0038146084803466485,0.6141226474559809
2017-08-28,129.66,-0.009177849760913181,0.002506555606972105,-0.010566095943236209,-0.003239241092086953,-0.1459088137174014,-0.005136510874596878,0.00012418498267030564,-0.006956655869198025,0.11535256065334631,-0.0047663118926422054,0.2933199753338218,-0.006316520129569514,0.34997232741789186
2017-08-29,129.79,-0.0010786655366360476,0.0013098081516296212,-0.00539332768318046,-0.0010016179983048934,0.018771192966610784,-0.00559365128284306,0.05563905849063011,-0.007735572848448946,0.1378744253916211,-0.0058402034055012875,0.217751363702414,-0.006723681845031582,0.3616658589012127
2017-08-30,130.76,-0.005812174977057105,0.0012236157846436946,-0.007112266748240836,-0.007418170694401982,-0.4263979684425825,-0.010783114102173585,-0.4338305418384836,-0.015279902110738708,-0.3865671850372283,-0.012767665952890805,-0.30572094235036573,-0.01357958600999265,-0.23768003968883789
2017-08-31,130.1,0.006533435818601108,0.006533435818601108,-0.00176787086856256,0.005073020753266766,0.3109917044974213,-0.0025518831667964426,-0.13939650513185253,-0.00784780937740337,-0.16725134757750115,-0.007475019215987699,-0.1407442789298945,-0.00800666154240326,0.006988471271091479
2017-09-04,129.77,0.0025429606226399226,0.00477768359405073,-0.005162980658087513,0.0025429606226399226,-0.37452914666068604,0.0010788317793002378,-0.43915224298897126,-0.0032750250443107642,-0.46830995368816697,-0.004989596979271038,-0.457546995296787,-0.005162980658087513,-0.3733949651228843
2017-09-05,131.12,-0.006940207443563162,0.0019829164124465226,-0.008160463697376441,-0.010295912141549679,0.5763157436360269,-0.0084197681513134,0.07031191031763906,-0.012316961561929629,-0.08713141727625373,-0.015199816961561918,-0.09684638276542112,-0.014958307911328239,0.0023500310411481706
2017-09-06,134.24,-0.02041120381406447,0.004395113230035719,-0.021454112038140627,-0.023241954707985735,-0.2600846794210868,-0.029290822407629702,-0.17185301867338754,-0.03392431466031165,-0.29637329591018446,-0.03734728843861734,-0.3209930022530263,-0.03731376638855788,-0.2591487506523593
2017-09-07,133.72,0.00516003589590186,0.009347891115764284,-0.0005608734669457771,0.0038887227041579653,-0.038527114741473634,-0.018860305115167453,-0.11695423439366615,-0.025770266227940652,-0.2981701834910807,-0.031876308704755885,-0.3270051911348212,-0.032391065908864314,-0.28035690983292694
2017-09-10,136.23,-0.011818248550245825,0.00022021581149522795,-0.019232180870586313,-0.018424722895103773,0.3068554360669109,-0.03259194010130073,0.17504381361370847,-0.04001321294869131,-0.01804803003676625,-0.047702415033399004,-0.10916205339203144,-0.04885854804374956,-0.05789352782059509
2017-09-11,136.22,0.002495962413742392,0.0053589781236234035,-0.0015416238437822027,7.341065922772394e-05,0.005066656217881382,-0.023520775216562928,0.19775463639733926,-0.03492145059462781,0.011924515563164428,-0.044685068271912765,-0.08772018554631567,-0.04687270591689929,-0.04240225613388904
2017-09-12,134.78,0.008384033239352995,0.010313102834248244,-0.004229114111885979,0.010684077756343724,-0.4611815979622872,-0.0035168422614645367,-0.4055933812013073,-0.01943166641935179,-0.4333553336325894,-0.032055943018251876,-0.5045957509973216,-0.0348592768462187,-0.4832223898951067
2017-09-13,134.86,-0.00266943496959815,0.00281773691235343,-0.006376983538484482,-0.0005932077710218975,-0.06438526803364597,0.001319887290522015,-0.3509544878112376,-0.016216817440310227,-0.4118584591989396,-0.03062805872756924,-0.5072254166624881,-0.034215729892728586,-0.5204161554903803
2017-09-14,135.35,-0.002585888437384498,0.0022164758034726173,-0.00967861100849654,-0.003620243812338275,-0.11396393885712952,-0.0013889915035107947,-0.3605335582207079,-0.01603250831178582,-0.4212269771146401,-0.03235315847801967,-0.5451433670475911,-0.03617534786356358,-0.5573717257440307
2017-09-17,136.94,-0.01058857893968157,0.0029940119760478723,-0.01058857893968157,-0.01161092449247847,0.48754762415926733,-0.010603183876151556,0.07419860035439751,-0.02410544764130429,-0.07054435735823295,-0.040755075215422765,-0.28039118300173993,-0.046068837933888385,-0.3395226983124999
2017-09-18,136.71,0.002121278618974376,0.007899934167215239,0.0,0.0016823933874623442,0.04918710683828742,-0.007899934167216793,0.196740022533322,-0.017460317460318953,0.015866240654365704,-0.03566673981420532,-0.21908871161256127,-0.04282056908785026,-0.2900391958772678
2017-09-19,138.01,-0.014491703499746378,0.0010144192449823564,-0.014491703499746378,-0.00941960727483504,0.19108761669553975,-0.016535033693212187,0.4975708106858101,-0.021686834287371837,0.20678977709281132,-0.04165640171002083,-0.04246253554486956,-0.050138878825205735,-0.13057179959359178
2017-09-20,136.66,0.009439484852919566,0.010683447973071969,-0.0006585687106688276,0.009878530660032192,-0.004650845322898722,-0.00209278501390453,0.3828996364020443,-0.006980828333090883,0.22348400378245503,-0.029006292989901983,-0.02105550025359193,-0.03858968730181955,-0.11969975517671216
2017-09-21,137.9,-0.008846990572878854,0.0007251631617113397,-0.010152284263959421,-0.008992023205221189,0.0461520660226602,-0.008455402465556427,0.3129339200068382,-0.01415518491660761,0.27537420241903776,-0.034728063814358334,0.03620965446932001,-0.04553299492385787,-0.06534317655001642
2017-09-24,138.16,-0.0015923566878980333,0.0007961783439491832,-0.0065141864504921765,-0.0018818760856976757,-0.2211391031514286,-0.006629994209613632,-0.12316296569034402,-0.01298494499131575,-0.017227493028827756,-0.03320425593514764,-0.17630353513231323,-0.04499855240301087,-0.2704417152892995
2017-09-25,136.84,0.012130955860859327,0.013592516807950705,-0.0006577024261912312,0.009646302250803762,-0.1539564545122959,0.004735457468574733,-0.26044321687361893,-0.0020534931306650517,-0.14119058037066623,-0.02067377959660921,-0.2823253155801131,-0.03336012861736337,-0.36721834084232086
2017-09-26,136.64,0.004976580796252961,0.006586651053864134,-0.0038056206088992184,0.0014637002341921779,-0.2506542184997138,0.00639637002341753,-0.41843094623363686,-0.00013905152224957806,-0.3242138826092148,-0.016459309133489475,-0.43761438529197405,-0.0302010148321622,-0.5130464689015444
2017-09-27,136.32,-0.025894953051643244,0.00997652582159625,-0.02970950704225339,0.0023474178403755097,-0.08500131048759796,0.006748826291077981,-0.3789579727922523,0.0035724765258200453,-0.362657320327205,-0.011590375586854607,-0.4534538000725772,-0.026149256651017083,-0.5329857381742329
2017-09-28,135.07,0.013622566076848974,0.01850892130006665,-0.0017028207596060385,0.009254460650033325,0.2820847946012792,0.015562301029094172,-0.0685529099762332,0.013940919523208528,-0.1540126598941124,-2.59124898200902e-05,-0.25252613676984903,-0.015584511734656026,-0.3779930531402367
2017-10-01,135.44,-0.0015505020673362013,0.002953337271116352,-0.0060543414057885325,-0.00273183697578272,0.24169421453522766,0.008608978145302482,0.2610590227923155,0.010964264619018005,0.03539965465507122,-0.0011665682220910467,-0.047337128928523486,-0.016432860799369897,-0.2058537939831807
2017-10-02,134.25,0.004394785847299909,0.012811918063314609,-0.004394785847299798,0.008864059590316664,0.05197157070214309,0.013497206703908748,0.3426978965127496,0.01880819366852715,0.09594864364548705,0.009675977653631262,0.024637140759097953,-0.0057281191806329845,-0.1461268460100733
2017-10-03,135.16,-0.004735128736312433,0.0038472920982539627,-0.005183486238532153,-0.006732761171944324,0.15622925284714784,0.0028410772417857277,0.5181833519373737,0.010128736312516873,0.27428606995119176,0.004535365492749355,0.18681883221344298,-0.010922856861004138,0.006288515227346192
2017-10-04,136.22,-0.005285567464395791,0.001101159888415859,-0.00697401262663333,-0.0077815298781382936,0.3162370181158203,-0.007135516076936077,0.795130743118341,0.00017618558214493873,0.6889807030263455,-0.0017985611510791255,0.5814300238631398,-0.01718788234718338,0.3491888773120919
2017-10-05,136.25,-0.000660550458715603,0.005284403669724824,-0.003889174311926591,-0.00022018348623853434,0.3058858476155095,-0.00750091743119452,0.9397588038476639,-0.00036697247706596325,1.1788900462500327,-0.0012917431192659423,1.0483634573799798,-0.015481345565749427,0.7650930212690581
2017-10-08,136.99,-0.00540185414993799,7.299802905325059e-05,-0.007007810789108726,-0.00540185414993799,0.2603458937465304,-0.01113949923352242,1.0424687899448206,-0.006971311774583877,1.6826658988041494,-0.005763194393751392,1.5370457773817736,-0.018955154877485114,1.2304476915062947
2017-10-09,137.52,-0.0037812681791740133,0.003490401396160525,-0.004908376963350891,-0.0038539848749272743,-0.43891606858706156,-0.012696335078535959,-0.03747557845461291,-0.011649214659687712,0.4247779821720641,-0.009318644560791123,0.405345221579972,-0.020893930579794717,0.24702922234779012
2017-10-10,136.91,0.0020451391425024834,0.0044554817033088945,-0.0036520341830399428,0.0044554817033088945,-0.31870885058808074,-0.003520560952452345,-0.3994801146104108,-0.0067489591702595275,-0.07112631009758807,-0.0044299174640271,-0.03980627396842318,-0.014515618532856212,-0.14028711508921277
2017-10-11,139.2,-0.015948275862068928,0.003232758620689724,-0.021982758620689657,-0.016451149425287248,-0.07799752742480004,-0.01739942528735816,-0.4146231481362207,-0.022895114942530492,-0.18665216729815637,-0.020043103448275645,-0.12219245909823773,-0.028991858237547796,-0.19019678360974845
2017-10-12,139.2,0.002729885057471515,0.005747126436781658,-0.007183908045977017,0.0,0.7024258143441209,-0.013117816091955836,0.13953731242435619,-0.020826149425289042,0.3032149982278185,-0.01848419540229873,0.4820057183973787,-0.02673850574712655,0.41267175047682936
2017-10-15,139.09,0.0024444604213098575,0.0034510029477317072,-0.006973901790207737,0.0007908548421884376,0.160745932677278,-0.00809547774822228,0.37930563811285034,-0.017082464591273494,0.40090475915285206,-0.016323962901718336,0.6505168430640864,-0.02394612600953827,0.6324971196677163
2017-10-16,138.65,0.0018752253876668235,0.00454381536242332,-0.0026685899747566078,0.003173458348359137,0.004511377960591867,-0.0019184998196916103,0.44650948716247596,-0.011330688784711329,0.3233315227006348,-0.012426974395961188,0.6219197475065792,-0.01868734222863333,0.6381397108147755
2017-10-17,137.42,0.005894338524232268,0.008805122980643398,-0.00043661766846148087,0.008950662203464077,-0.08718962568673305,0.008659583757821165,0.27531773132234383,0.0007204191529601722,0.13927359116036042,-0.002881676611846795,0.4510904144085721,-0.007749963615194311,0.4743584971956627
2017-10-18,138.62,-0.008440340499206611,0.00036069831193175084,-0.012840859904775681,-0.008656759486365684,0.17264793258333877,0.0006636848939529649,0.3382227969155931,-0.0063122204588098585,0.2910019884127615,-0.011726302120905974,0.6863572544517367,-0.014824700620401199,0.7297696755218104
2017-10-19,139.49,-0.0022940712595886925,7.168972686200092e-05,-0.007025593232489968,-0.006237006237006293,-0.012531884866777476,-0.006409061581477249,0.09932081216197663,-0.01078930389275401,0.25186210543846976,-0.01718761201519803,0.6412891858803731,-0.01992257509498907,0.6899980618286405
2017-10-22,139.33,0.0030144261824445184,0.006032440967487229,-0.0020096174549630863,0.001148352831407351,-0.09834988019605961,-0.004851790712698256,-0.050711908076985446,-0.007327926505420579,0.13487322121774548,-0.015488408813607912,0.4617687118738285,-0.01741668460967971,0.5060058503489178
2017-10-23,138.91,0.003095529479519188,0.003743430998488284,-0.006191058959038154,0.0030235404218559303,0.24938099309361927,-0.0014973723993969568,0.19668332437772218,-0.0026419984162424637,0.4595248067686317,-0.012090562234540081,0.7874234007239644,-0.013701917308568956,0.8774888027431325
2017-10-24,141.16,-0.015301785208274299,0.0005667327854916859,-0.017710399546613798,-0.015939359591952362,-0.48393547436415185,-0.017044488523662693,-0.40211741994278183,-0.017554548030605188,-0.2718030088579003,-0.02710399546613762,-0.11359285762514504,-0.028787664116368794,-0.0373743318921923
2017-10-25,141.97,-0.002747059237867111,0.006621117137423305,-0.004437557230400735,-0.005705430724801008,0.19782668076684207,-0.01738395435655571,-0.20554423777412556,-0.02016623230260073,-0.14267190183999146,-0.031062900612805477,0.02283137319532247,-0.03283087976332988,0.14078465542823704
2017-10-26,143.28,-0.004466778336125188,0.002303182579564522,-0.009003350083752082,-0.00914293690675605,-0.1697623564349411,-0.021691792294808998,-0.2885444416102598,-0.02719151312116308,-0.3264913113471931,-0.03795016750418756,-0.19896269546723788,-0.04001954215522041,-0.07152525680809618
2017-10-29,143.29,0.0006978854072161589,0.0034196384953590897,-0.008095470723707199,-6.978854072159368e-05,0.1037398437649304,-0.016470095610302327,-0.12161351234316709,-0.024412031544422175,-0.22489124187722598,-0.03515248796147674,-0.13787064344069544,-0.03824179403075312,0.0038820733953990327
2017-10-30,142.36,0.005760044956448329,0.00653273391402065,-0.0014400112391121933,0.00653273391402065,-0.0487900583400358,-0.004481595953921502,-0.10886628435424706,-0.015088508007869095,-0.23203483376326484,-0.026092301208204605,-0.1915089044150966,-0.0304720427086258,-0.050289010335795914
2017-10-31,142.96,-0.004896474538332529,0.0016088416340234168,-0.010422495803021903,-0.004196978175713406,0.09473967267478045,-0.003833240067153465,0.07653389405178301,-0.016627028539453304,-0.12003990847552726,-0.027343312814773535,-0.12171531695251081,-0.03322374556985608,0.03767697595168906
2017-11-01,143.43,-0.006483999163354959,0.0024402147388968842,-0.010458063166701503,-0.0032768597922331333,0.2996047341070436,-0.004587603709128141,0.36189702396196965,-0.015986892560832744,0.1735632343423359,-0.027811475981314948,0.13723252055496182,-0.03524134885774688,0.34988172302117904
2017-11-02,144.04,-0.0042349347403497495,0.004512635379061436,-0.006525270758122703,-0.0042349347403497495,0.18637976737328787,-0.0067758955845613755,0.5587496950347921,-0.016814773673980987,0.4097611317913694,-0.029425853929463952,0.34616222801967944,-0.03776034434879161,0.5909476347921272
2017-11-05,143.93,-0.005627735704856529,0.0019453901201973434,-0.011394427846870059,0.0007642604043631707,-0.10252394110401097,-0.00496074480650488,0.26035173172530435,-0.012902105190024549,0.26302585464603156,-0.025977905926492073,0.21017431434209488,-0.03560295514022982,0.4147984612856439
2017-11-06,143.5,0.006829268292682933,0.006829268292682933,-0.0039024390243902474,0.0029965156794424797,0.15906419272921468,-0.0010871080139388534,0.35861360271163645,-0.006738675958189666,0.46163523383504423,-0.02064111498257848,0.421218329080183,-0.03137282229965099,0.6145543637738498
2017-11-07,144.89,-0.0077990199461660525,0.0007591966319278054,-0.01304437849402984,-0.009593484712540401,0.06300112462109198,-0.009096556008007517,0.2835235148422677,-0.013099592794535098,0.5594534788361869,-0.027972944992753157,0.48925279314005965,-0.03913313548208919,0.671390764866473
2017-11-08,143.83,0.005423068900785699,0.0062573871932141145,-0.005979281095738087,0.007369811583118668,-0.062484386467703046,0.0008899395119221776,0.07115224377126728,-0.0032329833831622468,0.37306799509056243,-0.0180351804213309,0.34034323392911725,-0.030139748313981474,0.4977214975129549
2017-11-09,143.89,-0.0025714087149903975,0.0012509555910764636,-0.008304955174091244,-0.00041698519702537684,0.39708301990682826,0.0010285634859945603,0.43225348418271015,-0.002355966363195683,0.8449116516619373,-0.01683577732990471,0.7867607560389247,-0.02880441077675011,0.9855848737297646
2017-11-12,143.92,-0.002153974430238792,0.002501389660922726,-0.0052807115063924215,-0.00020844913841022716,-0.3665180802970629,0.0006114508060017787,-0.14949395492422368,-0.00214007782101322,0.0694785469846031,-0.015411339633129462,0.10563124488461906,-0.026964054104131274,0.20314001999461673
2017-11-13,144.96,-0.010692604856512244,0.0037251655629138014,-0.01510761589403975,-0.007174392935982432,-0.19622681495675365,-0.0065811258278163365,-0.3199700432242939,-0.008864514348787433,-0.17840534806815223,-0.020809188741721885,-0.1112444424330995,-0.03199503311258245,-0.0552279945369909
2017-11-14,144.26,0.001039789269374758,0.005129627062248732,-0.004055178150561334,0.004852349923748944,0.010553696805558843,0.00026341328157331034,-0.2539644544040477,-0.0022528767503133817,-0.1944667128828942,-0.013870788853459048,-0.09168821781786152,-0.02482323582420587,-0.05871210283277972
2017-11-15,147.04,-0.014145810663764857,0.0016322089227420733,-0.016594124047878078,-0.018906420021762793,-0.1211870354795136,-0.019504896626769908,-0.2870669458445818,-0.020232589771492226,-0.3051828282055957,-0.03018906420021783,-0.19667143072799953,-0.04119740660137783,-0.1793198894005844
2017-11-16,145.45,0.006462701959436323,0.009212787899621988,-0.004812650395324747,0.01093159161223789,-0.2021258124310753,-0.0043726366448968434,-0.3724058127439249,-0.007040220006876763,-0.42782945008877105,-0.016693021656926765,-0.34558365987001105,-0.028236507390855148,-0.34032387745684634
2017-11-19,146.57,-0.0081872143003342,0.001910350003411443,-0.01153032680630417,-0.0076414000136454385,0.595421509496824,-0.00985194787473731,0.20523821140392529,-0.013665825202976323,-0.010972430105084974,-0.022173705396738796,0.08113481478338835,-0.03356985285756464,0.07910754873193704
2017-11-20,148.01,-0.0068238632524828535,0.003107898114992347,-0.010810080399972888,-0.009729072359975666,-0.07467335279283938,-0.01590433078846165,0.13214374786391891,-0.021478278494698078,-0.07824863290811845,-0.029241267481926903,0.002841594001422587,-0.0408148098101474,0.009889862890537282
2017-11-21,147.11,0.0050302494731830905,0.008259125824213065,-0.0005438107538577874,0.006117870980898443,0.37060238980900984,-0.005737203453199946,0.5390901760824445,-0.012426075725649244,0.2987725740890643,-0.020209367140235246,0.3949472338209963,-0.03256973239979122,0.3822556826079584
2017-11-23,147.63,0.0036577931314771828,0.0036577931314771828,-0.005622163516900258,-0.003522319311792921,1.098383601902817,-0.0053783106414700965,2.0538523739549865,-0.014400867032447584,1.7345176956987371,-0.02164532954006626,1.8365543406972011,-0.03367427577953841,1.8238756472095616
2017-11-26,147.5,0.003389830508474523,0.004067796610169427,-0.000474576271186411,0.0008813559322033981,-0.5546276528482045,-0.0037016949152557377,0.14742082404958157,-0.010955932203391305,0.1670988032741909,-0.018864406779660836,0.21290153689380764,-0.030917514124293333,0.20171986968114664
2017-11-27,148.04,-0.00020264793299107353,0.003039718994866325,-0.009410970008105757,-0.0036476627938394346,-0.2979104071557146,-0.004566333423400737,-0.3195192903265667,-0.012125101323967713,-0.15828368557928096,-0.021017968116725072,-0.1748001499427071,-0.03258353598126573,-0.1620811265501565
2017-11-28,146.95,0.01095610751956455,0.01095610751956455,-0.011704661449472575,0.007417488941817041,-0.023869241681013342,0.004817965294316329,-0.302995235578134,-0.0019938754678475723,-0.15457161000564068,-0.012140183735964594,-0.20005379676428814,-0.023377566065554523,-0.17409896543644465
2017-11-29,148.01,-0.0068238632524828535,0.003986217147490034,-0.008175123302479381,-0.007161678264982152,-0.30458967214512933,-0.0038105533409920067,-0.49830676806415986,-0.007796770488481819,-0.4063983260814249,-0.01766434700358077,-0.44868253275694003,-0.028502578654594712,-0.41947868728356175
2017-11-30,146.57,0.007709626799481395,0.0122125946646654,-0.005628709831479783,0.009824657160401262,0.439107062159644,0.007204748584292764,-0.11838385026949516,0.004509790543766101,-0.09277310515208337,-0.006290509654090171,-0.18688574893401422,-0.0165495440176473,-0.14339773458663285
2017-12-03,147.15,0.0023785253143051577,0.005572545022086262,-0.00727149167516139,-0.003941556235134258,-0.06101712996321984,0.001794087665645705,-0.04174579037428372,0.00023105674481671556,-0.15139779528339037,-0.009140332993543998,-0.22729895307631165,-0.018624985842110697,-0.18582570829549194
2017-12-04,147.67,-0.002911898151283121,0.005485203494277835,-0.00599309270671089,-0.003521365206202942,0.5008623752093395,-0.0022076251100441313,0.545066163084337,-0.00213990654838625,0.2409435592758764,-0.011576488115392136,0.1870063321856439,-0.020351685063542013,0.23937505852214702
2017-12-05,148.27,-0.003574559924462095,0.0014156606191406684,-0.006744452687664437,-0.004046671612598751,0.025982445165893875,-0.006744452687666103,0.5079122888972165,-0.005436028866258935,0.2582439445795839,-0.01431510082956755,0.2145542393626343,-0.022441042242754783,0.2686614897335242
2017-12-06,148.6,-0.004037685060565233,0.00040376850605650105,-0.009152086137281246,-0.002220726783310756,-0.10673193828674443,-0.007173620457606056,0.26710923497783234,-0.007469717362047046,0.09980760462849414,-0.014899057873485666,0.08751251192235521,-0.022512337371017654,0.13649435151121314
2017-12-07,150.53,-0.009499767488208355,0.00039859164286193405,-0.012024181226333641,-0.012821364512057398,-0.12070047019424668,-0.019119112469276778,-0.03684541881733161,-0.019205473991896538,-0.017804481447113107,-0.0262970836378128,-0.034588307870958346,-0.03339755087579366,-0.01658465291661937
2017-12-10,150.69,-0.0009290596589023314,0.0029862631893289304,-0.003716238635609548,-0.0010617824673170295,-0.1246903048398661,-0.014904771384964266,-0.18069438268187699,-0.01832238370164041,-0.08310902177168322,-0.02510783728183652,-0.14369361329674968,-0.03253036034242418,-0.14306976934916205
2017-12-11,152.1,-0.009796186719263522,0.004602235371466312,-0.01406969099276778,-0.009270216962524613,-0.14455622335366913,-0.019381985535833368,-0.3091681276996763,-0.025325443786983537,-0.18843064567954748,-0.03190992767915801,-0.2446017256363311,-0.03987508218277369,-0.2724724128933198
2017-12-12,151.42,0.0025756174877824556,0.008783516048078255,-0.0066701888786157015,0.0044908202351077176,0.4518816635335874,-0.009126931713117514,0.11816676664967574,-0.018267071721042027,0.2028807004404678,-0.024861312904503663,0.12374347031631783,-0.0336239158191336,0.05989938244315063
2017-12-13,151.21,0.004166391111698919,0.007935983069902619,-0.00039679915349510875,0.001388797037232825,-0.009736829050500995,-0.003584419019908025,0.13621639051493206,-0.013947490245355465,0.16783845123524155,-0.021370941075325445,0.1061354983133247,-0.030284593170644913,0.03596892879584623
2017-12-14,152.66,-0.0007860605266606369,0.0015721210533212737,-0.013101008777675838,-0.00949823136381489,-0.5390941421021599,-0.009629241451593495,-0.47138981990934736,-0.021217083715447393,-0.49674147126669366,-0.028389886021223054,-0.49275338832856175,-0.03769378575483551,-0.5267798638923828
2017-12-17,151.72,0.00876614816767729,0.013379910361191572,-0.0009227524387027675,0.006195623517005089,0.5361621772559158,-0.0006854732401810892,-0.03318200816980277,-0.011138940152914611,-0.15986189310413856,-0.02051805958344277,-0.188767772657504,-0.029703840407767856,-0.24505191594633546
2017-12-18,152.22,-0.001708054132177006,0.003744580212849735,-0.00807975298909469,-0.0032847194849560113,0.10344707304973344,-0.0026146367100265966,0.09534369961552769,-0.011384837734858766,-0.0643341401308446,-0.02167586388122411,-0.11161819906517423,-0.03120921473306104,-0.15175158711087677
2017-12-19,151.75,0.0028336079077431187,0.007380560131795777,-0.0008566721581548808,0.0030971993410213727,-0.3506950812225679,0.0006326194398664775,-0.3047954045651735,-0.005324546952225284,-0.37154622817814886,-0.016784184514003098,-0.41591340118107034,-0.026387699066446224,-0.4431961583496934
2017-12-20,154.2,0.01361867704280173,0.027496757457847076,-0.0018806744487678273,-0.015888456549935093,-0.3034193353016219,-0.014837872892349169,-0.44640223468094054,-0.018871595330740565,-0.5224527761940219,-0.031193255512321327,-0.5772849691499913,-0.04007349762213497,-0.5983041515637697
2017-12-21,153.89,0.012281499772564874,0.013711092338683617,-0.0005848333225029201,0.0020144258886216626,1.509228245115914,-0.008967444278382142,0.7136151804192299,-0.013256221976737703,0.3652647622231362,-0.026938072649294598,0.151406999478767,-0.036123204886606586,0.06944047349372062
2017-12-25,152.99,0.0009804562389696958,0.003137459964703604,-0.003464278711026836,0.005882737433819063,0.20093631042190085,-0.0015295117327945862,0.8360694771386408,-0.00525524544087963,0.6450549537622445,-0.019167919471860695,0.4229294036468563,-0.02826110639039514,0.2959912531790865
2017-12-26,153.32,-0.0005217845030001111,0.0029024262979389093,-0.0031959300808764857,-0.0021523610748759303,-0.10417174386772698,-0.0020219149491275124,0.5545134049938363,-0.005896164883903987,0.44594762457972603,-0.019488651187059558,0.27949704950537213,-0.028374206452734363,0.17265539784355988
2017-12-27,153.57,-0.0007162857328903982,0.002181415641075768,-0.0037767793188773213,-0.0016279221202057936,0.5034091101097655,-0.0022139740834815624,1.2706279396738247,-0.006720062512210356,1.1180030538369938,-0.019365761541967563,0.913135856617284,-0.027915608517288026,0.7699224031343479
2017-12-28,153.09,0.008753021098700131,0.00973283689333071,-0.00013064210595081782,0.0031354105428178514,-0.22575347898562548,0.003292181069957101,0.47510835789675165,-0.002201319485271358,0.6073266807265125,-0.014128943758573098,0.4520215676108521,-0.02299301064733117,0.3545783664276769
2018-01-01,153.84,-0.0022100884035362034,0.0016900676027040706,-0.00689027561102451,-0.004875195007800315,-0.5256840591296714,-0.00304212168486917,-0.5035536718292785,-0.005843733749351321,-0.24285369508193289,-0.017284191367654467,-0.3338996758997993,-0.02584286704801486,-0.36121031590516395
2018-01-02,154.55,-0.010126172759624685,0.002846975088967918,-0.010126172759624685,-0.0045939825299256,0.48332790773380463,-0.00768683274021531,-0.14315395913748474,-0.009647363312845103,0.10193480754623385,-0.01944678097703001,0.014455444201584289,-0.028851504367518266,-0.035966767556981694
2018-01-03,156.38,-0.00882465788463993,0.003069446220744565,-0.010295434198746567,-0.011702263716587669,0.16152381466826915,-0.017304003069447793,0.05712256868014398,-0.01942703670546242,0.26791783140448255,-0.02855544187236192,0.17731588702380785,-0.03827642068465631,0.1105037031535323
2018-01-04,157.67,-0.006722902264222563,0.00031711803133127603,-0.009767235365002791,-0.008181645208346522,0.11241624286049601,-0.0214625483605011,0.1868089194898679,-0.02481131477135934,0.3924942336280417,-0.03374135853364579,0.32150104060715123,-0.04407094987420912,0.23898161333229018
2018-01-07,158.93,-0.009815642106587807,0.0005033662618763035,-0.01315044359151829,-0.007928018624551836,-0.38952394235417065,-0.02406090731768873,-0.23932296910793405,-0.028817718492419542,-0.2103415532581968,-0.03844459825080193,-0.1887842828566133,-0.049623523983304385,-0.24534477894343998
2018-01-08,159.46,-0.0060203185751913635,0.0001881349554746503,-0.012583092938668106,-0.0033237175467202285,-0.18347954904117902,-0.0199799322714177,-0.30621631521440007,-0.029079392951211758,-0.41596498935128645,-0.03840147999498278,-0.32061418397407615,-0.05031146787072971,-0.3697347628963419
2018-01-09,158.9,0.0003146633102579788,0.001573316551290116,-0.00735808684707373,0.0035242290748898064,0.9732385218020347,-0.00945248584015268,0.38661667513198195,-0.022152297042166147,0.2377903372273784,-0.03220264317180588,0.3858101614566498,-0.04448290329347526,0.2970785940393921
2018-01-10,159.11,-0.0013198416190057793,0.0018226384262458595,-0.0066557727358432794,-0.0013198416190057793,-0.1023625310859353,-0.005291936396205621,0.19604542691351212,-0.01972848972409158,0.11715606521138433,-0.030900006284960035,0.2340317491019619,-0.04335574969098899,0.1693169752233583
2018-01-11,160.11,-0.003809880707014046,0.0032789956904626383,-0.009618387358691027,-0.0062457060770719774,-0.11692722884980933,-0.00809443507588703,0.059345418343219825,-0.022234713634377568,-0.007665579194717664,-0.03476360002498269,0.07731813312706359,-0.04702600295630044,0.030695713636182287
2018-01-15,157.96,0.01449734109901235,0.01525702709546728,-0.0003165358318562017,0.01361104076981512,-0.28332773732328853,0.008495821727017683,-0.2092161388929693,-0.004786021777666516,-0.2564832224623844,-0.01887503165358284,-0.22000886617841486,-0.031277960665146654,-0.2604437752549099
2018-01-16,160.21,-0.0069284064665128264,0.0016228699831470905,-0.008738530678484513,-0.014044067161850027,0.33410105027597226,-0.006878472005494185,0.07758454723908859,-0.01572311341364574,0.057568972041633915,-0.03054740652893051,0.06966893606656721,-0.04281255851694599,-0.013018728031762627
2018-01-17,160.94,-0.00503293152727724,0.0008841804399155606,-0.006959115198210575,-0.004535851870262175,0.24917145491700565,-0.010451099788742702,0.22229500285021841,-0.01622965080154193,0.26752738599417825,-0.03259910525661702,0.2966903368853233,-0.04432914957955292,0.23624092525044804
2018-01-18,161.75,-0.0009273570324574987,0.004624420401854623,-0.00958268933539419,-0.005007727975270493,-0.23641155829797988,-0.01288408037094424,-0.05853529140533631,-0.01720556414219576,-0.047647224808575306,-0.03459350850077236,-0.022368677553679883,-0.04627305512622304,-0.061719294747517583
2018-01-21,161.43,-0.0013628197980548595,0.002787585950566829,-0.003778727621879585,0.0019822833426252906,0.30630683532646397,-0.007656569410891656,0.28069507340445377,-0.011930867868426898,0.27136810599590366,-0.029728055503933093,0.2823977858023674,-0.04147514918746986,0.24211268159736488
2018-01-22,160.88,0.002548483341621166,0.007272501243162699,-0.001491795126802642,0.0034186971655894016,0.05143564507748266,-0.002623073097962614,0.3063319986551336,-0.006215813028344952,0.34424201485466255,-0.02340253605171516,0.3037644955222054,-0.03547157301508308,0.3132633798942446
2018-01-23,160.6,0.0037359900373599153,0.008655043586550448,-0.00037359900373601374,0.0017434620174345827,-0.16196166084101482,0.0027521793275202544,-0.030584954193111802,-0.0032689912826906475,0.07626171939637261,-0.019620174346201114,0.017608589963417076,-0.031241178912411294,0.10243162692877061
2018-01-24,160.79,0.0020523664406990605,0.005970520554760883,-0.001088376142794889,-0.0011816655264630382,0.47063955525185097,0.002052366440697506,0.39685725974205033,-0.003737794638970948,0.48838555789026405,-0.018692082840972013,0.5015544185885319,-0.03029831871799582,0.6267017400316781
2018-01-25,162.55,-0.007997539218702054,0.0001845585973547781,-0.013657336204244808,-0.010827437711473542,-0.3196152195966121,-0.008981851737928426,-0.08941295153286266,-0.013362042448478384,-0.002547483708191467,-0.026917871424176787,0.01683829473346443,-0.03872654567825229,0.09557266396934905
2018-01-28,161.19,0.00707239903219814,0.008747440908244863,-0.0013648489360381655,0.008437247968236417,0.48357278440581863,0.00037223152800858195,0.30590013932067484,-0.0029034059184824823,0.4905410995990729,-0.01584465537564317,0.5184499130006266,-0.028455032363462696,0.6160398250278336
2018-01-29,159.7,0.00788979336255502,0.009142141515341207,-0.003694427050719984,0.009329993738259379,-0.22657389135760353,0.00940513462742465,-0.03762975946452263,0.007075767063242644,0.10964271114862378,-0.004276768941765208,0.18001017548296794,-0.01735128365685601,0.24435879262699012
2018-01-30,160.7,-0.00379589296826377,0.0015245799626633083,-0.006036092097075341,-0.0062227753578095735,-0.0949352701968218,0.0016552582451756503,-0.12214515722908859,0.0018917237087732186,-0.05740044854913573,-0.008416303671437086,0.074581328410259,-0.021705040448039337,0.12777835447873942
2018-01-31,160.46,-0.0019007852424280935,0.004175495450579492,-0.005733516141094408,0.0014956998628941065,0.10971622943614512,0.003278075532841207,-0.034513958137402656,0.003695625077899889,0.03038393739041667,-0.004795587685404223,0.1575225251303185,-0.0185716066309356,0.2196068272864613
2018-02-01,156.9,0.019630337794773745,0.02147864882090511,-0.0017208413001912337,0.022689611217335814,-0.22482038685344874,0.025621414913955975,-0.21810331997539978,0.02616316124920215,-0.20231522250324108,0.019668578712556117,-0.11121853478535038,0.005553431060123737,-0.06351353187212705
2018-02-04,151.83,0.028255285516696205,0.04900217348350133,-0.0072449450042813,0.033392610156095515,-0.4151354640585089,0.05242705657643221,-0.5302211922101303,0.05723506553381963,-0.5351528676084796,0.05388921820457093,-0.47473964980243566,0.04015894970251854,-0.45121459262756913
2018-02-05,154.69,-0.028443984743680928,0.0031676255737280723,-0.03400349085267307,-0.018488590083392542,-0.12348926170636576,0.0208675415346804,-0.47467006905326714,0.03148231947766389,-0.5452831207428597,0.03251664619561723,-0.5145306713649025,0.020945116038529,-0.5146427591884197
2018-02-06,155.15,-0.005994199162101199,0.02436351917499202,-0.013406380921688776,-0.002964872703835053,0.45939046730246313,0.01138253303254766,-0.05795559155135621,0.024434418304865257,-0.24649563408167374,0.02808894618111535,-0.26337058419060333,0.018023418197443464,-0.2951452491081846
2018-02-07,150.51,0.031891568666533754,0.032954620955418346,-0.0009301707527737957,0.030828516377649384,0.0061384649907911815,0.03518703076207408,0.01954994931147369,0.052395189688392074,-0.20854235240952335,0.05835160454454891,-0.2637819018004165,0.04968662104400612,-0.2781783337601902
2018-02-08,153.84,-0.013975559022360917,0.0074752990119604235,-0.03282631305252215,-0.02164586583463346,-0.2067133132549558,-0.00015600624025124965,-0.12512451456138118,0.022932917316691892,-0.3291136291421225,0.03271580863234558,-0.39851138993087787,0.02642789044895144,-0.4147497503875214
2018-02-11,154.95,-0.0018070345272668265,0.009809616005163058,-0.006776379477250627,-0.007163601161664923,0.6083422648982681,-0.011268151016458505,0.5366884352030175,0.00998386576314858,0.15405214509288756,0.02361729590190431,0.008025940167237566,0.019186834462730396,-0.029889436241966938
2018-02-12,156.84,-0.016832440703902107,0.0009563886763581664,-0.018171384850803385,-0.01205049732211183,0.10394274455959707,-0.019204284621271772,0.5546514461941212,-0.006165519000255859,0.3205592902205292,0.00963720989543515,0.11825706589658025,0.007198418770722137,0.08954621797604356
2018-02-13,159.79,-0.02365604856373993,0.002065210588898081,-0.029038112522685955,-0.018461731021966243,-0.20265085968282281,-0.034620439326617625,0.0692604645004844,-0.026303273045873654,0.06686452495042894,-0.009352900682145115,-0.1238338710464153,-0.010613930784153847,-0.12341436580439002
2018-02-14,161.06,-0.0041599403948839875,0.00031044331305118966,-0.018316155470011086,-0.007885260151496376,0.39250487993026595,-0.03647088041723734,0.45275758511778963,-0.034546131876320385,0.5236002106685167,-0.017294796970072968,0.231925444476609,-0.01718407218841811,0.21204524737109076
2018-02-15,162.66,-0.010451248001967173,0.005778925365793608,-0.01115824419033562,-0.009836468707733914,-0.07185324945701044,-0.03297676134267957,0.24370154558786217,-0.04367392106233958,0.4222435865683807,-0.026924259190950317,0.14689466476739121,-0.02551743923931271,0.12146616452948167
2018-02-19,161.44,0.005822596630327137,0.007928642220019766,-0.002291873141724521,0.007556987115956426,0.40145203848448907,-0.014742319127851067,0.5104228006784779,-0.03287908820614571,0.9802295438083266,-0.019288899900891776,0.5986167489287466,-0.016856623719854413,0.5768566466100986
2018-02-20,160.46,0.007042253521126751,0.020565873114794853,-0.0002492833104824621,0.006107441106817824,-0.12432450023302088,-0.0006356724417317938,0.2185467475618763,-0.02098342265985398,0.5923477642577193,-0.013296148572852884,0.39084777254700187,-0.010068968382566656,0.3773047428818088
2018-02-21,160.32,0.004740518962075946,0.010447854291417258,-0.002588572854291371,0.0008732534930140368,0.07732114589927641,0.004752994011974376,0.2557354167865631,-0.016529441117765442,0.5414202091523501,-0.01256549401197582,0.4981502208410149,-0.00888639387890866,0.4620052465589439
2018-02-22,162.95,-0.011353175820803862,0.0006136851795031095,-0.016139920220926585,-0.016139920220926585,-0.04160530308169352,-0.010813132862842911,0.06763660754418654,-0.029229825099724716,0.38807979474395937,-0.028588524087142964,0.42186294455183293,-0.02470696532678729,0.3653930724606993
2018-02-25,164.74,-0.005584557484521135,0.0005463154060945108,-0.011078062401359778,-0.010865606410100925,-0.11532958641642599,-0.01926672332159929,-0.08664363028799593,-0.032226538788394876,0.15375189921126298,-0.03848792035935389,0.26489177931066976,-0.034484642466917514,0.20704551993660036
2018-02-26,162.55,0.013841894801599475,0.018640418332820596,0.0,0.01347277760689014,-0.02087490870350739,-0.003494309443249688,-0.1293980746736666,-0.012482313134421164,0.026755006891855615,-0.024860043063672732,0.23387852212258187,-0.020321952219829686,0.1813630497696308
2018-02-27,161.01,0.01173840134153159,0.020992484938823663,-0.00037264766163591645,0.009564623315322152,-0.09057584694022791,0.007415688466553494,-0.16881432113686134,0.0016831252717213196,-0.08885662132838579,-0.015110862679336479,0.13475500098633852,-0.010446556114526828,0.07056281228853023
2018-02-28,156.15,0.032853025936599334,0.03482804995196931,-0.0017291066282421053,0.03112391930835723,-0.33378660196914,0.03947486391290278,-0.4213827898545903,0.03552993916106195,-0.3948914284649597,0.015962215818123626,-0.2389838586680223,0.02100330878428891,-0.29627932660273215
2018-03-01,157.5,-0.014539682539682519,0.0008253968253968402,-0.01784126984126988,-0.008571428571428563,0.015316003414591384,0.025269841269839777,-0.3115926191044839,0.024342857142856333,-0.37135398280610643,0.005809523809523931,-0.20829122803343103,0.011392592592592843,-0.27578992267623614
2018-03-04,158.85,-0.010576015108593073,0.005099150141643083,-0.011709159584513573,-0.008498583569405027,0.5283407059542691,0.009694680516209031,0.1949154730042295,0.013396285804216923,0.017845150178429803,-0.003670129052565141,0.242719614269429,0.0020753331234921735,0.12825852979888075
2018-03-05,158.03,0.007213820160728801,0.013415174333987201,-0.006644308042776714,0.005188888185787555,-0.17667357413842577,0.0074795924824386795,-0.003109084919395211,0.01624375118648258,-0.1646064972742053,0.002116686705056159,0.017917939235502223,0.006663291780042213,-0.07546653064260733
2018-03-06,158.55,-0.009902239041312044,0.0025859350362660294,-0.012802901292967461,-0.0032797224850205087,-0.25934327350737607,-0.0015263323872610757,-0.22817689559668908,0.010760012614316139,-0.3520941393817715,0.0007852412488174032,-0.26781465927476544,0.0026469042363084228,-0.30859994330874785
2018-03-07,158.5,0.003217665615141918,0.005804416403785373,-0.0029022082018927975,0.0003154574132493426,0.02680623066011334,-0.0043154574132507895,-0.13158797522942778,0.00987381703469925,-0.2846943505871309,0.0023186119873819244,-0.26570069064327717,0.0024731861198739047,-0.2734668499416597
2018-03-08,161.51,-0.011516314779270509,0.0019986378552412365,-0.014240604296947401,-0.01863661692774432,0.03521164232759544,-0.01996161228407045,-0.09513505264662092,-0.010073679648319955,-0.20657695395549924,-0.015324128536932435,-0.23692510468918526,-0.016642932326171533,-0.23515239682151368
2018-03-11,161.69,0.0019172490568371003,0.0066794483270455896,-0.0041437318325189265,-0.0011132413878409686,0.4191129223373684,-0.01609252272867978,0.286755004314617,-0.012066299709321271,0.19295736721451462,-0.013018739563361748,0.08495723138837574,-0.017589213927886482,0.11169678350089174
2018-03-12,162.49,-0.00227706320388954,0.011139147024432194,-0.002646316696412132,-0.004923379900301672,-0.2321737354731196,-0.017441073296819654,0.00031039298698565254,-0.018807311219153022,-0.07225023975962042,-0.015462489999384488,-0.1952269420529259,-0.022602416558967664,-0.14452832688504547
2018-03-13,161.0,0.010931677018633401,0.013664596273291751,-0.003602484472049805,0.009254658385093206,0.23811918826718492,-0.0028074534161505182,0.27370166633858806,-0.009763975155280602,0.19026184288704395,-0.004009316770186011,0.006982318968304035,-0.013287784679088976,0.08065718970832303
2018-03-14,162.86,-0.009640181751197519,0.0038376519710181523,-0.012096279012649092,-0.011420852265749848,0.20347221693966322,-0.011187523025913193,0.4283945452115203,-0.021079454746408932,0.4439965377806805,-0.01410720864546211,0.21609255514176517,-0.024290801915755833,0.30986388385083696
2018-03-15,160.89,0.010690533905152844,0.014917024053701322,-6.215426689037962e-05,0.012244390577413222,-0.5420464309148605,0.0063397352228218296,-0.40821358250695283,-0.004922617937722529,-0.36770859486253593,-0.0010814842438928718,-0.4523266218460045,-0.011896326682826475,-0.4004588647793351
2018-03-18,160.62,-0.0003735524841240734,0.005478769767152336,-0.007782343419250437,0.0016809861785580527,1.126148493831053,0.007259369941475358,0.3672834467168169,-0.001139335076579484,0.4003499642629087,0.0005447640393476672,0.22167204618787606,-0.010146100527123947,0.31573319056131655
2018-03-19,162.88,-0.011849214145383091,0.0016576620825148325,-0.011849214145383091,-0.013875245579567763,-0.1597809074595391,-0.008030451866406052,0.1296643956396637,-0.013912082514735968,0.17452475792825783,-0.01396426817288765,0.024061484422194912,-0.02311926981008483,0.10115489435434855
2018-03-20,162.03,0.007220885021292256,0.010430167252977851,-0.0006171696599395204,0.005245942109485924,-0.3484366514755908,-0.002345244707771532,-0.29249143782302756,-0.005745849534038228,-0.23770248371919245,-0.008347219650681525,-0.3208334238426036,-0.015721368470859032,-0.29685559692432606
2018-03-21,150.23,0.04340011981628167,0.05132130732876261,-0.003328230047260905,0.07854622911535647,-0.5791308606772894,0.0773880050589082,-0.6720556158670805,0.07466551288024914,-0.6758030947491754,0.07006589895493631,-0.7030423520990889,0.06321862033770476,-0.707347512135375
2018-03-22,147.35,0.02701051917203956,0.034747200542925016,-0.001289446895147539,0.019545300305395363,1.0307092814260832,0.08130302002035816,-0.019013268162129005,0.09005768578215001,-0.21515081980117434,0.08755683746182608,-0.31414013145631947,0.0828865512951027,-0.3621016294203794
2018-03-25,152.85,-0.02518809290153745,0.002093555773634348,-0.02518809290153745,-0.03598298985933923,-0.04523516970633301,0.024677788681712665,-0.06239622085445318,0.04157016683022441,-0.22579813250123304,0.04332024860974837,-0.31606626077909905,0.04323192672554832,-0.38198590115398523
2018-03-26,148.86,0.02935644229477341,0.03224506247480852,-0.007120784629853549,0.02680370818218436,0.3172916080983519,0.04170361413408408,0.3808624431478731,0.06354964396076679,0.08602482954090851,0.06729141475211642,-0.060949651952438066,0.07097272605132376,-0.17993622578566637
2018-03-27,147.41,0.015399226646767517,0.019915880876467007,-0.0005087850213688627,0.009836510413133492,0.0829985272578675,0.032928566582998364,0.5603709637829513,0.06476494132012611,0.19200103442602168,0.07314632657214615,0.040441252828824714,0.08013024896547094,-0.10132681658426312
2018-03-28,153.5,-0.03394136807817594,0.0,-0.036970684039087987,-0.03967426710097721,-0.17523023312659602,-0.027100977198698528,0.2598730989099365,0.01366775244299534,0.004010006593383908,0.026140065146580183,-0.12847821861280873,0.035229098805646286,-0.25040139183156385
2018-04-01,147.98,0.025949452628733605,0.025949452628733605,-0.010001351533991065,0.03730233815380468,0.2635850105450168,0.013609947290172952,0.26814477278493154,0.04515475064197738,0.3303405537943438,0.06352209758075467,0.11161562939448899,0.07242870658197087,-0.040954945382130625
2018-04-02,148.79,-0.0020162645339066865,0.001209758720344123,-0.018415216076349106,-0.005443914241548553,0.20408320414836068,0.008938772766985625,0.4259229391894179,0.030788359432756263,0.5522143517170883,0.05453323476040106,0.3360588118818584,0.06366019221721908,0.16874411898105213
2018-04-03,149.97,-0.021871040874841596,0.0034006801360271233,-0.026043875441755016,-0.007868240314729658,0.09358309925104469,-0.004414216176570229,0.3865336095280707,0.014789624591583728,0.7193764612310221,0.04288190971527661,0.47096142697118415,0.052208219421662205,0.2837463376204592
2018-04-04,151.57,-0.0031008774823513274,0.003298805832288698,-0.010292274196740836,-0.010556178663323812,-0.35222024206653924,-0.013459127795739434,-0.16481996668303145,-0.004440192650261743,0.11112875467789296,0.02921422445074895,-0.050007013467656125,0.03857843460667265,-0.16107050892798447
2018-04-05,147.38,0.017098656534129564,0.023137467770389497,-0.008074365585561072,0.028429909078572457,0.7311326897782666,0.020233410232051607,0.4842590858266551,0.016766182657075746,0.9174797581090792,0.05610666304790368,0.6487191507356087,0.06609444972180789,0.4818355415003084
2018-04-08,148.25,6.74536256322078e-05,0.014704890387858383,-0.001618887015177095,-0.005868465430016845,0.31479975604797716,0.005989881956153464,0.7238266630828822,0.008876897133219597,1.09293153107182,0.04615851602023624,1.1279625912944056,0.05692861157953932,0.9577675115392854
2018-04-09,152.05,-0.013548174942453195,0.00453798092732649,-0.014534692535350224,-0.024991779020059224,-0.35378663340955485,-0.018796448536667287,-0.0077153501585046635,-0.015744820782638613,0.2390094371022229,0.01565274580730014,0.3415638733602335,0.027291461142168405,0.26349729271651334
2018-04-10,148.4,0.006738544474393482,0.009905660377358405,-0.0016172506738545422,0.024595687331536498,0.30753091166276536,0.009730458221022698,0.286473802254126,0.007924528301885614,0.5069025623348933,0.03738544474393546,0.7588269217799908,0.04970799640611001,0.661388344017174
2018-04-11,150.09,-0.006063028849357055,0.006929175827836476,-0.007728696115663958,-0.011259910720234467,-0.1350176973898407,-0.00373109467652899,0.07025606993797062,-0.0037310946765285458,0.22979269199262298,0.021010726897195076,0.4962386004029591,0.03474581917516173,0.43564011833825855
2018-04-12,150.13,0.005794977686005565,0.008525944181709155,-0.004462798907613363,-0.000266435755678307,0.24736647018069324,-0.005968160927198096,0.16947381645083892,-0.00221141677213188,0.47428314130446947,0.01710517551455437,0.8598509065760815,0.03204556051422136,0.7908379241561654
2018-04-15,151.42,0.0001981244221371803,0.004160612864879232,-0.006207898560295799,-0.00851935015189531,-0.2527393981642849,-0.01080438515387816,-0.15578547693737654,-0.012937524765553765,0.009278633670268377,0.0042365605600318545,0.38439026373881724,0.021927970765641236,0.3165711320243212
2018-04-16,154.24,-0.010308609958506243,0.002269190871369231,-0.014004149377593311,-0.018283195020747045,-0.20376950889591217,-0.02477956431535433,-0.27704965288532024,-0.028753890041494867,-0.22206758310418695,-0.017193983402489565,0.06774914049291358,0.0019298928077458033,0.03832169993745116
2018-04-17,155.52,-0.007523148148148251,0.0011574074074072183,-0.014017489711934172,-0.008230452674897082,0.36783170698745815,-0.029989711934157892,0.03281171151244355,-0.033243312757202714,0.08123330652422922,-0.027334104938271264,0.4810566093889903,-0.007304526748970974,0.4331650382961896
2018-04-18,154.59,0.002652176725532085,0.0040106087069020635,-0.006274662009185583,0.006015913060353206,0.3058582939676089,-0.014942751795072318,0.38054210683902756,-0.023837246911185495,0.39967137028412725,-0.023863121806067422,0.9249966786719181,-0.0018737736377940628,0.863208167184309
2018-04-19,152.41,0.01056361131159389,0.015353323272751185,-0.0033134308772390098,0.014303523390853723,-0.3427935733209504,0.005052161931630383,-0.13550463469949714,-0.007893182862018011,-0.15933709831626985,-0.012341709861557248,0.2229903161951461,0.011536863285436683,0.2004281904291938
2018-04-22,153.04,0.0012415054887611188,0.0027443805541036426,-0.00607684265551478,-0.004116570831155242,0.5014932810505601,0.003894406691059782,0.388586101887489,-0.00869053842132872,0.2866937211755014,-0.015695243073705956,0.6438512954270186,0.006046349538247675,0.785232138512824
2018-04-23,151.07,0.016548619845105028,0.021645594757397246,-0.008075726484411239,0.01304031243794257,-0.20263973297913618,0.01913020454093961,0.04286656341693518,0.0074071622426679085,0.029460497616553782,-0.0009763685708609193,0.2455617610562677,0.01729661746210409,0.39825135935656486
2018-04-24,150.09,0.00939436338197086,0.00939436338197086,-0.011060030648277652,0.006529415683922846,-0.05754854773411233,0.021560397095074624,-0.09356807465715156,0.013332000799519239,-0.04671958475880533,0.004953694449996826,0.11731088194641859,0.021580385102272448,0.3147976891834048
2018-04-25,152.29,-0.008930330290892297,0.005515792238492301,-0.011097248670300042,-0.014446122529384597,0.24805093356382635,-0.0003283209665785325,0.139171999263499,-0.00019699257994731934,0.20842400430155683,-0.009160154967495893,0.35862066961634054,0.004108389695099746,0.6266190020902187
2018-04-26,152.39,-0.0006562110374696006,0.0038060240173241056,-0.007874532449635763,-0.0006562110374696006,0.38572314984818346,-0.004002887328566462,0.5992274398710196,0.0005905899337215192,0.6431007854446078,-0.008209200078744816,0.8262542446728616,0.0015442833081791285,1.2376509617302722
2018-04-29,151.2,0.013029100529100557,0.01362433862433865,-0.00013227513227498378,0.007870370370370416,-0.2160894778355369,0.003809523809522153,0.10448910864377847,0.009960317460316226,0.2595901812003252,-0.000770502645502269,0.35133881849334414,0.007118606701940644,0.7394832732964804
2018-04-30,151.92,-0.005463401790415934,0.0001974723538704648,-0.011848341232227333,-0.004739336492890933,0.24909030846511127,-0.0033701948393906056,0.374910109860193,0.005028962611899779,0.5196534042051653,-0.004446419167982718,0.6322926384706558,0.0002194137265232321,1.103218974483263
2018-05-01,150.71,0.006701612368124055,0.00915665848317948,-0.001990577931126114,0.008028664322208057,-0.26639940182035615,0.005759405480723068,-0.07880773249484263,0.01155862252007056,0.023629313725251455,0.004584964501360478,0.1621734794034766,0.0063256143144676535,0.5290116721345548
2018-05-02,151.73,-0.009424635866341347,0.002043102880115999,-0.01706979503064654,-0.006722467541026678,-0.04803595204461897,-0.00018453832465703535,-0.16919151373155494,0.0015883477229279297,-0.04486603481245799,-0.001924471099979841,0.0913066525541868,-0.0031129857861545984,0.44382962542611337
2018-05-03,153.44,-0.01779197080291961,0.003356360792492241,-0.020138164754953114,-0.011144421272158533,0.14696058473358153,-0.012056830031283994,-0.035071250111359475,-0.011437695516163804,0.10961128566660783,-0.012995307612095552,0.19812510554217755,-0.016460288494959507,0.6177324376708344
2018-05-06,152.3,0.004267892317793676,0.0051214707813524996,-0.0030151017728168306,0.007485226526592115,-0.2688033733072577,-0.003282994090612168,-0.2629053357386717,-0.0033617859487864443,-0.22744633076514365,-0.003617859487852648,-0.13422077584316883,-0.008395710221054453,0.07432001468740723
2018-05-07,151.94,-0.0038831117546400673,0.0036856653942345385,-0.005989206265631153,0.002369356324865235,0.162040083807798,0.0005265236277463003,-0.08108150246209422,-0.0014874292483886276,-0.0726673938746194,7.56877714891413e-05,0.02276927265835571,-0.00496029134307352,0.21106845527435714
2018-05-08,154.62,-0.01112404604837669,0.002328288707799775,-0.01565127409132072,-0.017332815935842794,0.168226840086239,-0.01678954857069115,0.1481344901384063,-0.01823179407579978,0.07326404997482383,-0.017294011124045716,0.17838955786984023,-0.022403311343939802,0.3606672416815866
2018-05-09,156.54,-0.009901622588475711,0.002947489459563135,-0.013478983007537915,-0.012265235722498935,0.16604926681523247,-0.023853328222819936,0.31923701998251675,-0.027379583493037818,0.21108457172406148,-0.02736041906222031,0.36561341894337684,-0.033167241599590835,0.543083403101825
2018-05-10,157.08,-0.003437738731856488,0.0034377387318562658,-0.008021390374331694,-0.003437738731856488,0.0725084779054519,-0.021084797555387502,0.3446348414060161,-0.02801757066463051,0.2712326449496938,-0.02865100585688818,0.4354936002026939,-0.034553518377047565,0.6091284077713652
2018-05-13,155.57,0.0112489554541364,0.013370187054059457,-0.001671273381757321,0.00970624156328359,-0.25966720190044656,-0.006903644661568675,-0.040261066997094086,-0.015568554348525665,-0.05691172553016255,-0.016989136723018383,0.05063794245381481,-0.024415589980930075,0.14272947639146527
2018-05-14,154.07,0.004283767118842041,0.004738106055689029,-0.0044784838060621945,0.00973583436100478,-0.07773244081949138,0.0070098007399217455,-0.16224585303950778,-0.003147919776725683,-0.12279561797417238,-0.00607191536314633,-0.04554322548071055,-0.01327535103091626,0.031188903345874985
2018-05-15,154.08,0.002725856697819218,0.006295430944963654,-0.00272585669781944,-6.490134994818764e-05,-0.08859738188085708,0.009709241952230663,-0.23601960430851054,-0.0018172377985473664,-0.17124947936006096,-0.006191588785046553,-0.15393069672537385,-0.01219712703357545,-0.07025366827536494
2018-05-16,154.93,-0.003356354482669688,0.0050848770412443844,-0.007164525914929443,-0.005486348673594543,0.20518251450676983,0.0034725359839908876,-0.02581118762088974,-0.005118440586072248,0.01766183365570595,-0.012108694249015506,0.018783628626692472,-0.016732287699821158,0.11609562862669254
2018-05-17,155.31,-0.001996007984031989,0.003992015968063978,-0.004442727448329187,-0.002446719464297198,0.0646517497355874,-0.0010559526109089612,0.07883058816552069,-0.005492241323805214,0.07623562205315926,-0.014416328633056308,0.0880328036296183,-0.018416929581696384,0.1504542404303526
2018-05-20,156.94,-0.005862112909392092,0.003058493691856734,-0.005862112909392092,-0.010386134828596849,-0.08201418916793501,-0.013686759271060556,0.027352863603477662,-0.014629794826049203,-0.01122175898256117,-0.02372881355932177,-0.024931885218729466,-0.02692748821205515,0.04783736577677877
2018-05-21,155.33,0.010558166484259335,0.013519603424966053,-0.0011588231507114743,0.01036502929247396,-0.059179602464322856,-0.0016996072877117907,-0.03157599988617443,-0.00142921521921191,-0.09272996314898341,-0.012354342367861815,-0.07922436435553404,-0.014976716238545684,-0.010621307191402418
2018-05-22,155.31,-0.00012877470864725016,0.004829051574270826,-0.007855257227480483,0.00012877470864736118,0.01086940262872349,5.150988345747898e-05,-0.023067780013830586,0.0008821067542323924,-0.08362593790523665,-0.010855707938960624,-0.07398460000161089,-0.01414590174489716,-0.009672845919855733
2018-05-23,155.59,0.0015425155858346251,0.0029564882061829945,-0.005784433446879622,-0.0017996015168070256,-0.09056843462300734,-0.0001671058551335758,-0.13341094259147257,-0.0004756089723003676,-0.15496033033290701,-0.010958287807699585,-0.16575485380508603,-0.014439659789617698,-0.09930734173117828
2018-05-24,155.99,-0.0038464004102828353,0.0031412270017308064,-0.006029232643118276,-0.00256426694018852,0.4533186020711466,-0.001884736201040238,0.30439314524867367,-0.0036476697224194776,0.27462849313026916,-0.012436694659914038,0.2229373888406887,-0.01579161057332701,0.30660123776059467
2018-05-28,153.54,0.009248404324606163,0.011072033346359422,-0.005731405496938846,0.01595675394034135,-0.3576955874926373,0.01492770613520733,-0.1819528028843007,0.011540966523380325,-0.1762485726481785,0.004493942946463658,-0.21119537113100972,0.0011853588641401736,-0.16553106930181782
2018-05-29,156.03,-0.007883099403960703,0.003268602191886183,-0.009613535858488786,-0.01595846952509139,0.29729376968910537,-0.005627122989170452,0.11122662334535471,-0.005902711017113371,0.09467776395122796,-0.010786387233224115,0.04050053729240122,-0.014339122818261107,0.08034954418849827
2018-05-30,155.74,0.0016694490818029983,0.006677796327211993,-0.0053287530499550595,0.0018620778220110878,-0.42962812518746973,-0.002876589187108536,-0.37911014869643966,-0.002793116733017853,-0.3827216731945269,-0.007624887633234656,-0.3997792103975477,-0.012120628397756739,-0.3973406348033848
2018-05-31,158.89,-0.012272641450059685,0.002454528290012137,-0.014664233117250847,-0.01982503618855802,0.5297769006017685,-0.02210334193467356,0.06359032194755176,-0.021518031342439126,-0.010369326113216504,-0.02571590408458657,-0.050704320736827846,-0.03165921916629921,-0.06348133835682446
2018-06-03,159.43,-0.004892429279307553,0.0035752367810324426,-0.008593112964937588,-0.0033870664241361093,0.22054549662649325,-0.021275795019759847,0.2843344991089678,-0.022348366054068758,0.22092647111415809,-0.026770369441133868,0.16148071949251985,-0.03404001756256647,0.1497187900854866
2018-06-04,159.92,-0.004752376188093987,0.0027513756878441153,-0.00544022011005485,-0.0030640320160079115,-0.15637612469787,-0.01997248624312331,0.10249366138895,-0.022767633816909494,0.027980399545965318,-0.027879564782390953,-0.02077755146883864,-0.03553651825912918,-0.04563124444742983
2018-06-05,162.71,-0.013152234036015065,0.0002458361502057915,-0.01567205457562537,-0.017147071476860787,-0.008231363414130222,-0.02893491487923494,0.060583060554154855,-0.0376928277303189,0.02536772966802414,-0.04220699403847328,-0.03731757480773723,-0.05066478192284818,-0.049281120067627415
2018-06-06,160.61,0.01326193885810345,0.013946827719319987,-0.006288524998443568,0.013075150986862516,-0.03835767560694625,-0.007919805740615793,0.04085679880733539,-0.020515534524625845,-0.013192115209840094,-0.02633086358259129,-0.07421579368552267,-0.035836290807961024,-0.08849148481897029
2018-06-07,162.17,-0.009002898193253839,0.0009866189800826763,-0.009619535055805484,-0.009619535055805484,0.06762350906357195,-0.011457112906211098,0.003991055250866848,-0.026669544305359394,0.059552542286429144,-0.03385028056977224,-0.002145679081041796,-0.042948757476721666,-0.03068404841478778
2018-06-10,162.75,-0.007496159754224241,0.005376344086021501,-0.007496159754224241,-0.003563748079877138,-0.128010630108904,-0.010949308755762166,-0.13297886158973504,-0.026095238095238837,-0.08548367450396288,-0.035563748079876834,-0.11912310193775077,-0.044335893497183476,-0.15324207707637638
2018-06-11,162.84,0.003684598378776771,0.0071849668386145815,-0.0023949889462049345,-0.000552689756816549,-0.3133760304837526,-0.007418324735939064,-0.37021878963816157,-0.02248219110783678,-0.34904823297305076,-0.034355809383443625,-0.3818624968983545,-0.042743388192909015,-0.40935507174706065
2018-06-12,163.02,0.0004293951662373008,0.007545086492454889,-0.0025150288308183333,-0.0011041589988959322,0.2221623719374739,-0.0049319101950698885,-0.13488801752529433,-0.017856704698810844,-0.1690567430181933,-0.03319224635014095,-0.21813596523782364,-0.04142027563080175,-0.2586734443579679
2018-06-13,162.76,0.0035020889653478715,0.007311378717129502,-0.0038092897517817415,0.0015974440894570563,0.23148966931464954,-0.002961415581225646,0.12664040795199272,-0.01199311870238473,0.06401023954069363,-0.0288983779798474,-0.02191373484687431,-0.03761571229622307,-0.06699074816444062
2018-06-14,163.48,-0.010031808172253354,0.0013457303645705299,-0.01737215561536587,-0.004404208465867421,-0.7763813267202577,-0.004722290188404088,-0.7463659231005706,-0.012050403719110259,-0.7720255409487733,-0.03052055297284051,-0.781471938034186,-0.039397275915503904,-0.7903018516113298
2018-06-17,162.88,-0.005402750491159125,0.0006139489194498804,-0.01240176817288785,0.0036836935166992824,3.782904582952291,0.0005525540275030938,0.9769273097298561,-0.005593074656189301,0.4676209619077041,-0.02432465618860491,0.23921609320872572,-0.03345407662082467,0.13027084391266452
2018-06-18,163.31,-0.0072867552507500655,0.00018369971220377757,-0.012307880717653541,-0.002633029208254256,-0.3046959756160562,-0.0019227236544014925,0.359923029146457,-0.00609883044516657,0.03240859031393106,-0.02457595983099603,-0.13307511300335872,-0.0340722143979747,-0.2104163000879271
2018-06-19,161.77,0.00760338752549905,0.00989058539902321,-0.0006793595845955291,0.009519688446559815,0.27013934387407934,0.008159732954192256,0.6969942691600295,0.005458366817084892,0.35164889922088993,-0.01332138220930934,0.1238441128643939,-0.022608229791266865,0.011389929324902903
2018-06-20,160.03,0.00837342998187851,0.011872773854902263,-0.0024995313378741724,0.010872961319752683,-0.0036576451961271017,0.017559207648564,0.6582654375877728,0.015803286883708134,0.35927179385843955,-0.0005811410360554436,0.12636584120186645,-0.009933554125267419,0.011896465193875772
2018-06-21,159.63,0.005450103364029291,0.005450103364029291,-0.007454739084132078,0.0025057946501285677,-0.46212929610413234,0.016688592369853428,-0.10173118534295866,0.01798534110129557,-0.263799486233642,0.003401616237549643,-0.39024533982820864,-0.006322955167156641,-0.4511561505666095
2018-06-24,156.16,0.01171875,0.01216700819672134,-0.0051869877049181,0.02222079918032782,0.20659273000464173,0.03434938524589959,-0.2210913127878099,0.03897925204917896,-0.046084573630675085,0.02699154713114793,-0.2344310795571456,0.016416922814208368,-0.3113682216972681
2018-06-25,156.86,-0.0021037868162693263,0.004653831442050116,-0.004462578095116743,-0.004462578095116743,0.4484047132013904,0.021165370393979588,0.2524339727171787,0.03014152747672938,0.43507597890971295,0.02246270559734831,0.15089069082195472,0.011685579497641818,0.0270353724214909
2018-06-26,155.34,0.011716235354705784,0.021629972962533772,-0.00025749967812538355,0.009784987768765463,-0.32198121852458117,0.022853096433627318,-0.17653208436782875,0.03637182953521201,-0.04946401522568311,0.03353611432985737,-0.2178461454115399,0.021861722672847472,-0.2981415894548046
2018-06-27,164.5,-0.024376899696048615,0.0064437689969605305,-0.029179331306990908,-0.055683890577507555,-0.44977749599913397,-0.041920972644378884,-0.506744001803751,-0.026006079027356743,-0.46261334637881113,-0.02422492401215781,-0.555733201361639,-0.03478216818642266,-0.6056776960251974
2018-06-28,163.59,0.0036677058499907655,0.012042300874136602,-0.0034231921266580922,0.005562687205819428,0.5999785979801568,-0.031126596980257548,-0.0030207185893642574,-0.019524420808119003,-0.03299783276969159,-0.016119567210709396,-0.2473420952908385,-0.027289769138292064,-0.3336606334666914
2018-07-01,163.23,-0.008148012007596517,0.0011333700912823375,-0.011823806898241584,0.0022054769343871072,0.5905926799394967,-0.02413771978190471,0.5720625704088185,-0.017294614960486343,0.32158089512639365,-0.012509955277828277,0.23702641844158312,-0.0233760133962293,0.08926930122866672
2018-07-02,163.34,0.003489653483531141,0.012712746418513499,-0.00195910371005259,-0.0006734419003306957,0.18769798926272974,-0.016138116811560632,0.7780277768515123,-0.01774213297416538,0.5951429586681782,-0.012011754622259674,0.48999106964220207,-0.02241745234888315,0.3069574816321541
2018-07-04,164.8,-0.006674757281553534,0.00030339805825230215,-0.00995145631067973,-0.008859223300970887,-0.209544299877105,-0.01699029126213769,0.3852780459357321,-0.026425970873787508,0.23390626698867578,-0.01972694174757228,0.1811202888857406,-0.02978357605177928,0.03674649902859106
2018-07-05,164.51,0.0015804510364112456,0.004011914169351316,-0.00911798674852593,0.0017628107713818508,0.3191929092147827,-0.003756610540394556,0.744444215048903,-0.022867910765304034,0.6495556306524117,-0.0173636860981089,0.5759680340934898,-0.026154438433326432,0.3798207925809136
2018-07-08,166.13,-0.006801902124841996,0.0007825197134774253,-0.006801902124841996,-0.009751399506410685,0.1143733827053457,-0.01345933907181307,0.46437017384744483,-0.02969963281767396,0.8264883954378519,-0.02577198579425677,0.7561762643808299,-0.0338048516222228,0.5397022300956964
2018-07-09,166.46,0.00024029796948221716,0.007869758500540724,-0.0007208939084465404,-0.0019824582482278474,-0.20247127588429714,-0.012363330529859051,-0.022770021173397326,-0.02771837077976791,0.35379955045763034,-0.026513877207737124,0.3988245746609722,-0.033609675998237054,0.22377831267901005
2018-07-10,166.31,-0.005471709458240603,0.004750165353857305,-0.010200829775720122,0.0009019301304793448,0.5843748589474553,-0.00758823883110038,0.5163893302691303,-0.02064818712043892,1.0635519459704685,-0.024520473813961163,1.219799378336012,-0.030639568676967932,0.9581992553190677
2018-07-11,168.03,-0.0030351722906623024,0.0007141581860381496,-0.00624888412783442,-0.010236267333214255,-0.2388754704852053,-0.014211747902162175,0.08287107773719904,-0.025049098375291123,0.520713518763509,-0.03347318931143184,0.6437064451814862,-0.03802892340653363,0.4760634828948349
2018-07-12,168.09,-0.0020227259206377912,0.002439169492533644,-0.002736629186745221,-0.0003569516330537148,0.2090501917019727,-0.010720447379381937,0.20917578711858487,-0.017847581652687072,0.7348057002296482,-0.032327919566897956,0.9647826298159576,-0.035992622999582724,0.7878989097698308
2018-07-15,167.64,0.003042233357194002,0.004951085659747223,-0.0015509424958243256,0.0026843235504654395,-0.06733920292372053,-0.0037938439513259814,0.07257626604490763,-0.013069673109044166,0.33034010049960894,-0.028140658554043574,0.8162541997950086,-0.03094925634295609,0.6380287648887399
2018-07-16,168.07,-0.005890402808353512,0.005235913607425369,-0.006366394954483212,-0.0025584577854466106,-0.34222820540395327,-0.004545724995539291,-0.30560543219922087,-0.01318498244779065,-0.21576014121230258,-0.029389540072587983,0.04268335767060161,-0.03169314372979415,0.07333396965824313
2018-07-17,166.38,0.00655126818127183,0.00655126818127183,-0.0024642384902031633,0.010157470849861738,0.049246705270208135,0.007500901550665295,-0.24925957513144026,-0.0002524341868025415,-0.17551499837314077,-0.01797090996513928,0.10593515855759672,-0.020126617782585288,0.13878087973658482
2018-07-18,166.89,-0.004074540116244085,0.002276948888489505,-0.008268919647672068,-0.0030559050871831195,0.07374136075314963,0.004505962010903808,-0.10635630579868394,-0.0014860087482783113,-0.10073152597661683,-0.02005213014560403,0.17854070445260595,-0.02183074679928798,0.23005504205033578
2018-07-19,166.52,0.0004203699255345139,0.0028224837857313556,-0.001201056930098643,0.002221955320682145,0.8498736690696698,0.005368724477538445,0.7139360073305243,0.001987749219311885,0.6299649585812772,-0.016337376891663924,1.1814218372936827,-0.018820562094642557,1.2839639678563466
2018-07-22,165.96,-0.00018076644974696077,0.002952518679199656,-0.0027114967462039674,0.0033743070619427495,-0.37707229794551844,0.0068691250903814005,0.03295468881678221,0.00657989877078724,-0.02555959824319709,-0.011062906724511268,0.3329803691349489,-0.014322728368280524,0.40908273977969145
2018-07-23,165.17,0.007023067142943873,0.00817339710601206,-0.00520675667494086,0.004782950899073768,-0.29941237543078003,0.009650662953319289,-0.25586051311382096,0.011291396742749038,-0.31214213294480475,-0.004416661621359119,-0.10538916427993705,-0.008843413856429505,-0.012051875214661667
2018-07-24,167.08,-0.012449126167105695,0.0002394062724442314,-0.012449126167105695,-0.011431649509217268,0.11525097903663406,-0.005362700502755002,-0.14991949972859908,-0.0010414172851337389,-0.21207035307528566,-0.013101508259515726,-0.015186162627634059,-0.019691165908545916,0.11009221497756294
2018-07-25,165.17,0.013501241145486675,0.017799842586426307,-0.0006659805049342715,0.01156384331295035,0.024398683262761844,0.006986740933581981,-0.12236653674320708,0.01097656959496196,-0.14906847796574418,0.0014046134285894407,0.011498405688807445,-0.007499344110107664,0.12821723621311643
2018-07-26,162.02,0.020614738921120868,0.02302123194667316,-0.005616590544377242,0.019442044192074848,-0.1759949144870555,0.02444142698432117,-0.26402458145843877,0.02886680656708962,-0.2799364458802611,0.023907542278731597,-0.18433980412343687,0.012239229724726242,-0.07193957045807087
2018-07-29,159.42,0.017689123071132906,0.01881821603312006,-0.008405469828126844,0.016309120562037593,0.05905547274534517,0.035503700915818115,-0.09577036080273771,0.04183916698030288,-0.1871371548570081,0.03982875423409937,-0.19681794042521195,0.028593233805880747,-0.006824375078817724
2018-07-30,159.33,0.006087993472666753,0.012364275403251135,-0.0027615640494572657,0.0005648653737524434,-0.06222691185117635,0.027879244335653697,-0.09548592199260098,0.03726856210380891,-0.19987667075682936,0.039107512709471326,-0.2664916686652272,0.028324860352728187,-0.14218175968573443
2018-07-31,159.71,0.0037568092167052924,0.010519065806774641,-0.0038826623254649695,-0.0023793125039133223,0.32127595560796407,0.0181203431219068,0.2123027276741738,0.029328157285078538,0.07695408908493606,0.035414188216142284,-0.020078418812750853,0.02513722789222239,0.14850224596785266
2018-08-01,160.15,-0.011551670309085216,0.0009366219169528733,-0.01442397752107405,-0.0027474242897284062,0.16086608238328126,0.00611926319075673,0.3823239066092974,0.02233531064626848,0.2419762433485093,0.031436153605995054,0.14154141077510496,0.02157144343844397,0.32361029898048965
2018-08-02,160.37,0.0007482696264886624,0.0035542807258215348,-0.008792168111242726,-0.0013718276485626957,0.2005315659554323,-0.0015214815738622267,0.598242045108714,0.016730061732243895,0.47209616880262395,0.028571428571429136,0.34837818280187993,0.019833302155433108,0.5833604526651561
2018-08-05,160.58,-0.0019305019305019266,0.0026777930003734074,-0.006227425582264301,-0.0013077593722755632,0.3016502916862165,-0.004882301656496946,0.8645912211559879,0.011570556731846482,0.9485210580106533,0.02593722755013106,0.7391863068132303,0.018570183086312975,1.0446750136372587
2018-08-06,161.2,-0.00012406947890808429,0.004404466501240822,-0.001240694789081842,-0.0038461538461537215,-0.1977002710631921,-0.0072704714640213775,0.2957526841471114,0.00434243176178617,0.517568468528278,0.020269851116625714,0.3771378537840788,0.014849048800662512,0.5781432759896019
2018-08-07,161.14,-0.0002482313516196655,0.003164949733151401,-0.0014887675313390858,0.0003723470274294982,0.2602354197725907,-0.004579868437385226,0.40031294363721326,0.0022526995159484198,0.811937963107185,0.01901762442596544,0.706364611379364,0.016269496504075942,0.9378390037308177
2018-08-08,160.64,0.0030502988047809154,0.006847609561753121,-0.0006225099601593342,0.0031125498007968933,-0.347629424596988,0.0002988047808747396,-0.19531395252287886,0.0016745517928282716,0.11475369857143614,0.020580179282869038,0.10785138243161874,0.02032080013280324,0.24404664370017204
2018-08-09,160.68,-0.003920836445108211,0.004916604431167482,-0.005009957679860677,-0.00024894199651492865,0.2716165788265106,0.000659696290762346,0.015433335745307364,-0.0013940751804836227,0.3801771176516626,0.018026512322629085,0.4089409785034046,0.02116629325367292,0.5457767319327147
2018-08-12,160.23,0.003120514260750218,0.010422517630905626,-0.001123385133869892,0.002808462834675174,-0.14829930774958244,0.0038569556262855187,-0.15078771154891035,0.0005741746239775747,0.09061424647334637,0.0185733008799851,0.19791824930070634,0.023239509871227915,0.2233232254375197
2018-08-13,161.24,-0.007132225254279367,0.002418754651451138,-0.008372612255023726,-0.006263954353758483,-0.23668865144053075,-0.0028652939717208614,-0.3081823680193543,-0.0051910195981152985,-0.2137563242226126,0.009895187298437191,-0.08400290890239337,0.01613536756801537,-0.09879504558560459
2018-08-14,160.41,0.0009351037965215081,0.006421046069447156,-0.004052116451592869,0.005174241007418479,0.24776891065340667,0.002343993516612075,-0.056829109936104016,0.0011470606570658237,-0.057254424444833085,0.012991708746337594,0.1360013069092494,0.02097957317706811,0.12057671313721308
2018-08-15,162.89,-0.006691632389956292,0.00221008042237103,-0.008441279391000034,-0.01522499846522185,-0.14691674816388556,-0.013813002639819882,-0.13959405698776062,-0.013665663944993911,-0.2157451094004359,-0.004263613481490625,-0.04461844994844466,0.00483557410931823,-0.048307753255375396
2018-08-16,164.89,-0.008611801807265396,0.0016981017648129981,-0.011098307962884246,-0.01212929832009213,-0.27982275250261635,-0.023045666808176546,-0.3630674032108262,-0.023967493480502533,-0.4285018965570534,-0.01755412699375336,-0.31375966125445065,-0.007738492328217883,-0.32038973008590566
2018-08-19,165.12,0.0013323643410851904,0.0031492248062015005,-0.0019385901162790597,-0.0013929263565892747,1.1134200770381155,-0.01930717054263731,0.5581362468765967,-0.02258963178294615,0.30416422665972953,-0.01941618217054275,0.5127854808116299,-0.009043927648577865,0.4590357248123236
2018-08-20,164.61,0.005406718911366237,0.007836704938946504,-0.0005467468562055933,0.0030982321851649175,-0.004648329310715904,-0.010327440617218242,0.5037802799370212,-0.0168033533807187,0.30970359063119757,-0.016633254358787597,0.48649414565952087,-0.006178239475122083,0.44281453178951513
2018-08-21,164.92,-0.0013946155711859198,0.005699733203977875,-0.0035168566577733484,-0.001879699248120148,0.09074406485723396,-0.008100897404803908,0.5066008885616682,-0.016583798205190958,0.41807814344310046,-0.018651467378122732,0.5684538233312451,-0.008420244158783174,0.5518134853558441
2018-08-22,165.2,-0.0013317191283293006,0.007717917675544861,-0.0013317191283293006,-0.0016949152542372614,-0.0884352903780452,-0.004322033898306765,0.2986768917461782,-0.01596246973365656,0.29735416831821104,-0.020968523002421247,0.3874850014123108,-0.010381355932202574,0.41142922526602366
2018-08-23,165.88,0.00018085362912945158,0.00548649626235842,-0.005244755244755317,-0.004099348926935198,-0.2652401886990915,-0.005618519411624501,-0.12018652753633674,-0.017247407764649392,-0.07067337435913679,-0.024972871955630693,-0.006798155082965884,-0.015006832248210755,0.029180403826310375
2018-08-26,166.87,-0.0005393420027566265,0.0023005932762030223,-0.004374662911248439,-0.005932762030323113,0.25690658982529446,-0.010331395697250945,-0.02909883636213728,-0.0199616467909155,0.19750099688601952,-0.029600886917960145,0.21510276988601018,-0.021292023731047438,0.30182607247284365
2018-08-27,167.67,-0.0017295878809565624,0.001371742112483032,-0.0065008647939402975,-0.004771276912983735,-0.15681458720275498,-0.012965945011035096,-0.16684364869457025,-0.020677521321644132,-0.0012700393340010496,-0.032009303989980475,-0.009799068761683238,-0.02611478897039743,0.09536114901870785
2018-08-28,169.77,-0.013076515285386114,0.0008835483300935199,-0.013076515285386114,-0.012369676621311276,0.21713025203647596,-0.021570359898688163,0.06901295743661162,-0.02900394651587479,0.18533153691115078,-0.041526771514402094,0.1667512964366502,-0.03823997172645266,0.31746881974722196
2018-08-29,168.63,0.005515032912293272,0.006760362924746577,-0.0029496530866394144,0.006760362924746577,-0.07378077042093845,-0.009203581806323191,0.015340043808620418,-0.016889047026033777,0.07769442608950627,-0.03206428274921436,0.05736267240692028,-0.031068018739250802,0.2014408288594578
2018-08-30,169.07,-0.002129295558052746,0.002898207842905398,-0.005145797598627766,-0.002602472348731233,-0.4720379599996005,-0.00772461110782674,-0.4510413173849208,-0.016052522623765664,-0.44803518762404704,-0.0320754716981132,-0.44701580810538166,-0.033246584255041456,-0.3725228284603922
2018-09-03,169.5,-0.004365781710914507,0.0005309734513274655,-0.009557522123893825,-0.002536873156342212,0.6715652193615862,-0.006477876106196323,0.04105446683370162,-0.016082595870206773,-0.07223787098397583,-0.03196460176991156,-0.03615629177613178,-0.03519764011799342,0.08250658579662207
2018-09-04,168.64,0.0024312144212526032,0.0038543643263757588,-0.0067599620493358215,0.005099620493358659,-0.10269332076353999,0.0017077798861464544,-0.03694010425723271,-0.008467741935484163,-0.14658023328666026,-0.024383301707779803,-0.12066083976135233,-0.029577798861479376,-0.030556725205021507
2018-09-05,169.36,-0.0063769485120453995,0.003334907888521421,-0.008974964572508348,-0.00425129900803034,0.030812453155066644,-0.0014052905054339204,0.014850181699052944,-0.01030349551251819,-0.08845211379230666,-0.026334435521965127,-0.08107081382093062,-0.03302039048968608,-0.013125240256943282
2018-09-06,169.07,-0.0011829419766959948,0.0035488259300882063,-0.003607973028922795,0.0017152658662094034,-0.0073850917497740864,-0.0001774412965058758,0.05578169471705907,-0.005979771692198987,-0.06076162248659156,-0.02223339445200201,-0.06898009638393277,-0.030912245421028106,-0.028979851856555827
2018-09-09,169.55,0.00182836921262175,0.00855204954290767,-0.0005897965202006361,-0.0028310232969626092,-0.03284145540800987,-0.0024889413152476836,0.05780894593049113,-0.0065113535830144675,-0.06368521930660564,-0.022515482158655287,-0.0967914098735625,-0.03288901995478177,-0.06795709172543785
2018-09-10,170.69,-0.005741402542621121,0.001874743687386493,-0.00857578065498854,-0.006678774386314257,-0.03808141888949612,-0.008588669517840763,-0.0756457889705422,-0.010996543441326945,-0.09321128971387627,-0.026445603140195395,-0.11758006693317025,-0.03787763391723731,-0.11729480389375646
2018-09-11,170.35,0.0019958908130319752,0.0039917816260639505,-0.004931024361608527,0.0019958908130319752,0.12613225429945474,-0.005212797182273188,0.07379295511704664,-0.006780158497212252,0.05308594321306992,-0.021432345171705003,0.004426094113396006,-0.03375207905292987,-0.017235272019202386
2018-09-12,172.07,-0.0052885453594466725,0.0025570988551171236,-0.007090137734642843,-0.009995931888185039,0.09893493376899065,-0.013169059103854353,0.16420878273102701,-0.01515081071656954,0.16200036809011653,-0.02856686232347272,0.09309263769343645,-0.041275837353014655,0.05942056480823177
2018-09-13,171.64,0.0005826147751109012,0.0036704730831975674,-0.00358308086693071,0.002505243532975987,-0.28308501077020887,-0.007539035189933596,-0.18583935556781617,-0.01134350967140596,-0.15719801052755722,-0.02273654159869465,-0.21822119618679925,-0.03647362697117951,-0.24762742864407128
2018-09-16,171.04,0.0023971000935454345,0.003975678203928856,-0.0016370439663236924,0.0035079513564078013,0.2496705076384631,-0.0010523854069235394,0.06107077394282934,-0.006115528531338454,0.09461462099061158,-0.016750467726847296,-0.015808207776132677,-0.03085438104147109,-0.05154002151064674
2018-09-17,172.41,-0.007366162055565284,0.0024070529551649678,-0.007830172263789792,-0.00794617481584603,-0.1479564785207239,-0.007261759758716013,-0.10725454214784103,-0.012870483150630108,-0.11701617862012625,-0.02278000116002521,-0.18419904619947258,-0.03649246950099516,-0.18718367428109728
2018-09-18,173.14,-0.0018482153170844562,0.00098186438720127,-0.007450617996996645,-0.004216241192098846,0.35732086088130877,-0.009460552154327284,0.22675847728810372,-0.015351738477533239,0.22470122800189118,-0.024794963613260612,0.13318302217508626,-0.0382773093065335,0.12376803625056709
2018-09-19,174.13,-0.0013208522368345355,0.0014931373112041513,-0.004996267156721967,-0.005685407454200986,-0.15823463607303556,-0.011887670131512373,0.009305404001396234,-0.01836558892781326,0.012343639626961389,-0.02789008212255184,-0.03954549327557633,-0.041459446007771295,-0.051937104947552326
2018-09-20,174.19,0.00321488030311734,0.008324243642000129,-0.001837074458924115,-0.000344451461048334,-0.6164965219129184,-0.009862793501350664,-0.603122815391115,-0.01596532521958849,-0.6116372138873873,-0.025581261840518787,-0.6249717186700207,-0.03930382532483634,-0.6315264694134377
2018-09-23,172.63,0.002490876440943035,0.0035914962636853787,-0.002259167004576179,0.00903666801830516,1.2861381357182036,0.0020390430400263337,0.15122316804330715,-0.004107049759602188,0.028427294783546664,-0.01417192840178394,-0.05963694864901592,-0.02800594720886629,-0.10908206730291903
2018-09-24,172.82,0.0041661844693900996,0.009721097095243714,-0.002256683254252878,-0.0010994097905334677,0.047864684391858425,0.002777456312925475,0.2370270524150011,-0.0034197430852915822,0.08705518256314626,-0.013302858465455092,-0.006886179461254582,-0.0267696640049373,-0.05430936698581168
2018-09-25,172.97,0.0005781349366942301,0.00913453199976888,-0.0029484881771404403,-0.0008672024050413452,-0.24541944747936706,0.0023819159391786915,-0.0740586330539087,-0.0030525524657460945,-0.17909551641468657,-0.012438573162975919,-0.23969369490218106,-0.025187412075311277,-0.28144732210579215
2018-09-26,170.05,-0.0065862981476036975,0.022816818582769738,-0.007938841517200923,0.017171420170537965,-0.15702620845979687,0.01939429579535279,-0.14924340355322774,0.015607174360481535,-0.2797118624248608,0.006077624228168377,-0.34373339162860983,-0.00614917181221164,-0.3884877001678184
2018-09-27,170.2,-0.0012338425381902551,0.003525264394829808,-0.0066980023501761465,-0.0008813160987072299,0.3054502938102739,0.013701527614569775,0.21913423682299094,0.01352526439482915,0.004309566824852729,0.005273207990599715,-0.10674916503531917,-0.0051370936153538604,-0.18152522172065633
2018-09-30,173.51,-0.013659155091925612,0.0038614489078441228,-0.013860872572186045,-0.019076710276064834,0.020370332333730534,-0.010235721284077237,0.042089700666858354,-0.0066393867788604455,0.032105653233647,-0.013451674255085866,-0.06920191807364195,-0.02271146715847261,-0.15875615337742544
2018-10-01,173.15,-0.00017326017903551705,0.0023678891134852886,-0.003696217152757808,0.0020791221484262046,0.3257450951025911,-0.007161420733469592,0.41127990251473867,-0.003147559919145615,0.40041957692848795,-0.010118394455673974,0.22077024929541023,-0.019020117431898687,0.10807719625489587
2018-10-02,174.14,-0.0024118525324451356,0.00390490410014932,-0.0027564028942229646,-0.005685080969334955,0.06426739874767784,-0.012426783048123724,0.47573319293864613,-0.008389801309291789,0.4713605102509655,-0.014697944182840983,0.30181110353725793,-0.02305999004632242,0.18888764782346978
2018-10-03,171.86,0.01169556615850098,0.013266612358896701,-0.008029791690911336,0.013266612358896701,-0.0691253071474015,0.002036541370881606,0.26493686195958355,0.005347375770975882,0.37667843549848357,-2.618410333965482e-05,0.20584451203748055,-0.00825090189689237,0.1135325641815359
2018-10-04,171.23,0.0017520294340944709,0.005372890264556451,-0.006540909887285951,0.003679261811598611,0.1974504117742466,0.007837411668514482,0.3351953412338893,0.007720609706242554,0.645822999999327,0.004382993634293397,0.44279871214971256,-0.003250987949930284,0.346745367133122
2018-10-07,169.9,0.002589758681577292,0.010829899941141807,-0.007357268981753928,0.007828134196586234,-0.1227245783326012,0.016939376103588755,0.06522111855808865,0.013866980576809462,0.2515140941530991,0.012881106533255027,0.25567234754556734,0.005734745928978269,0.18513889085690627
2018-10-08,168.8,0.002428909952606695,0.00639810426540266,-0.0040876777251184215,0.006516587677725116,-0.16488327855467166,0.019289099526064835,-0.1738405511985729,0.018856635071089256,0.026369639111668564,0.019585308056872197,0.04382744080601042,0.013082543443918127,-0.01149620526696915
2018-10-09,161.74,0.041795474217880546,0.04259923333745519,-0.0009892419933226204,0.04365030295536054,-0.31768209418531934,0.058402374180782424,-0.4184370583412589,0.06084456535179861,-0.2980721012468128,0.06350624459008314,-0.2866893370101993,0.057701661102181,-0.31855907852723964
2018-10-10,156.0,0.03282051282051279,0.03548782051282062,-0.0057051282051281405,0.03679487179487184,-0.3746053226502456,0.08144871794871622,-0.5809098929019197,0.09267948717948671,-0.5536883225578817,0.09987820512820544,-0.5409712487005393,0.09535256410256454,-0.5646857494800228
2018-10-11,159.44,0.0009407927747115963,0.004948569994982499,-0.012857501254390447,-0.021575514300050114,0.40771252523433565,0.03822127446061052,-0.2338954587673323,0.06029227295534323,-0.32314699415226844,0.0711082538886103,-0.306929150159699,0.06884094330155577,-0.35381299106254327
2018-10-14,157.92,0.006458966565349611,0.010733282674772138,-0.0005065856129684576,0.009625126646403359,0.7356869591323292,0.03328267477203495,0.5240845668483396,0.06368414387031374,0.22579159328293374,0.07755509118541082,0.23285509244551084,0.07718887200270208,0.15407245874660425
2018-10-15,161.2,-0.010111662531017362,0.004218362282878418,-0.01425248138957802,-0.02034739454094292,-0.16527392175625744,-0.0026054590570734337,0.2937774897979326,0.03236972704714591,0.006393123956728752,0.05156017369727084,0.03283701151299567,0.05296526054590589,-0.04893982889992177
2018-10-16,158.9,0.001573316551290116,0.009188168659534313,-0.006922592825676532,0.014474512271869022,-0.13283746316603018,0.002265575833856337,0.1444091066559947,0.03979232221522899,-0.10616972483038423,0.06325361862806833,-0.09967410844024904,0.06646528214810155,-0.1671727945914454
2018-10-17,156.2,0.014340588988476455,0.014340588988476455,-0.0065941101152369175,0.01728553137003863,0.22372510278546454,0.015953905249678435,0.37448115482184385,0.04800896286811751,0.1407550456973543,0.07707426376440507,0.1280739672844191,0.08282116944088802,0.03157318111051577
2018-10-18,158.28,-0.01434167298458433,0.0023376295173112016,-0.01800606520090975,-0.013141268637857029,-0.09487369078766239,0.0028556987616865648,0.03331470389915703,0.02434293656810671,0.049706174256100244,0.05725612838008609,0.028817818147047314,0.06582006570634324,-0.061035274476411105
2018-10-21,159.55,-0.009150736446255192,0.004638044500156591,-0.015794421811344495,-0.007959887182701464,0.23889179940135352,-0.006581009088062029,0.18313945235388984,0.00807270448135311,0.3484897504005784,0.04385459103729272,0.21543539224006314,0.05508200146244646,0.17348146990751379
2018-10-22,158.09,-0.008792459991144419,0.007748750711619845,-0.015877032070339636,0.009235245746094023,-0.11148243238522404,0.004655575937755341,0.052434667292155845,0.010835599974697407,0.21016450399498043,0.04935796065532316,0.07729430648946689,0.06271743943323438,0.0437135525056398
2018-10-23,153.12,0.031021421107628067,0.034743991640543426,-0.0008013322884012908,0.032458202716823426,-0.10908341299466662,0.03320271682340481,-0.07257611615127635,0.03665099268547478,0.0852687231079845,0.07860828108672968,-0.03569238666701702,0.09446839080459801,-0.06689537721746497
2018-10-24,156.92,-0.009686464440479159,0.0065957175630897424,-0.013000254906958886,-0.024216161101197953,0.06928436611141153,0.0008157022686703375,-0.02676514050371881,0.0060540402752988776,0.1389178250870573,0.04616365026765257,0.02787603983384268,0.06430452884697102,0.008278115402773567
2018-10-25,154.45,-0.0009711880867593337,0.010553577209453158,-0.010294593719650247,0.01599223049530596,-0.06431400270873278,0.01775331822596149,-0.07984347746611753,0.022738750404661223,-0.03297491894628757,0.05864357397215958,-0.05439050883977836,0.07805546563073307,-0.046766175592584225
2018-10-28,152.74,0.021670813146523527,0.025533586486840232,-0.013814324996726524,0.01119549561346056,0.2950183484364681,0.024132512766791514,0.19648753264722885,0.030921827942908875,0.20499165456443214,0.06533979311247906,0.2268915229542683,0.08637335777574084,0.23898883452121145
2018-10-29,154.62,-0.007631612986677028,0.0015521924718666646,-0.014939852541715148,-0.012158841029620948,-0.16860267659650063,0.002871556072951531,-0.009509772503230818,0.01503686457120601,0.00026686719079282994,0.045670029750356056,0.010727264256429336,0.06921916095373604,0.032102481529603155
2018-10-30,157.62,-0.008882121558177913,0.011610201751046656,-0.010087552341073502,-0.019033117624666973,-0.049044841281671636,-0.02061921076005746,-0.05042747783110901,-0.008457048597894423,-0.05018901940129905,0.019889607917777274,-0.027789889097576292,0.04510637397961337,-0.015504849496666084
2018-10-31,158.58,-0.004288056501450366,0.0039727582292847785,-0.007188800605372747,-0.006053726825577033,0.36314715872723813,-0.020872745617355637,0.28775598208732145,-0.01526674233825287,0.27936271593593975,0.008506747383024482,0.3466802054065403,0.03551729936519932,0.3586403349840963
2018-11-01,157.39,0.009848147912828065,0.020839951712307014,-0.00889510134061866,0.007560836139526295,-0.11367370175673808,-0.011360315140734545,0.08714253411321637,-0.006309168308025304,0.11270283331298914,0.011913082152614995,0.19340873026195982,0.040053370608043704,0.20340808658490284
2018-11-04,158.6,-0.006116015132408559,0.0022698612862548373,-0.01179066834804543,-0.007629255989911821,0.1722140058243249,-0.015195460277428907,0.2187932411559046,-0.014451450189156057,0.2792660013534578,-0.00017023959646889075,0.4139734246115845,0.02858764186633045,0.35700453459155645
2018-11-05,159.42,-0.0028854597917449265,0.003450006272738726,-0.004516371847948841,-0.005143645715719458,0.24937229603742406,-0.01290929619872172,0.4928099231076384,-0.02011667293940622,0.5797318475047533,-0.00885710701292175,0.7670008681986527,0.020363400660728725,0.6863776334443308
2018-11-06,163.87,-0.023616281198511002,0.0007322877891011714,-0.023677305180936026,-0.02715567217916648,-0.4009800982819314,-0.033856105449443175,-0.18756198577426753,-0.04591444437664094,-0.09054169170089532,-0.0386342832733263,0.043914082088278183,-0.010070991232887572,0.0011740669236433021
2018-11-07,164.5,-0.009908814589665638,0.0002431610942248419,-0.009939209726443687,-0.003829787234042481,0.7601604003364977,-0.0299574468085122,0.40892460550740783,-0.043033434650456615,0.5856927442099757,-0.041668693009118574,0.8106541388987811,-0.015706180344478016,0.7533294811708822
2018-11-08,165.15,-0.006781713593702721,0.003027550711474314,-0.012170753860127226,-0.0039358159249167635,-0.3122479392849459,-0.026606115652438755,-0.08171434491442364,-0.04221011201937719,0.03641505975608772,-0.04286709052376647,0.15341102465951395,-0.02070037339792108,0.17365352006169976
2018-11-11,162.44,0.012804727899532242,0.015451859147993074,-0.0007387343018960824,0.01668308298448662,-0.16858959691789321,-0.0008126077320872449,-0.24683710366066436,-0.019644176311254258,-0.16439732921773254,-0.025141590741196818,-0.07404072872283562,-0.005398916523023822,-0.031607981956848
2018-11-12,161.45,0.007556519046144405,0.014803344688758324,-0.0032208113967171492,0.006131929389904034,0.5224981304237886,0.010071229482810473,0.22182777302537793,-0.00762465159492165,0.2960425510165652,-0.0177640136265097,0.4204860830898849,-0.0015856302260761623,0.4727381042048875
2018-11-13,160.29,0.018279368644332106,0.019402333270946537,-0.005708403518622451,0.007236883149291939,-0.4727047001213833,0.019913906045291307,-0.34707827081717635,0.0038180797304876446,-0.3453150027783777,-0.010577702913469378,-0.2659390579615325,0.0032066878782208708,-0.226691704571634
2018-11-14,162.49,-0.015816357929718916,0.0028001723182964344,-0.018831928118653418,-0.013539294725829376,0.10072226346691138,0.0016985660656023693,-0.23904633430993472,-0.008129731060373846,-0.2635694507222244,-0.023546064373192288,-0.1894150188957925,-0.013217223624018004,-0.13366140426066742
2018-11-15,165.0,-0.019939393939393923,0.005030303030303163,-0.020060606060606112,-0.015212121212121121,-0.20401827006097994,-0.015975757575759086,-0.31553784736775214,-0.02084848484848556,-0.389262439962232,-0.03649393939393941,-0.3491055269699642,-0.030121212121212104,-0.30230460520244984
2018-11-18,162.77,0.010628494194261817,0.019475333292375607,-0.004054801253302154,0.013700313325551328,0.4666628693031003,-0.002678626282486052,0.12566706387089566,-0.0027584935798989907,-0.048675669456209936,-0.0212293420163423,-0.027304631340552832,-0.018109397718662268,0.0496028793129506
2018-11-19,158.9,0.008181246066708558,0.013027061044682098,-0.007300188797986107,0.02435494021397111,-0.01376501370254557,0.022026431718059847,0.10393432485414356,0.024153555695405116,-0.03978353663195122,0.0036217747010696133,-0.035388790068373366,0.0043087895951332555,0.04265654712630029
2018-11-20,156.98,0.01923811950566967,0.01923811950566967,-0.0015568862275447959,0.012230857434068154,-0.11902223295608638,0.03127786979232838,0.030992713069953437,0.03634857943687009,-0.12001195682083177,0.016154924194164755,-0.14978339150075914,0.014490168598972453,-0.0788432501700812
2018-11-22,156.93,-0.0068820493213535006,0.0059899318167335736,-0.010705410055438791,0.00031861339450700576,1.6898177434435988,0.027388007391828895,1.7105128188744265,0.03228828139934925,1.3933340149051232,0.017708532466704785,1.2896827602805523,0.013802332250047789,1.461886434520475
2018-11-25,158.4,0.0008838383838383201,0.006818181818181612,-0.006439393939393967,-0.009280303030303028,-0.5586595933584098,0.010833333333331474,0.04369984720037334,0.01792929292929224,0.03956598513928444,0.008267045454545263,-0.02177660233979417,0.004589646464646435,0.026777409970344168
2018-11-26,159.11,-0.0067249072968388335,0.0016969392244357007,-0.010087360945258084,-0.004462321664257529,0.10231880273597582,-0.0019734774684200262,0.037443307045003094,0.00914461693168156,0.15864665354840635,0.005009113192131043,0.06937373260094892,-0.00011103429493219963,0.11027054770981337
2018-11-27,162.21,-0.013562665680291075,0.0009247272054744293,-0.01800135626656818,-0.019111028913137207,-0.30674557964257854,-0.025559459959313857,-0.29977889233536537,-0.012194069416189612,-0.20875131637360445,-0.01223414092842623,-0.25828006180670393,-0.018975402256334428,-0.2304810588265156
2018-11-28,161.07,0.007077668094617406,0.008629788290805296,-0.0016142050040354183,0.007077668094617406,0.15300760302431327,-0.01455267895946033,-0.14633744937770665,-0.004730862357981702,-0.03396339168019835,-0.0028869435649097053,-0.134696506435383,-0.011823016907762551,-0.10647502909612805
2018-11-29,164.52,-0.016715292973498608,0.00012156576707988975,-0.02151714077315836,-0.020970094821298413,-0.5860203384669824,-0.030245562849503305,-0.6504090598002225,-0.025127644055434772,-0.6070289194649374,-0.022747994164843188,-0.6417853728718947,-0.032105519085825485,-0.6316572396612679
2018-12-02,166.82,-0.005095312312672351,0.0014986212684331424,-0.012828198057786788,-0.01378731566958391,1.514289655350781,-0.03451624505455142,0.3008783587188215,-0.037351636494425744,0.129038383202688,-0.03444131399112815,-0.011815233017011595,-0.04378771530192205,-0.021624240177536835
2018-12-03,164.21,0.013701966993483916,0.02533341453017468,-0.0007307715729858444,0.015894281712441227,-0.2537903216727433,-0.008915413190428656,-0.016902864513389737,-0.020942695329152494,-0.18640804398976485,-0.01622312892028488,-0.2574449685661029,-0.026855855307228338,-0.2710670584444791
2018-12-05,159.25,0.009167974882260621,0.015635792778649904,-0.016389324960753626,0.03114599686028252,-0.48291367504763527,0.028357927786497594,-0.452442272175681,0.01045525902668687,-0.5640940350797824,0.01617896389324991,-0.6043619535250098,0.004429094714809123,-0.6167002807997047
2018-12-06,157.45,0.009082248332804133,0.021149571292473857,-0.0076849793585264115,0.011432200698634487,0.9456750906359028,0.03635439822165587,0.2743061333395467,0.02222927913623307,-0.02930933548989023,0.02774214036201994,-0.1550180398050427,0.01615751032073698,-0.2131437349661549
2018-12-09,157.72,-0.004438244991123441,0.005896525488207072,-0.020986558458026883,-0.0017118944965762717,0.3547586489902588,0.029989855440018642,0.7855999151223778,0.020777326908444582,0.3397939262520435,0.02394750190210515,0.16253681062688874,0.015333079719333842,0.07500390556896863
2018-12-10,158.3,0.01073910296904601,0.015982312065698112,-0.0056222362602653675,-0.003663929248262865,0.276767447210702,0.01762476310802108,0.8821491764013099,0.017536323436512014,0.7857204830256441,0.018054327226784572,0.5118969386321439,0.011781427668982936,0.37191836427017844
2018-12-11,158.62,0.01033917538771889,0.016328331862312417,-0.0005673937712772359,-0.0020174000756524313,-0.26283567179335665,0.004829151431091416,0.34343304885038384,0.015420501828267819,0.30229312541031206,0.01384125583154705,0.11254109308959381,0.01054932122893315,0.00189024429662088
2018-12-12,160.25,-0.002870514820592862,0.005241809672386966,-0.006427457098283962,-0.01017160686427454,0.08812738950738264,-0.0123681747269907,0.4002737985394118,0.0047862714508568605,0.4392110668848792,0.0023369734789391305,0.21416842336851238,0.001493499739989801,0.09787754497268963
2018-12-13,155.53,0.018002957628753258,0.01999614222336521,-0.0026361473670674096,0.030347842859898444,-0.046646653759440215,0.01889024625474023,0.0109052508840366,0.03401916029061813,0.3482350302355275,0.0323699607792709,0.17337413677750524,0.03309329389828353,0.04567410294704555
2018-12-16,151.67,0.02017538076086245,0.021823696182501573,-0.005208676732379458,0.025449990110107512,-0.1520444826934113,0.042289180457570685,-0.19752969910879992,0.056682270719323746,0.14039263911458555,0.05707456978967529,-0.013811750716593352,0.05892617744664985,-0.11426993373499583
2018-12-17,152.14,0.007821743131326553,0.01242276850269497,-0.006507164453792402,-0.0030892598922045433,0.02317876490592674,0.031116077297224543,-0.14371354178078954,0.044971736558431896,0.05251977893789617,0.050253056395425544,0.012632634848291913,0.054140922834232,-0.08156657086219443
2018-12-18,150.96,0.008810280869104403,0.034760863804981446,-0.009141494435612074,0.007816640169581168,-0.17433177938777022,0.03101483836777752,-0.23741937303923355,0.04341547429782611,-0.11953813381185419,0.054203100158982664,-0.17196544420836624,0.06122151563328071,-0.23458813185447347
2018-12-19,143.5,0.017421602787456525,0.025783972125435373,-0.0279442508710801,0.051986062717770176,-0.4911777288830459,0.07393728222996332,-0.5858415841893119,0.088425087108013,-0.5496258211199654,0.10489198606271821,-0.5703563327536489,0.11461556329849043,-0.6024494294742034
2018-12-20,137.2,0.027842565597667734,0.055758017492711476,-0.0019679300291544077,0.04591836734693877,0.02762773047346112,0.09883381924198043,-0.440293144599211,0.12692419825072787,-0.5308195773492117,0.15001457725947565,-0.5249432652837409,0.16192905733722074,-0.5645064558019699
2018-12-23,133.67,0.0217700306725519,0.02431360813944794,-0.0005236777137727078,0.02640831899453877,1.7051716398003953,0.1004264232812131,0.8524826343331648,0.14153512381237277,0.4057017941450105,0.17298571107952454,0.3655931652031723,0.18596294356749254,0.23531431694320903
2018-12-25,139.01,-0.030285590964678644,7.193727070009537e-05,-0.04589597870656781,-0.0384145025537731,-0.0735694111208397,0.03225667218185557,0.6800729554218905,0.08038270628012278,0.30327459583395466,0.1195597439033167,0.29258298598874966,0.13301201352420722,0.1579750758411982
2018-12-26,140.41,-0.023502599529947932,0.0,-0.04073783918524321,-0.009970799800584018,-0.07290597195296589,0.003261875934760683,0.5423868291294571,0.055872088882557236,0.2344154334683879,0.10149205897015912,0.20507050501648827,0.11550934168981342,0.08108194863954554
2018-12-27,139.82,0.008510942640537866,0.01416106422543284,-0.007223573165498487,0.004219711057073416,0.3317219800396587,-0.007595479902734015,0.9967983283201791,0.047303676155055596,0.6568409339300498,0.0994528679731086,0.6235273952384708,0.11496447813855948,0.4466533908618209
2018-12-30,141.01,-0.004325934330898451,0.001985674774838575,-0.011488546911566644,-0.008439117793064277,0.10350832628025652,-0.021189986525780302,0.7224286745069872,0.02397702290617576,0.816759697934881,0.0822353024608189,0.770540849632054,0.10044204902725618,0.6060426162772239
2019-01-01,140.59,-0.011807383170922559,0.004267728856959918,-0.016430756099295896,0.0029874101998719205,-0.11313896078611296,-0.012845863859451523,0.09929866827082034,0.01670815847499707,0.5864746148987232,0.07833416316950004,0.5559477251750657,0.09915830903098888,0.40826004833500273
2019-01-02,135.79,0.024596803888357055,0.027837101406583686,-0.001546505633698958,0.035348700198836625,-0.26477148032147035,0.03224096030635337,-0.20932005605812576,0.04448781206274277,0.14159802782773334,0.10764047426172785,0.07663109012778713,0.13263617841274566,0.029416213496833654
2019-01-03,141.07,-0.020911604168143416,0.0019139434323385274,-0.02530658538314312,-0.03742822712128735,0.21986743950800824,-0.010959098319984983,-0.008239025178306991,-0.006195505777274901,0.3973334186820505,0.05518536896576176,0.32383036332861725,0.08334160345927621,0.24969532104689218
2019-01-06,141.56,-0.005156823961571022,0.005721955354619945,-0.012079683526419971,-0.0034614297824244744,-0.008294795154229706,-0.013450127154565394,-0.049966553941863,-0.016621927098051548,0.34408315696241565,0.043359706131675946,0.29530714450122186,0.07448196288970554,0.24079697918830378
2019-01-07,145.14,-0.003513848697808908,0.011506132010472792,-0.01688025354829814,-0.024665839878737716,-0.12549504772888886,-0.035386523356760735,-0.1465343543391805,-0.04221441366956169,0.020815211008252676,0.01153024665839908,0.06295049012887954,0.043996600982959766,0.08622277811828916
2019-01-08,145.87,-0.004181805717419662,0.009117707547816378,-0.0050044560224858925,-0.0050044560224858925,0.2137229809075316,-0.034551312812780344,0.11116552336757879,-0.041564406663468945,0.07448450702159515,0.002248577500514326,0.2799946417881851,0.03606636045794276,0.3202409316046493
2019-01-09,147.02,-0.016052237790776802,0.0007481975241463434,-0.018704257924091916,-0.007822065025166691,0.1879981420665644,-0.0349204189906156,0.33335398913882175,-0.04076316147463099,0.26974122341540663,-0.009621139980954818,0.5179294932775156,0.025454586677550184,0.5909998408159807
2019-01-10,146.23,-0.02201942145934488,0.008206250427408968,-0.02201942145934488,0.005402448198044363,-0.08388668313870684,-0.01434726116392171,0.12523230215967285,-0.03010326198454638,0.1306921200094382,-0.00812760719414607,0.39184155114538544,0.028400465020858467,0.4526943990906289
2019-01-13,144.93,-0.0010349824052992007,0.00503691437245557,-0.005381908507555377,0.00896984751259211,0.35029695487377155,0.0016145725522644927,0.48007967295558496,-0.017387704409026705,0.48098316750518166,-0.0035051404126128505,0.8652925529227675,0.034662710733918134,0.9632410259588249
2019-01-14,146.89,-0.012322145823405073,0.004152767376948807,-0.012793246647150869,-0.01334331812921219,-0.03847787986616391,-0.007161821771395238,0.3154723707203082,-0.027020219211656538,0.38959810308177967,-0.022016474913200246,0.769471261896219,0.016935575373863365,0.8596423869597449
2019-01-15,147.88,0.0060860156883959515,0.010684338652962033,-0.001081958344603673,-0.0066946172572356355,-0.42329165460504814,-0.011441709494186214,-0.3238294876224449,-0.029557749526644583,-0.2091646761105248,-0.03148498782796871,0.005674028144813992,0.006931295645118629,0.06163022034631638
2019-01-16,149.12,-0.012607296137339019,0.003352333690987086,-0.012607296137339019,-0.008315450643776923,0.47516888355024633,-0.016966201716739904,0.05207343817153931,-0.03273873390558091,0.2006442921217062,-0.04080941523605153,0.481394956084767,-0.005161391273246774,0.5081241528272153
2019-01-17,150.45,-0.0029910269192422456,0.006314390162844852,-0.008906613492854598,-0.00884014622798257,-0.2654033327761032,-0.022864739115987076,-0.22889806452239647,-0.03242937853107486,-0.1579417644551645,-0.050292455965436966,0.07046300969863828,-0.017877478675084824,0.10104891495952528
2019-01-21,148.97,0.003557763308048578,0.009599248170772734,-0.0071155266160972674,0.009934886218701644,0.26671834951242257,-0.007491441229779627,0.024549351734067137,-0.016520104719072393,0.07557677902045645,-0.0410283949788548,0.33570684751560886,-0.011199122865900524,0.38380886165968575
2019-01-22,148.42,0.009702196469478785,0.016911467457216167,-0.006602883708395013,0.003705700040425919,-0.019769884097697532,0.0016305080177856368,0.051114217117917304,-0.007883034631452568,0.03595253137041743,-0.035631990297803506,0.1972507065160305,-0.009843686834657306,0.28840050533759065
2019-01-23,150.15,-0.008924408924408933,0.0010656010656009407,-0.009856809856809923,-0.011521811521811642,0.0215833802273091,-0.007872127872129875,0.1195701910398963,-0.017129537129538464,0.02451310703738252,-0.043006993006993066,0.11405705114250142,-0.023256743256742207,0.2973753407514812
2019-01-24,151.85,-0.0017780704642738066,0.0024366150806718334,-0.00586104708593993,-0.011195258478761905,0.11748967946823807,-0.015989463286139483,0.16738843928314262,-0.025314455054331164,0.13145439888460797,-0.04829436944352972,0.23467982683883348,-0.035853364065414506,0.44342954354418107
2019-01-27,152.24,-0.0099842354177615,0.0,-0.013399894902785259,-0.0025617446137677913,-0.14840893921789178,-0.014923804519182182,-0.012895981768983211,-0.02463872832370073,-0.04103517894364472,-0.04651537046768284,0.03322306219712279,-0.03973550534244097,0.22850151778556738
2019-01-28,152.02,0.0,0.0025654519142217502,-0.005986054466517565,0.0014471780028944004,0.04242331018050449,-0.011143270622288481,-0.014204634878173805,-0.019273779765821675,0.0017871668098756732,-0.04124457308248919,0.06081488551853975,-0.0397447704249434,0.274220665457497
2019-01-29,154.09,-0.01018885067168529,0.0026607826594846617,-0.014634304627165862,-0.013433707573495934,0.16902168250008187,-0.02046855733662345,0.15396117215899108,-0.027847361931340076,0.19961773540978833,-0.05016548770199247,0.23855659391532424,-0.054424903195101515,0.4843547201043188
2019-01-30,153.55,-0.0003256268316510491,0.008808205796157598,-0.0028003907521980675,0.0035167697818299093,-0.2062355877594676,-0.009638554216869433,-0.11335125858826567,-0.0197394985346806,-0.04138262037987117,-0.04256593943340947,-0.020355483421817477,-0.05141213502659181,0.1678821905234984
2019-01-31,154.74,-0.003166602042135258,0.003101977510662879,-0.006979449398991977,-0.007690319245185484,0.08080842651573583,-0.012860281762959058,-0.024521896374698038,-0.023613803799923727,0.007404105985298504,-0.04574124337598573,0.06024269141768368,-0.058302098143120706,0.25137256103894345
2019-02-03,156.55,-0.00990099009901002,0.0005748961992972923,-0.014819546470776213,-0.011561801341424482,0.17491684601839164,-0.020581283934846928,0.17188249091037844,-0.03131267965506368,0.19218472607500003,-0.0507218141168958,0.2203772568008613,-0.0686362184605549,0.4555543218664264
2019-02-04,157.32,-0.0036231884057970065,0.0005720823798627261,-0.004894482583269633,-0.004894482583269633,-0.16090114998098892,-0.019895753877448796,-0.054992609603235154,-0.03217645563183458,-0.040147455412112176,-0.05044813119755931,0.008146684897151424,-0.07201033985930916,0.1945794020703182
2019-02-05,157.16,-6.362942224480417e-05,0.005521761262407887,-0.0017179944006109338,0.0010180707559175328,0.4439140204041565,-0.012153219648767366,0.36776041477301646,-0.025878086026980163,0.3885134633983174,-0.04446742173581075,0.44367954712371205,-0.06813438533978022,0.6176487712179715
2019-02-06,155.18,0.004317566696739217,0.005284186106456978,-0.006379688104137138,0.012759376208274276,-0.348256841428801,0.00440778450831103,-0.1374101738869571,-0.007816728959918917,-0.12416759042088599,-0.028402500322206592,-0.08925138705309688,-0.05195686729389437,-0.022510993820522684
2019-02-07,155.59,-0.009255093515007418,0.0023137733787517156,-0.010090622790667747,-0.002635130792467355,-0.08268031977630097,0.0038562889645847864,-0.2092314126438496,-0.007198406067229435,-0.18952184409144635,-0.02797094928980015,-0.16610980278954346,-0.04984681963279458,-0.10616323071039613
2019-02-10,155.32,0.004378058202420876,0.012747875354107707,-0.0019314962657738244,0.0017383466391964753,0.6307556297907455,0.006695853721347733,0.3381281672446992,-0.0030646407416959898,0.3612051339494602,-0.02352240535668304,0.37631117195497876,-0.04463687870203359,0.453176886451353
2019-02-11,156.63,-0.0038306837770542,0.002553789184702948,-0.006320628232139525,-0.008363659579901705,-0.2421962218657291,-0.0032943880482684262,-0.013431277003366326,-0.00943625103747836,-0.0026473372437736398,-0.028787588584562207,0.027015508165613822,-0.049454127561768924,0.07841114994808396
2019-02-12,158.03,-0.006517749794342831,0.0032272353350628613,-0.007403657533379682,-0.008859077390368952,-0.04656575745934177,-0.012997532114157329,-0.07211002689204771,-0.015294564323231175,-0.0543139966705084,-0.03368980573308855,-0.011158535023690574,-0.05432934674850676,0.025558611858112368
2019-02-13,157.85,-0.0008235666772251626,0.006255939182768566,-0.00703199239784591,0.00114032309154255,0.2570288339137976,-0.010769718086792945,0.24069418769441375,-0.01167564143174038,0.20631885166576835,-0.02905923344947714,0.2561462898896185,-0.04965684721782193,0.2918530022636927
2019-02-14,159.23,-0.0009420335363937715,0.0006280223575960697,-0.006280223575959254,-0.008666708534823764,-0.3516311846518977,-0.01598944922439416,-0.2420779470180704,-0.017540664447655674,-0.2413542099363558,-0.03434340262513336,-0.20901938969125533,-0.05427997236701543,-0.1694523892522093
2019-02-18,159.48,-0.005455229495861413,0.003887634813142693,-0.00808878856282913,-0.0015675946827188314,0.4459911067754394,-0.012967143215451893,0.10743174637286579,-0.016265362427891894,0.12341848259808685,-0.032687484324052996,0.16127191462697588,-0.05086322213861638,0.1927941659996144
2019-02-19,159.71,0.00043829440861564706,0.0025671529647486313,-0.008002629766451608,-0.0014401101997371102,-0.14723722677149065,-0.009179137186151598,-0.030294987179282584,-0.01584747354580307,-0.042486997820915584,-0.03125352200864051,-0.03066256932221878,-0.04838770271116333,0.006189773386548358
2019-02-20,159.53,0.0003134206732275935,0.00325957500156715,-0.004074468751958937,0.001128314423619381,0.05819198206276077,-0.004199837021251596,0.03498251925387885,-0.013238889237135343,0.010883330591469065,-0.026794333354227762,0.025532702450355105,-0.04352159468438477,0.05796700393412113
2019-02-21,161.5,-0.008173374613003048,0.002043343653250762,-0.009534984520123801,-0.012198142414860724,0.09305275041441985,-0.014489164086688877,0.11741504391898316,-0.02380804953560489,0.13236982689632826,-0.03522600619195004,0.11637774374559373,-0.052218782249741524,0.14029259077542577
2019-02-24,161.67,0.002412321395435235,0.004577225211851443,-0.0008659615265663723,-0.001051524710830587,0.227579189886149,-0.011010082266346588,0.3901919737096009,-0.02092534174553229,0.3585999309993977,-0.03273025298447407,0.36064019986784634,-0.04999278365394466,0.3875625196135186
2019-02-25,161.34,0.00173546547663328,0.0071897855460518745,-0.0018904177513325848,0.0020453700260318897,-0.10370016594699527,-0.005962563530434339,0.11143147463526715,-0.015154332465601827,0.156645381163804,-0.027708565761744963,0.2072648816718652,-0.04502293293665505,0.2334443359095626
2019-02-26,160.63,0.0013696071717612668,0.003922056900952375,-0.0031127435721844954,0.004420095872502028,-0.006514579536578968,0.0007470584573225914,0.08724863316844567,-0.007053476934571479,0.15665126269200735,-0.020578347755711324,0.18246986461858894,-0.03766627238581344,0.21503367178686106
2019-02-27,161.38,-0.0029743462634774787,0.003841863923658373,-0.006134589168422466,-0.004647416036683616,-0.23845212072546307,-0.0027636634031495966,-0.2122723014468617,-0.009189490643203624,-0.13526109434093192,-0.022462510843970218,-0.11007343355787202,-0.038895773949683354,-0.07383731439211816
2019-02-28,164.2,-0.0073081607795371095,0.004263093788063443,-0.009262484774664959,-0.01717417783191222,-0.09433347339388254,-0.017637028014617973,-0.2702646964816072,-0.02416565164433737,-0.21390711471677237,-0.03703105968331255,-0.18643657232331723,-0.05246041412911018,-0.1541202491641258
2019-03-03,162.82,0.011853580641199013,0.012897678417884695,-0.01173074560864762,0.008475617246038514,0.17457907025303232,-0.0059943495885042,-0.08506197680378125,-0.01199484092863412,-0.04110437243872456,-0.025598820783687026,-0.04145831092382035,-0.04108831838840388,-0.014349856965790608
2019-03-04,163.67,-0.004276898637502247,0.0014663652471436084,-0.007026333475896429,-0.005193376916967085,0.21172059038694857,-0.009751328893506606,0.17617176194124107,-0.014932486100080578,0.13004243062774457,-0.028190871876336066,0.15953235582946723,-0.043278140974725154,0.19607162625608865
2019-03-05,162.39,0.01028388447564521,0.01028388447564521,-0.0003079007328036232,0.007882258759775773,-0.097053548197647,0.0009237021984096483,0.06649140144677457,-0.004587720918776905,0.015094904558915045,-0.01833856764579056,0.04408099122347009,-0.03302337992897697,0.06257729871181805
2019-03-06,161.85,0.0022242817423541172,0.003707136237256714,-0.006611059623107818,0.003336422613531065,0.04724138764363994,0.006438059932034168,0.14067473024081978,0.0003892493049106882,0.05041113353230475,-0.013497065183811885,0.08578293599487674,-0.02703326125012806,0.10840512814316261
2019-03-07,161.69,-0.004267425320056861,0.0007421609252273864,-0.007359762508503898,0.0009895479003030339,0.1351310573744633,0.00801533799245302,0.245123239195139,0.002814026841485573,0.17997181340612012,-0.011070567134640164,0.2421061763616661,-0.02330179149401057,0.2505380599027984
2019-03-10,163.94,-0.008905697206295082,0.0007929730389166778,-0.011893985604489399,-0.013724533365865543,0.17541980142310476,-0.008881298035868235,0.3394874920094444,-0.01083323167012451,0.36912175228753585,-0.02265767963889187,0.4337207090212467,-0.03436013175551966,0.456753755997787
2019-03-11,163.99,0.0030489664003903183,0.011159217025428214,-0.0016464418562107674,-0.00030489664003907624,-0.4723882831492864,-0.007817549850602123,-0.34907077711410106,-0.009750594548449398,-0.28306133177271975,-0.02040978108421221,-0.2660874689309174,-0.03219708518812092,-0.23852162204003713
2019-03-12,164.11,0.005240387544939384,0.007154957041008991,-0.0027420632502590525,-0.0007312168667357177,0.12215602528179037,-0.008153068064104874,-0.19452288328481915,-0.008859911035282608,-0.15611696479153214,-0.01848455304369001,-0.15398785259893388,-0.030518148396400435,-0.14065675764808516
2019-03-13,164.82,-0.0021842009464869694,0.0006673947336488517,-0.004307729644460467,-0.004307729644460467,-0.07704577190254469,-0.010338551146706787,-0.2246992956474626,-0.011018080330058133,-0.1965169128303167,-0.0204435141366337,-0.2140174524374826,-0.03224932249322465,-0.20492833870003868
2019-03-14,166.39,-0.00835386741991695,0.00390648476470945,-0.008954865076026053,-0.009435663200913491,-0.39257812813554716,-0.01610673718372635,-0.4961552272096059,-0.018282348698841266,-0.5051853889322644,-0.027645892181020315,-0.5183237696079559,-0.03923112366528414,-0.5117876505129522
2019-03-17,166.43,0.0019227302769933008,0.0060686174367601264,-0.007751006429129514,-0.00024034128462424587,1.347285795394595,-0.010695187165776998,0.4689662709079674,-0.017202427446976087,0.2562937440648756,-0.02531394580304014,0.19922545056700858,-0.036890384345770855,0.17992163123596305
2019-03-18,166.2,0.00547533092659469,0.008603489771359829,-0.004031287605294698,0.0013838748495789144,-0.1833822365623825,-0.006329723225031447,0.23565889087373937,-0.013670276774971013,0.010304810467291148,-0.021799037304452207,-0.0412866857561075,-0.03321299638989139,-0.04270216967582652
2019-03-19,166.27,0.0007818608287724071,0.005954170926805613,-0.008780898538521709,-0.0004210019847237234,-0.0841468169156987,-0.004089733565888265,0.09396865062402826,-0.012563902086968337,-0.056642319308942146,-0.020190052324532415,-0.1150725723492303,-0.0316854112788435,-0.11881554410472972
2019-03-20,168.24,-0.01818830242510705,0.004041844983357024,-0.01818830242510705,-0.011709462672372828,0.27748831219797876,-0.013183547313363353,0.40157025492639886,-0.021820019020448278,0.22886327536887618,-0.029713504517356104,0.1360755988217086,-0.04125059438896783,0.12856766243759554
2019-03-21,165.24,0.015492616799806402,0.0192447349310092,-0.0007867344468651671,0.018155410312272968,0.03976353143035416,0.008871943839262597,0.38196998908126645,-0.00019365770999879572,0.2784323194509437,-0.009461994674413221,0.17596989549212294,-0.02160897280722962,0.17950123225705816
2019-03-24,165.08,-0.0006057669008966426,0.0023624909134964955,-0.006542282529682697,0.0009692270414345394,-0.09443882892620303,0.008456505936514258,0.010242516937426283,0.002925854131328842,0.16586920029809638,-0.007369154349406548,0.06274571345112179,-0.018629351425571317,0.058556307702275046
2019-03-25,166.94,-0.0027554810111417583,0.003953516233377252,-0.005990176111177692,-0.011141727566790327,-0.004498018442044338,-0.004396789265605605,0.025686233262500302,-0.00756559242841881,0.19040021508593874,-0.01740745177908254,0.06926515304062009,-0.027668623457529518,0.043851751941716755
2019-03-26,166.47,0.003183756833063045,0.007989427524478954,-0.006607797200696819,0.0028233315312067297,-0.2518273040400789,-0.000696822250256357,-0.2470752404458163,-0.002991530005407639,-0.13350140869371274,-0.01295128251336597,-0.19471313777845112,-0.02259666406359484,-0.2138655158652507
2019-03-27,175.12,-0.02398355413430797,0.013533576975788053,-0.02649611694837839,-0.049394700776610345,-0.5598458108654774,-0.04982868889904157,-0.6594318688662568,-0.05089081772498971,-0.6134012147830712,-0.060038830516217834,-0.6377709293727671,-0.06900220800974544,-0.6508000754732265
2019-03-28,176.02,-0.004090444267696891,0.005397113964322076,-0.006078854675605205,-0.005113055334621142,0.9469120117821046,-0.046869673900694186,-0.06775395336274292,-0.04989205772071492,-0.134501350333337,-0.060941938416089414,-0.2338030500331948,-0.07052607658220633,-0.2787086084396344
2019-03-31,176.32,-0.00465063520871134,0.0011343012704174704,-0.008705762250453719,-0.0017014519056259836,-0.06884458608864019,-0.03626361161524605,-0.053340837147641706,-0.046046960072596455,-0.22646884310860727,-0.05918784029038138,-0.2773943508501058,-0.06867248941318793,-0.3147106436748184
2019-04-01,175.37,0.0026230256030108645,0.006728630894679899,-0.004647317100986426,0.005417118093174356,0.5481899994957276,-0.01822432571135424,0.5912234743546221,-0.03523977875349393,0.2696178913817744,-0.05024234475680023,0.14684338386629392,-0.060379008192202877,0.07105563997643949
2019-04-02,177.19,-0.00728032055985095,0.0011287318697443816,-0.009650657486314218,-0.010271460014673495,-0.22498102303183454,-0.01879338563124444,0.2449666311570391,-0.039974039166997044,-0.017077901461589162,-0.05669620181725854,-0.1039540991057053,-0.06704102940346479,-0.16632539013584446
2019-04-03,177.16,0.0001693384511176621,0.001580492210431217,-0.007337999548430729,0.0001693384511176621,0.09324843255700443,-0.006525174983067483,0.3703643374453476,-0.033647550237075,0.09012896331606357,-0.05235944908557255,-0.003912484836525176,-0.06359411454805419,-0.08066677884187612
2019-04-04,178.15,-0.003985405557114796,0.0015155767611563231,-0.0062307044625316,-0.005557114790906592,0.21950994163669724,-0.009755823744037384,0.33505982708562176,-0.03401066516980178,0.3618560765786698,-0.05332865562728084,0.2312586383328452,-0.06549911123584973,0.12891641576444823
2019-04-07,178.91,-0.0069308590911631995,0.000922251411324071,-0.008607679839025217,-0.004247945894583771,0.35540113827732345,-0.011581241965235245,0.6768269482096196,-0.030898216980605797,0.8647086704638369,-0.052749986026494056,0.6835374257633351,-0.06636670206621553,0.5345554609862984
2019-04-08,177.73,0.00011253024250268417,0.00416361897259887,-0.002531930456310061,0.0066392843076577,-0.24287180606637915,-0.002104315534801393,0.09267049012603734,-0.016682608451022207,0.3899710263805467,-0.0422494795476287,0.2783181299005988,-0.056934676194226985,0.1619539700179633
2019-04-09,177.0,-0.001129943502824804,0.004237288135593209,-0.005084745762711895,0.004124293785310762,0.14612589628747918,0.004677966101693576,0.23850164805067542,-0.006531073446328639,0.5953670095446046,-0.03441807909604555,0.44814500318743167,-0.04995856873822968,0.33780393009173526
2019-04-10,178.36,-0.006615833146445427,0.0006167302085668958,-0.008185691859161293,-0.007625028033191428,0.11673602262288285,-0.003195783808030206,0.2561958222737748,-0.008202511773941379,0.7256155605696923,-0.03816718995290469,0.5991164347510733,-0.05414330567391801,0.4950646028742387
2019-04-11,178.64,-0.0007836990595611049,0.0040304523063146025,-0.004702194357366629,-0.0015673981191220987,-0.46789442029600337,-0.00341468875951767,-0.39561431106112055,-0.007943349753695483,-0.2312673964509926,-0.035885020152261915,-0.1651103499075317,-0.052457456336766684,-0.21197816904175704
2019-04-14,179.3,-0.004963747908533267,0.001868377021751133,-0.007557166759620815,-0.0036809815950921143,0.6444147013483787,-0.006536530953710318,0.09288583692894847,-0.01013385387618626,0.25736120019977804,-0.03601784718349177,0.3397596735887276,-0.05326082915039965,0.3048072073228929
2019-04-15,179.06,0.004132692952083072,0.004691164972634887,-0.004467776164414183,0.0013403328493242217,0.0009466929087633691,-0.00476935105551346,0.12436269708607672,-0.007142857142858228,0.1746194226532738,-0.03113202278565874,0.34188019267548886,-0.04892401057373674,0.3003425479345678
2019-04-16,178.95,0.00352053646269912,0.005867560771165126,-0.0002794076557697256,0.0006146968426936628,-0.011776739641537692,-0.002671137189160344,0.08720771884827938,-0.004470522492317275,0.14214265213275934,-0.026943280245878998,0.3159552685414184,-0.04547266461767696,0.2861100831526775
2019-04-17,178.61,0.0006158669727338584,0.002183528357874609,-0.0068305246066850955,0.0019035888248137844,0.2408558347616947,0.0014108952466254099,0.35736860211533883,-0.0015900565477867667,0.35324938963123276,-0.021541347069033545,0.6142943364143505,-0.040565104604072144,0.5934568670211935
2019-04-21,178.07,-0.0046049306452518035,0.001010838434323702,-0.005896557533554114,0.003032515302970884,-0.053339473706863205,0.004728477565001166,0.2709603372040641,0.0022519234009088507,0.21288065294551428,-0.01566237996293629,0.515750631970687,-0.034518260609123774,0.5004408730807746
2019-04-22,180.48,-0.012632978723404298,0.0003878546099291835,-0.013990469858155885,-0.013353280141844004,-0.21924899483457827,-0.009319592198582805,-0.14990274579997942,-0.011175753546100342,-0.07922848548355754,-0.02525210549645429,0.17757967255605767,-0.04438534278959805,0.17027428503368092
2019-04-23,180.81,0.00027653337757871377,0.003318400530944121,-0.00298656047784962,-0.001825120292019311,0.2192941243954838,-0.009822465571595607,0.05915320603608043,-0.012112161937946953,0.1508290801519263,-0.02277252364360416,0.4363496436068435,-0.043080213115056276,0.4393141463294714
2019-04-24,179.95,0.0035009724923591445,0.0035009724923591445,-0.007446512920255444,0.004779105307029852,0.4141178674582566,-0.0031453181439300426,0.4680498245864768,-0.005679355376494555,0.5936414649950317,-0.014248402333982058,1.0160308550117665,-0.03539131240159277,1.006814136987677
2019-04-25,180.83,-0.00392633965603062,0.00011060111707128506,-0.009622297185201578,-0.004866449151136543,0.024859614779391803,-0.006890449593542236,0.38538885271081535,-0.008886799756678831,0.5791012574794594,-0.015318254714373092,0.9998027580227902,-0.037165662039853276,1.0217438579197982
2019-04-28,181.21,-0.0023729374758567623,0.002837039898460292,-0.003145521770321791,-0.0020970145135478235,-0.09130936439660531,-0.006522818828984089,0.20326592425854373,-0.009602119088351735,0.3983224322304528,-0.015807626510678685,0.6198764891404152,-0.03623972186965385,0.7993767201124975
2019-04-29,182.67,-0.00596704439699991,0.0008758964252477686,-0.008211528986697303,-0.007992554880385305,-0.27597783332541137,-0.0110253462528066,-0.16554294483920307,-0.01611101987190111,-0.08861441354742972,-0.022253243553950086,0.11874940992395588,-0.041238298571193766,0.24580667817409907
2019-04-30,181.31,0.010424135458606765,0.011251447796591485,-0.00011030831173131084,0.007500965197727583,0.2359323697933433,-0.0011913297666991118,-0.00885743256293059,-0.006872207820860288,0.11965291637159603,-0.013168054712923039,0.3246680454516191,-0.031060982111668745,0.5382199725315995
2019-05-01,179.39,0.008974859245219902,0.01638887340431472,-0.005017002062545184,0.010702937733430007,-0.3424931227502438,0.010056301912034105,-0.37178388371614346,0.005011427615808195,-0.28369561364010354,-0.000950443168515891,-0.14703618182077927,-0.017882825129605595,-0.0010816819908917585
2019-05-02,176.98,0.0002825177986214289,0.0055373488529777415,-0.002617809922025094,0.013617357893547233,-0.29487176617193855,0.023177760198891173,-0.4932740107303023,0.01894564357554418,-0.48549741442994343,0.013275511357215164,-0.40959537507555244,-0.002037895054054828,-0.2986066277152216
2019-05-05,176.26,-0.01378645183252003,0.003460796550550427,-0.019119482582548586,0.004084874617042988,0.6439903872693884,0.022988766594801868,0.03789680422096531,0.022183138545329717,-0.07070969332739585,0.01736355384091648,-0.016806330957138904,0.0036915163205870627,0.1738113405522863
2019-05-06,173.94,0.005634126710359899,0.006956421754628073,-0.009083592043233168,0.013337932620443693,-0.2938040907555163,0.03094170403587304,-0.2221340887629839,0.034776359664250966,-0.33350404137536716,0.0303897895826144,-0.3106816409803259,0.01919052546855271,-0.17066089987380628
2019-05-07,173.82,0.0014382694741685853,0.008226901392244912,-0.0037970314118053183,0.0006903693476010275,0.16298938981619826,0.021608560579908787,-0.017489020560442547,0.031728224600160004,-0.1985209619389504,0.029671499252099443,-0.1747757514329441,0.021593219038852585,-0.026441197322282894
2019-05-08,174.46,-0.013527456150407069,0.0006878367534104424,-0.01759715694141939,-0.0036684626848562107,-0.029245754514450217,0.009274332225150506,0.026390718663900747,0.023936719018684993,-0.19649817739738018,0.024773587068668723,-0.19472863417768693,0.019160074897779822,-0.05153644047876371
2019-05-09,174.3,-0.0033275960986804964,0.0038726333907055377,-0.020826161790017395,0.0009179575444635546,-0.04435977397877089,0.00454388984509313,-0.004656979463959043,0.021726907630520875,-0.18497218663996018,0.024985656913367293,-0.21965257017131057,0.02162363740676998,-0.09877312464083465
2019-05-12,171.02,0.0021634896503330836,0.005730323938720527,-0.0039311191673488954,0.01917904338673848,0.15415326545483565,0.020675944333994556,0.09047620845534432,0.03750438545199275,0.001582093625724701,0.04345690562507265,-0.07987528580112502,0.04105757611195582,-0.018440570895669306
2019-05-13,173.61,-0.009792062669201185,0.0066816427625135955,-0.009792062669201185,-0.014918495478371097,-0.15003495677966683,-0.0005875237601535854,-0.05262588452113792,0.01615690340418041,-0.11467180741450489,0.025695524451356144,-0.23648463162430966,0.024566557225966346,-0.17975294152704968
2019-05-14,175.4,-0.018187001140250847,0.004218928164196001,-0.018386545039908775,-0.01020524515393384,0.058357876554471444,-0.011163055872293381,-0.009697766607310032,0.0006214367160763956,-0.03168865448158409,0.013606043329532191,-0.17830617809887483,0.013595591030026721,-0.14477168739295188
2019-05-15,178.17,-0.010663972610428063,0.008867935118145764,-0.011561991356569434,-0.01554694954257163,-0.07669184384771832,-0.024762866924848415,-0.0788439104373303,-0.018252231015323472,-0.06928876703491649,-0.003179547623056722,-0.23140651739555052,-0.002157115863126835,-0.20830851454631794
2019-05-16,178.33,-0.010878708013233984,0.004822520047103707,-0.010878708013233984,-0.000897213032019395,0.43878965779291224,-0.021477036953963413,0.3494955940619906,-0.01981719284472716,0.36115819673346294,-0.004292603600067446,0.125008298800654,-0.002869212508644914,0.1337109421915752
2019-05-19,178.54,-0.008737537806653983,0.005208916769351424,-0.011738545984093185,-0.0011762070124340385,-0.009333065141806318,-0.01811358799148788,0.26175978340341444,-0.020213957656548542,0.27637277345159306,-0.005542175422874496,0.12190725681573644,-0.0038236062880397936,0.10782963878219753
2019-05-20,179.57,0.00022275435763230433,0.002394609344545273,-0.00423233279501023,-0.005735924709027174,0.2785502016556993,-0.015370050676617786,0.5662049540355634,-0.02456423678788311,0.626657658834479,-0.01111544244584306,0.4414356742811423,-0.009465203913051279,0.4083721677035199
2019-05-21,180.39,-0.00593159266034704,0.005488109096956739,-0.006652253450856405,-0.004545706524751836,0.010271303283468258,-0.013237984367205802,0.4245222932563075,-0.02587726592383266,0.5539764287075215,-0.01586285270802168,0.4331190351094971,-0.013845926418685206,0.4187519262645849
2019-05-22,178.27,0.003758344084815013,0.003758344084815013,-0.01026532787345047,0.011892073820608973,-0.030342801112651974,0.0040949122118119075,0.2455625882755652,-0.01060750546923317,0.44502817620082746,-0.00427721994727126,0.37955749848441944,-0.0016211364783751403,0.3596632718730124
2019-05-23,178.81,0.004194396286561153,0.00850064314076393,-0.000950729824953922,-0.003019965326323981,-0.0292789383095029,0.0011744309602355063,0.056642125865352444,-0.01146468318326821,0.341034843900784,-0.007754040601756329,0.3475033752335879,-0.004399455660570317,0.31125083038380486
2019-05-27,178.39,0.004876954986266169,0.009641796064802088,-0.0033073602780423483,0.002354392062335453,-0.4487391555738349,0.004069734850606688,-0.44005787973734145,-0.006609114860699483,-0.29719259307129386,-0.005984079825102406,-0.2512332826464786,-0.001971336210922936,-0.27900287415722225
2019-05-28,177.61,0.00016890940825398104,0.00613704183323005,-0.005630313608467996,0.004391644614604839,0.50964750303342,0.00831034288609711,-0.05511830660865591,0.0019030459996609572,0.0921700937743497,-0.0024125893812287913,0.16993431789724234,0.002364731715557067,0.08140801081305993
2019-05-29,178.82,-0.006486970137568493,0.003579018006934387,-0.006486970137568493,-0.00676658091936011,0.4769261011165513,-0.0007046191701167714,0.45714460203118645,-0.0026395257801150596,0.5526030121407421,-0.010577675875181991,0.7284761617582367,-0.004732878499794424,0.5948683106877273
2019-05-30,178.07,-0.0033694614477451923,0.003144830684562283,-0.008892008760599701,0.004211826809681574,-0.4177316538012553,0.0017408884146667969,-0.16982498484542896,0.003481776829335592,-0.15225457234661655,-0.007109563654742579,0.0010285105959761953,-0.0005859119073018393,-0.08192113844582727
2019-06-02,175.16,0.015471568851336048,0.018269011189769424,-0.005309431377026774,0.0166133820506964,0.01419991569874246,0.018154829869831524,-0.09611335138071486,0.020095912308744968,-0.16458248337078807,0.00900890614295502,0.012703286622021581,0.01585027022912433,-0.06583708443875425
2019-06-03,177.97,-0.003933247176490351,0.00028094622689223137,-0.012361633983255516,-0.01578917795134016,-0.21813501955777148,-0.002022812833625265,-0.25041076166482945,0.0022082373433713887,-0.3369841467057557,-0.0074338371635669365,-0.22815424688701436,-0.0008353467812923787,-0.26293001175786723
2019-06-04,179.56,-0.0007796836711962962,0.004399643573178791,-0.006515927823568801,-0.008854978837157468,0.5209487744616805,-0.011327689908667282,0.13112298404525147,-0.006983738026287489,0.055565130742627256,-0.015746825573624612,0.19535966033252405,-0.009701492537312895,0.1406048539944056
2019-06-05,180.4,-0.0022172949002217113,0.0032150776053214702,-0.005931263858093061,-0.004656319290465616,-0.141268000748083,-0.013769401330378517,-0.03505309950943014,-0.011613082039912404,-0.07816362877817906,-0.018772172949002464,0.003005596236566932,-0.014482631189947526,-0.026151007274627935
2019-06-06,182.92,-0.00705226328449593,0.007161600699759463,-0.009020336759238856,-0.013776514323201261,-0.11611383567761346,-0.025628690137766585,-0.07692443066393628,-0.02522414170129117,-0.15847974275480636,-0.030491471681609705,-0.11974642712183026,-0.028134339237553152,-0.13459334785305177
2019-06-09,184.44,-0.000596399913250889,0.004500108436347849,-0.003849490349165041,-0.008241162437649163,0.289107711191279,-0.02839947950553179,0.21174847587162837,-0.03073628280199625,0.13173832594381873,-0.036187920190848266,0.13215776449807026,-0.0356068820935439,0.13593959612729112
2019-06-10,183.37,0.013033756884986536,0.018026394721055716,-0.0016360364290778362,0.005835196597044234,0.0714062921499865,-0.012608387413428068,0.2632266657674669,-0.022010143425861273,0.22920607690405537,-0.027798985657414232,0.19141085137352754,-0.029323226263837765,0.2291053852696101
2019-06-11,184.59,-0.005254889213933578,0.0026003575491628794,-0.007421853838236125,-0.006609242104122615,0.015124664920461717,-0.013283493146975855,0.16164358162676606,-0.025776044206079263,0.18268333191896913,-0.03087924589631119,0.19408013669177104,-0.035348610433934224,0.25510030457562305
2019-06-12,184.95,0.004974317383076521,0.006217896728845762,-0.003838875371722006,-0.001946472019464629,0.059337539622823954,-0.00976480129764945,0.21697413071528082,-0.023898350905651178,0.2418707865338301,-0.029797242497972665,0.2355100579271332,-0.03688023790213524,0.32621215371893
2019-06-13,184.97,-0.0016759474509380201,0.004649402605828135,-0.0044872141428340395,-0.00010812564199602637,-0.29021918115246914,-0.004952154403418341,-0.1806168085890143,-0.020689841595935343,-0.10375707712707927,-0.02732064659133948,-0.1428244271943987,-0.03632841361662209,-0.057230675960028954
2019-06-16,183.9,0.005981511691136365,0.0077759651984774525,-0.0006525285481240317,0.005818379554105357,0.5832050065281134,0.0030668841761811727,0.2800908672628275,-0.011239804241436557,0.42447117188547856,-0.019812398042414858,0.34149897876198443,-0.02970998731194452,0.49189138713494773
2019-06-17,184.5,0.0026558265582656837,0.0063300813008129175,-0.0011382113821138962,-0.003252032520325132,-0.40287859494882317,-0.0007804878048794928,-0.27082474979318394,-0.009718157181572762,-0.179659848497137,-0.021490514905149527,-0.20842729606319643,-0.03161517615176124,-0.13454330835320394
2019-06-18,183.95,0.004240282685512353,0.007773851590106018,-0.002391954335417168,0.002989942919271682,-0.025281913419241797,0.0034357162272342645,-0.23498132599977173,-0.003207393313401141,-0.21506993547724063,-0.016944821962490253,-0.21839195093523167,-0.027226601431548092,-0.15078404120286348
2019-06-19,186.52,-0.009275144756594522,0.0023589963542782755,-0.010937164915290731,-0.013778683251125967,-0.04628130017015741,-0.01107656015440861,-0.21179990321150266,-0.014588247909072316,-0.22634494308374564,-0.029315891057259846,-0.2357387521069404,-0.038841232396882974,-0.19455846648820008
2019-06-20,185.56,0.008299202414313367,0.009425522741970171,-0.0019939642164259475,0.0051735287777539,-0.35822458161346193,-0.004268161241648416,-0.44586131573830157,-0.006192067255875067,-0.49186295302464,-0.02264227204138869,-0.4957597791871088,-0.031587267370840943,-0.4817055882552478
2019-06-23,186.11,-0.0002149266562786467,0.00558809306324215,-0.002847778195690709,-0.0029552415238300878,0.9415011607821218,-0.006576755682125235,0.2451582409659212,-0.007710493793993911,0.0652627876854932,-0.023572081027349978,0.03935142399842184,-0.032461089319935854,0.03096469977606353
2019-06-24,184.9,0.008761492698756035,0.009518658734450902,-0.002271498107085046,0.006544077879935051,-0.08606682292739887,0.0023147647376944303,0.19435475908372846,-0.0003136830719318029,-0.016867841627172253,-0.01520822065981664,-0.0389648370423793,-0.024000360555254674,-0.06557727751448139
2019-06-25,183.31,0.012656156238066707,0.014292728165402835,0.0,0.008673831214881966,-0.22204090527114673,0.01144509301183616,-0.07995952304318588,0.009192078991870689,-0.21679246834711163,-0.004890622442856651,-0.26222724705346045,-0.013010746822322505,-0.2729244114261128
2019-06-26,183.0,-0.022950819672131084,0.0006010928961750484,-0.027377049180327795,0.0016939890710383487,-0.30259294929276315,0.012459016393440825,-0.33672559724418716,0.010202185792348883,-0.4248707630424807,-0.0016475409836070876,-0.4731324255206162,-0.009571948998178037,-0.49085389168512494
2019-06-27,184.77,-0.00292255236239658,0.003950857823239673,-0.010283054608432152,-0.009579477187855234,0.1690474585939612,-0.0010499539968625848,-0.13524885827497923,-0.000530389132435749,-0.25579592648032845,-0.010080099583266167,-0.3434483975687673,-0.017688657971170918,-0.3891981479174622
2019-06-30,186.87,-0.010916680044950944,0.0004896452078986258,-0.013057205543961059,-0.011237758869802494,0.22177413318474049,-0.013121421308932901,0.025875547867164617,-0.011869213892011343,-0.04612663112633997,-0.01941189061914761,-0.17417456066667225,-0.027550346943507442,-0.24395316827318925
2019-07-01,188.6,-0.00896076352067865,0.0007423117709439708,-0.012513255567338177,-0.009172852598091197,0.13244242851774457,-0.021367974549312274,0.2278252196574202,-0.019358430540827976,0.13797820049031473,-0.025302226935313255,-0.04996195022071692,-0.03496111700247384,-0.13042535069684158
2019-07-02,190.97,-0.00858773629365861,0.0,-0.015028538513902734,-0.012410326229250646,0.9182106502119618,-0.029638163062262524,1.4021963092537844,-0.02938157825836607,1.1965007556192693,-0.03461538461538505,0.8157720730705964,-0.045181616658811374,0.6848135431543063
2019-07-04,191.39,-0.0076806520716861115,0.0018287266837349048,-0.016406290819791947,-0.0021944720204816193,-0.47567367875132316,-0.0237629970217893,0.13749009522320965,-0.02784366999320842,0.10825616724804688,-0.033753069648362444,-0.057066054737360594,-0.045291464200497344,-0.11846802961447345
2019-07-07,190.31,0.003940938468814048,0.004361305238820723,-0.0023645630812884066,0.00567495139509222,0.12473091701563321,-0.009405706478904263,0.13837148660591336,-0.019767747359572096,0.2459147596245277,-0.02538227103147561,0.07049737136355083,-0.03794685863415759,0.007448753264376329
2019-07-08,191.09,-0.010570935161442252,0.00031398817311223404,-0.010570935161442252,-0.004081846250457932,0.08345420073126464,-0.007650845151500607,0.11091234925243043,-0.021283165000785864,0.2673872729948663,-0.02742686692134666,0.15727074393330298,-0.03977357963961059,0.1035846394034452
2019-07-09,191.71,-0.0010432423973710803,0.001982160555004997,-0.0038078347504043597,-0.0032340514318501823,0.09340981119501612,-0.006457670439728003,0.1298451720878102,-0.021850712012937312,0.3876323837339186,-0.02883782796932932,0.27191798803229594,-0.04074383182932484,0.21602187642123316
2019-07-10,194.67,-0.011198438382904241,0.0,-0.012456978476395819,-0.015205219088714084,-0.17568887756004437,-0.018369548466636965,-0.12472718003672634,-0.033225458468177926,0.12932956360250336,-0.04146247495762112,0.052646631951850154,-0.05304874916525326,-0.010658870571996881
2019-07-11,196.21,-0.00616686203557415,0.00010193160389371236,-0.012191529483716379,-0.007848733499821736,-0.06659130758208531,-0.02230263493196194,-0.10383802069752801,-0.03502369909790637,0.031153795169929444,-0.046417104123133934,-0.0048246565990425205,-0.05758286189966466,-0.0704778034639606
2019-07-14,195.32,0.004607823059594507,0.00532459553553144,-0.0012287528158917427,0.004556625025599059,0.6254553031421146,-0.012912144173665041,0.448481586218926,-0.02386340364530093,0.5675475310829488,-0.03918953512185186,0.6466475087469505,-0.05032084101303769,0.5375082970735108
2019-07-15,194.25,0.004633204633204713,0.006949806949806847,-0.0044787644787644965,0.00550836550836542,-0.132247660962298,-0.0023166023166036886,0.17334103138875245,-0.013055341055342118,0.2457937044426135,-0.03123294723294756,0.4084051944067191,-0.04212955812955732,0.3220135391718473
2019-07-16,193.81,0.005314483256797953,0.0067076002270265445,-0.0013931169702285917,0.0022702646922243552,-0.06277825705174622,0.0032093287240066992,0.06469723578738718,-0.007006862391002344,0.10694795341457031,-0.02636344873845564,0.32904262243310267,-0.03667165436939879,0.2322911906021221
2019-07-17,194.82,-0.0058002258495021275,0.004209013448311261,-0.008366697464326056,-0.0051842726619443225,-0.0028591014088130695,0.00016425418334731212,0.05823708587993037,-0.009480546145160584,0.06758046543124308,-0.02902166102042958,0.3119663346729571,-0.03895561715087348,0.21358225714332657
2019-07-18,193.93,0.004640849791161861,0.010467694528953686,-0.0003609549837569892,0.004589284793482085,-0.013225382882413483,0.004908987779094209,-0.0012264111022478597,-0.0029495178672727107,0.08221988114839784,-0.021763007270665047,0.2800394298306279,-0.031922171230168384,0.19900788575559725
2019-07-21,194.44,0.0010800246862785468,0.00493725570870196,-0.0006685867105533649,-0.0026229170952478675,0.4525289369318457,-7.200164575316137e-05,0.3633832793752172,-0.0042583830487562535,0.5235139347713806,-0.02242336967702152,0.8345781313214249,-0.032141877528628404,0.7368704109226272
2019-07-22,194.46,0.004422503342589756,0.00532243134834931,-0.007507970790908147,-0.00010284891494405368,-0.01962383821013758,-0.0010799136069126192,0.30479537928268075,-0.0022369639000316965,0.4228196484815563,-0.020240666460969114,0.6988948718456067,-0.03026672151942067,0.6765235254015336
2019-07-23,194.47,-0.002416825217257168,0.00041137450506512074,-0.00817606828816786,-5.142181313311234e-05,-0.11120650306679813,-0.0009153082737708429,0.10401773331127062,-0.0005553555818386124,0.21497147434129604,-0.018144186764025627,0.4863332238191047,-0.028599098404209045,0.4790712447344574
2019-07-24,194.97,0.00020515976816937176,0.003231266348669104,-0.006565112581422783,-0.002564497102118257,-0.1830314547965871,-0.0028004308355141783,-0.13814157760515144,-0.0017028260758071845,-0.029193956551694877,-0.018207929425040237,0.1942850425634044,-0.029192525345778764,0.20459937284148944
2019-07-25,196.93,-0.009292642055552802,0.0005077946478444506,-0.011933174224343701,-0.0099527750977505,0.2195771746973847,-0.012572995480628624,0.04614345539897147,-0.01148631493424146,0.15282449022503197,-0.025019042299294747,0.42210800969133944,-0.037097784322685734,0.47252578012043545
2019-07-28,197.35,-0.0017734988598935297,0.0006080567519635149,-0.005827210539650407,-0.0021281986318721913,-0.04870309448006338,-0.01163415252090294,-0.05447457786357979,-0.013225234355207283,0.0357677556419973,-0.02356473270838666,0.2702902789290169,-0.03712355375390497,0.3990873347203765
2019-07-29,195.65,0.00368004088934315,0.00807564528494753,-0.001533350370559683,0.008688985433171315,0.1537252529773352,-7.155635062716659e-05,0.13105065141226735,-0.0036135957066197877,0.19960873305034377,-0.0118655762841815,0.3948361678916341,-0.026647925717692256,0.5982776445193487
2019-07-30,192.58,0.018070412296188554,0.019783985875999388,-0.010748779727905444,0.015941426939453773,-0.26951688766798587,0.01710457991483949,-0.16968533652096285,0.01299719597050486,-0.1438926754760691,0.006166268563713162,-0.021349902366074258,-0.009097517914632092,0.16679101316642564
2019-07-31,194.16,-0.004274824886691286,0.015734445817882303,-0.004802740008240658,-0.008137618459002849,-0.14760231957388115,0.006880922950143198,-0.257942864109852,0.004120313143798349,-0.269812936185592,-0.0009966007416568612,-0.18097264692467052,-0.01577393215217593,-0.012809146793494985
2019-08-01,193.01,0.007564374902854887,0.007564374902854887,-0.01300450753846949,0.0059582405056732846,0.0021753763542917692,0.012040826900159507,-0.22294640217406725,0.00976115227190233,-0.25323169940095325,0.005782083829853013,-0.15927559640113775,-0.008146382743552949,-0.01405639686835991
2019-08-04,185.55,0.021719213150094285,0.029372136890325917,-0.00711398544866626,0.040204796550794786,-0.24309369226164057,0.04850444624090411,-0.36414000681248127,0.049862570735649925,-0.4244474355136715,0.04665588790083497,-0.3693916454206707,0.032896793317165995,-0.2577091758617961
2019-08-05,188.81,-0.011334145437212118,0.003972247232667758,-0.012181558180181185,-0.01726603463799581,0.17825351745422036,0.017901594195221415,-0.1435581526810099,0.02702717017107048,-0.25705563225637607,0.027323764631110192,-0.24373153220996635,0.015060996063062548,-0.139738808571941
2019-08-06,188.87,-0.008789114205538184,0.0025943770847673964,-0.02366707258961187,-0.0003176788267061914,-0.17615538699663102,0.010335151162173872,-0.22135248631538618,0.023709429766505252,-0.35010596608283784,0.02639381585217304,-0.3704798892886886,0.015215050916857376,-0.28657004141654696
2019-08-07,194.18,-0.021526418786692814,0.0005149860953754803,-0.024719332578020503,-0.02734576166443503,0.3829693008880999,-0.021114429910393584,0.17983747822428797,-0.007168606447626735,-0.03225704180659572,-0.002404985065403764,-0.10415896006460523,-0.011865279637448767,-0.0016793879872526452
2019-08-08,191.48,0.011123877167328322,0.01146333820764589,-0.006632546480050072,0.014100689367035901,-0.015201103907233393,-0.007290578650512969,0.15829518820024457,0.006418424900772157,-0.0320694221408071,0.01153384165448057,-0.12100103818807251,0.0039603788037057,-0.02761252768774447
2019-08-11,190.0,0.007789473684210568,0.009921052631578942,-0.003578947368421126,0.007789473684210568,0.14688672412249648,-0.0011684210526327066,0.32828212828212844,0.011389473684209506,0.14619560148015442,0.018168421052631167,0.0009933322941453326,0.013268421052632595,0.08177358096057286
2019-08-12,192.88,-0.021360431356283738,0.000725839900456382,-0.021360431356283738,-0.014931563666528369,-0.2540584536875845,-0.011468270427209548,-0.08619443967095286,-0.007522812111158017,-0.1320434788293573,0.0015864786395680675,-0.24560338853565056,-0.000957417392505655,-0.21392907442413012
2019-08-13,186.97,0.018345189067764833,0.02364015617478743,-0.0008557522597207878,0.03160934909343749,-0.07556838711320601,0.024132213724125773,-0.14783724316439684,0.022367224688451648,-0.15457396921490985,0.032879606353960034,-0.28790560459242365,0.031693141502202815,-0.2771202755638401
2019-08-14,189.56,-0.011658577759020905,0.0035345009495673096,-0.01508757121755655,-0.013663220088626304,0.17517269858244355,0.008134627558555652,-0.016685191676783173,0.005438911162691573,0.03159248968526418,0.016962966870647245,-0.14392413488371858,0.01731026236196187,-0.14722822389711088
2019-08-15,193.22,-0.010868440120070377,0.002277196977538587,-0.014232481109615946,-0.018942138494979832,-0.25661601933875633,-0.01574371183107448,-0.2564221792304472,-0.01598695787185689,-0.22807819223357362,-0.0036616292309291643,-0.35589800012822115,-0.002203015560845012,-0.35519990546837776
2019-08-18,195.18,-0.0009222256378728089,0.005687058100215081,-0.0033814940055333365,-0.010042012501280895,0.37389807640694417,-0.02384465621477727,0.1065345999086027,-0.025760836151246025,0.10294652840312657,-0.013848754995389512,-0.08739250189374903,-0.011910373330599966,-0.10477868956367264
2019-08-19,194.2,0.004685890834191575,0.009165808444902224,-0.005561277033985457,0.005046343975283252,0.33215673065507834,-0.013583934088569394,0.5199958034351093,-0.015885684860968863,0.43533921772717354,-0.00868177136972259,0.2447253389692463,-0.0060882251973901624,0.19379046441064496
2019-08-20,195.73,-0.00020436315332339472,0.005671077504725952,-0.0033719920298369566,-0.007816890614622207,0.34527937126376806,-0.019945843764370252,0.9161873209069282,-0.020824605323660927,0.8745879582600558,-0.016497215552036648,0.6901466079331149,-0.013327883649243866,0.5971973114295814
2019-08-21,196.34,0.0006111846796372777,0.0032087195680960967,-0.01054293572374454,-0.003106855454823365,-0.08765571722049259,-0.014067434042987714,0.5382037825359509,-0.020372822654579625,0.590127792955927,-0.019231944585923033,0.534624309041235,-0.015710841737121894,0.4428587726172071
2019-08-22,192.81,0.011358332036720098,0.026528707017270836,-0.00643120170115663,0.018308179036357064,-0.49430462146263854,0.01101602613972208,-0.28989200436455054,-0.001317359058141121,-0.2226018427245282,-0.0009205954048032705,-0.2314621629714929,0.0025984129453873184,-0.2809474176195379
2019-08-25,195.47,-0.00578093825139403,0.0,-0.01023174911751168,-0.01360822632629044,0.40259372712928254,-0.0031616104773121156,-0.04215146078163923,-0.014227247147901023,0.12055098825534216,-0.015570164219573912,0.11035462906325155,-0.011624972289011937,0.01404239517475192
2019-08-26,197.16,-0.005782105903834434,0.00121728545343891,-0.009738283627510613,-0.008571718401298445,-0.007549618165836325,-0.011412051125990086,-0.08108266056654334,-0.019902617163725767,0.11607746647695216,-0.024485189693650322,0.1122411452997365,-0.02007168458781261,0.014282911504878593
2019-08-27,196.84,0.0002540134119080051,0.003505385084332513,-0.011532208900630003,0.0016256858362120319,0.23438692727897759,-0.0067973989026631765,0.16788117421289606,-0.016134931924406515,0.3434754540509226,-0.02251574883153895,0.39255067931892174,-0.01798584298584216,0.25733711301174655
2019-08-28,198.74,-0.0037234577840394856,0.0058870886585487,-0.006566368119150678,-0.009560229445506718,-0.11181859430593344,-0.01517560631981596,0.07410432801881894,-0.02057462010667299,0.13061479337989246,-0.030788970514240233,0.2300524608341692,-0.026865921975109064,0.11239744617381553
2019-08-29,198.17,0.009234495635060957,0.012665892920220134,-0.007064641469445299,0.0028763183125599667,-0.3116239590121732,-0.009920775092093659,-0.2291894246798276,-0.013125094615734856,-0.24159041157049188,-0.026845637583893023,-0.1601857935990726,-0.023407512068761682,-0.23474517026054253
2019-09-02,195.75,0.0031162196679439536,0.010268199233716357,-0.0015836526181354227,0.012362707535121364,0.28184332966998094,0.007795657726691108,-0.02490271924586862,0.0016040868454652024,-0.05262979661183176,-0.013496807151980095,0.08772188521303703,-0.010612175393783785,-0.006782624748685295
2019-09-03,197.71,0.00060694957260643,0.0032876435182844777,-0.0017196904557179593,-0.009913509685903654,0.34077829860305386,-0.0019118911537111538,0.3180851162574836,-0.00803702392393002,0.255002552559521,-0.020696980425876976,0.4317606472672144,-0.02019961897054534,0.3482718656373922
2019-09-04,199.49,0.001553962604641912,0.001553962604641912,-0.005213293899443694,-0.008922753020201513,-0.4246963771740426,-0.01026617875582847,-0.27588443553655306,-0.015128577873578575,-0.2849337574470585,-0.027204371146423934,-0.19327486342980316,-0.028399084331711677,-0.22165010677009633
2019-09-05,201.12,-0.005568814638027053,0.00835322195704058,-0.010322195704057235,-0.008104614160700074,0.015289000052409074,-0.01565234685759853,-0.18450976706865052,-0.02124105011933264,-0.2211292715677008,-0.032448289578361655,-0.18654188481202305,-0.035441527446299914,-0.1947468007857751
2019-09-08,194.83,0.03151465380074936,0.03228455576656564,-0.010214032746497015,0.03228455576656564,-0.19364521214139285,0.018570035415489183,-0.29259959685102255,0.012811168711183374,-0.33432282010469627,0.000569727454703628,-0.33661090731835985,-0.003248986295744327,-0.3423968262006275
2019-09-09,189.66,0.01750500896340812,0.02045766107771807,-0.009332489718443582,0.027259306126753202,-0.25104782433713735,0.042813455657491284,-0.4416525078615816,0.04148476220605213,-0.49023545863205065,0.02872772329431572,-0.4906995545672208,0.023552673204682684,-0.49394099550474424
2019-09-10,191.37,-0.007158906829701661,0.005748027381512255,-0.011130271202382747,-0.00893556983853272,0.4881334253694982,0.027130689240736583,-0.012243137891830402,0.029142498824266116,-0.16016436576254667,0.01944662172754308,-0.20011689946402467,0.013067182247305187,-0.2151758296789562
2019-09-11,195.52,-0.004193944353518941,0.003631342062192955,-0.01836129296235678,-0.021225450081833075,0.1489330336441257,-0.0011558919803612566,0.24402912172961355,0.004337152209491935,0.001578033490175601,-0.0025777414075291993,-0.07349229363944176,-0.009165302782323526,-0.07778121443795372
2019-09-12,194.62,0.007090740931045003,0.007090740931045003,-0.003390710101736638,0.0046243962593772725,0.32560275218748314,-0.0006165861679181539,0.6362697049734671,0.008303360394614323,0.3762438305522249,0.004231322577329832,0.22283321820535162,-0.004079745144383251,0.23440022032011965
2019-09-15,194.16,-0.004068809229501369,0.005459414915533589,-0.005922950144210959,0.0023691800576843836,0.17359556759361672,-0.004944375772559906,0.8337616812255599,0.008570251339101054,0.6215055027680767,0.007913576431808345,0.4222594661835959,-0.0016412580689458833,0.44335966417293005
2019-09-16,194.95,-0.0081559374198511,0.004308797127468678,-0.0081559374198511,-0.0040523211079763755,-0.07581976147149594,-0.009664016414466459,0.5113408022451003,0.002426263144395202,0.4419478016836911,0.004070274429340381,0.2717040682383889,-0.005490296657261862,0.3237427820008303
2019-09-17,194.13,0.0002575593674343235,0.002343790243651167,-0.013341575233091207,0.004223973625920641,-0.22257188476744805,-3.090712409337115e-05,-0.05177726490075196,0.00624839025395274,0.10836586324816633,0.008252202132591036,-0.02279110319431077,0.00032452480296774056,0.012930132730395671
2019-09-18,194.67,-0.0009760106847485073,0.007499871577541617,-0.002311604253351751,-0.00277392510402219,0.20061354110255847,3.08213900435117e-05,0.0701984930679247,0.0016181229773455374,0.3698418253473863,0.005437406893717078,0.18792882923210308,-0.0015393572027870839,0.21326016751341603
2019-09-19,193.09,0.010150706924232367,0.01626184680718823,-0.003314516546688129,0.00818271272463611,-0.504869362461783,0.0073333678595459695,-0.5039787203110242,0.007317831063234026,-0.34189545711126546,0.01339012895540903,-0.4037553623123714,0.007632019610890106,-0.4085550148424859
2019-09-22,192.84,-0.002644679527069038,0.005704210744658766,-0.004304086289151687,0.0012964115328770731,0.8955253434992503,0.00705247873884951,0.1292977949298899,0.00445965567309603,0.30695400894061664,0.013861232109520394,0.19029338455463796,0.008749913572565049,0.14894629284045569
2019-09-23,190.14,0.02261491532554971,0.030135689491953332,-0.0018933417481854509,0.014200063111391659,-0.4313646611969202,0.01996423687808857,-0.3361875314906908,0.017676448932364863,-0.2916681813382659,0.02826601451561994,-0.33372136769499505,0.023312646821640914,-0.34811796485159996
2019-09-24,190.87,0.0038245926546864872,0.005920259862733701,-0.01131660292345571,-0.0038245926546864872,0.04429667333567333,0.011023209514327892,-0.20196357703470413,0.014035731125896289,-0.2837397426512407,0.02293707759207808,-0.2810269665602929,0.019423342239919705,-0.3030106599432285
2019-09-25,192.12,-0.021132625442431774,0.00635019779304602,-0.025174370185300887,-0.006506350197792998,-0.24221730958026,0.0010514261919620793,-0.34511627070719575,0.0071778055382045736,-0.446569730563534,0.014644493025192107,-0.4394546491493171,0.01244187660490037,-0.46544783085352437
2019-09-26,191.38,0.011390949942522655,0.011495454070435951,-0.005172954331696178,0.0038666527327830824,0.8481829105780607,0.0022572891629208947,0.4238729227312463,0.00929564217786516,0.10290992324483716,0.0173346222175772,0.09520684605036123,0.017253631518445722,0.011822748203287992
2019-09-29,192.35,-0.00447101637639713,0.0051988562516247505,-0.004886924876527199,-0.005042890564075919,-0.006280741471297979,-0.0045749935014308685,0.30036638467914756,0.002521445282037238,0.11683135767254194,0.010291135950090569,0.10087735655274988,0.012439130058054637,0.006684468737359284
2019-09-30,189.62,0.015715641809935565,0.01975002636852663,-0.0011338466406497494,0.014397215483598735,-0.023549343378018506,0.009239531694967829,0.30363825856719084,0.01600042189642359,0.12284302903399569,0.02330186689167757,0.07109706321930642,0.026862496923672596,-0.026384795275052886
2019-10-01,184.85,0.01888017311333523,0.020557208547471006,-0.01060319177711666,0.02580470651879918,-0.2907080690694751,0.03472004327833256,-0.13479948906184736,0.039334595618067736,-0.182789032183857,0.04804977008385136,-0.23396354756278603,0.05235776755928301,-0.3074165291676224
2019-10-02,185.81,-0.0026371024164469903,0.0015069156665410421,-0.015930251332005874,-0.0051665679995694935,0.3205011711224388,0.02289435444809107,0.1520342534438639,0.02897045368925144,0.12600988770192645,0.03917442548840144,0.04886926951626469,0.04524334894067472,-0.06287370145452498
2019-10-03,189.64,-0.014923012022779902,0.0009491668424383981,-0.018666947901286646,-0.020196161147437164,0.4045858763293029,-0.004418898966463969,0.427201365358032,0.0035171904661452924,0.6223986585956174,0.014580257329676938,0.47336700359803774,0.022389791183295538,0.34070068168094725
2019-10-06,186.81,0.007922488089502577,0.010117231411594485,-0.00010706064985821495,0.015149081954927368,-0.04453180690089231,0.008800385418338275,0.3108051438420991,0.016872758417642686,0.4534236851327802,0.026877576146886684,0.38956912335827854,0.03668254732972964,0.28939412361655137
2019-10-07,182.2,0.01761800219538978,0.019319429198682903,-0.001097694840834218,0.02530186608122942,-0.2742770288565598,0.028243688254663946,-0.0817214105344568,0.039291986827660885,0.05374122265582071,0.05065861690450002,-0.014635553683132407,0.061814855470180285,-0.0737217755993077
2019-10-08,184.34,-0.0029836172290333973,0.005180644461321382,-0.006075729630031446,-0.011608983400238748,0.27470405637126527,0.008256482586523672,0.1929123499605776,0.022919605077572847,0.30565879505317883,0.03643810350439347,0.21874683655972094,0.04708871288561056,0.19263400397348307
2019-10-09,183.83,0.0,0.005657400859489625,-0.0066909644780505095,0.0027743023445574444,-0.16425015033626944,0.010498830441167062,-0.10989850861812744,0.02220529837349594,0.042713886463284556,0.037401403470597394,0.003611964232639986,0.047669042049720556,-0.0011553044703055404
2019-10-10,184.97,0.004000648753851976,0.014813212953451949,-0.0012434448829539146,-0.006163161593771838,-0.10295901769788962,0.0021300751473198876,-0.2082844228396401,0.011423474076876161,-0.13127378095787268,0.02784775909606929,-0.09916956533420962,0.03886756410949599,-0.09281210365070203
2019-10-13,185.5,-0.0007547169811320531,0.004474393530997434,-0.006900269541779025,-0.0028571428571428914,0.7627391946185491,-0.005768194070082,0.5145196288594291,0.0050781671159016994,0.5585042603638248,0.022309973045821607,0.6171539574677687,0.033424977538186074,0.6207445545016168
2019-10-14,187.0,-0.006310160427807521,0.0020320855614972544,-0.007727272727272694,-0.008021390374331583,-0.08486675930791121,-0.015144385026738982,0.34525969332369577,-0.0066470588235305605,0.3804367830194466,0.0117941176470584,0.4797301712618325,0.022877005347594404,0.46431533941636016
2019-10-15,186.57,-0.010612638687891862,0.002224366189633953,-0.012917403655464454,0.0023047649675724813,-0.23423411003047867,-0.007729002519162864,-0.0527930409242956,-0.0057619124189325355,0.02598041994034994,0.011995497668435107,0.133351587835302,0.023671186864627103,0.11734516395266059
2019-10-16,186.04,0.0049451730810579075,0.0069081917867126474,-0.004730165555794419,0.0028488497097398646,0.29254806248568643,-0.0025048376693195262,0.24341486691530867,-0.002004945173082362,0.2591439336889827,0.012846699634486924,0.46625445579122515,0.024591485702000426,0.45886543779998124
2019-10-17,187.08,-0.0011225144323284697,0.0056125721616420154,-0.0025122942056874376,-0.0055591190934360935,-0.5215950546775392,-0.005687406457131838,-0.44650498845321007,-0.007429976480651246,-0.4208746511808542,0.004909664314731277,-0.2998330972614185,0.016499180386288392,-0.3097760821576573
2019-10-20,187.34,-0.002081776449236794,0.0010408882246182305,-0.01041955802284611,-0.0013878509661577887,1.2953710837138885,-0.004814775274902372,0.3788846507023207,-0.010174015159604255,0.44266004147028926,0.0019109640226322444,0.6050094471377021,0.012590299277606576,0.6073612783072893
2019-10-21,182.72,0.024901488616462464,0.029498686514886296,-0.0020796847635726756,0.02528458844133108,-0.2298831135922449,0.022362084063046073,0.0627244992615763,0.015143388791592383,0.0943825649372032,0.025738835376531988,0.22705561453271672,0.03682683887916016,0.21245852528817877
2019-10-22,184.07,-0.009126962568588026,0.004183191177269618,-0.011435866789808125,-0.007334166349758253,-0.22333378994404496,0.010213505731514028,-0.14930520033361483,0.007980659531698464,-0.1725830265660736,0.0162003585592434,-0.07302488412780717,0.02796581010847432,-0.08539337012806492
2019-10-23,185.0,0.00027027027027037853,0.01089189189189188,-0.0018918918918918726,-0.0050270270270270645,0.12981457020457965,0.0024324324324311863,-0.004742782950508784,0.0027675675675662426,-0.04101891618020792,0.009254054054053773,0.03361759273816145,0.021482882882883914,0.03078996916278487
2019-10-24,183.07,0.00873982629595238,0.009613808925547751,-0.00027311957174847024,0.010542415469492639,0.44033276264525556,0.011864314196754266,0.5078016375714507,0.013978259682087435,0.37219860227273527,0.017949418255311933,0.4273714417527812,0.030336301232680496,0.48228783606696934
2019-10-27,182.87,0.008421282878547487,0.016733198446984288,-0.0016951933067206326,0.001093673101109971,-0.23744155422197455,0.008585333843712739,-0.038436719333314606,0.014048230983757515,-0.00749864980301107,0.01679061628479217,0.07154198951257351,0.029357831610798968,0.12675471815848183
2019-10-28,184.8,-0.012175324675324672,0.005140692640692501,-0.013149350649350633,-0.010443722943722977,0.1741290767142616,-0.006785714285715616,0.18953218328153199,0.0020346320346307234,0.19605625245138136,0.003606601731601433,0.25180244819177267,0.016571067821068652,0.3330849266917242
2019-10-29,186.58,-0.007664272698038377,0.0024654303783897547,-0.012278915210633623,-0.009540143638117726,0.2567806451664114,-0.01403151463179464,0.46190225583604994,-0.008704041161969545,0.5098162484650328,-0.007259620538107248,0.552377244306433,0.005059491906957758,0.6778401686829936
2019-10-30,185.42,0.003990939488728307,0.014237946284111791,-0.005824614388954763,0.0062560673066553996,-0.21357130550513004,-0.005155862366520436,0.018957453661971435,-0.0024970337611921467,0.1437513889547819,-0.0005824614388956206,0.16734973069883474,0.009989932765254617,0.3058113868073642
2019-10-31,188.22,-0.00807565614706196,0.0006641164594622939,-0.011226224630751291,-0.014876208691956272,0.04659530055108929,-0.019509085113166624,0.008959071739606195,-0.01766549782169935,0.20271324084267328,-0.015553607480607967,0.20051708311419336,-0.006673042184676792,0.3667570884279965
2019-11-03,187.8,0.003780617678381226,0.00729499467518635,-0.002183173588924503,0.0022364217252395235,0.27922564727887544,-0.01183173588924502,0.3095776128721137,-0.014861554845581715,0.4017679766721354,-0.013730031948882226,0.5327029717285869,-0.005315938942136222,0.7011593728087293
2019-11-04,186.88,0.0059931506849315586,0.0059931506849315586,-0.007491438356164393,0.004922945205479534,-0.24277764663517976,-0.0016909246575352865,-0.09220981324942457,-0.00976562500000111,0.049851372894238466,-0.008609803082191947,0.14536708711757074,-0.0013181364155243624,0.27749460117918634
2019-11-05,189.23,-0.011837446493684789,0.00019817153728274306,-0.012260212439887952,-0.012418749669714124,-0.06209827101841281,-0.011890292236961253,-0.1489573817820934,-0.019864714897216196,-0.027897864904504965,-0.019685039370078816,0.05252372905400149,-0.014294773555989182,0.17021128963424226
2019-11-06,189.09,0.0011634671320535084,0.005870220529906378,-0.0022476069596488735,0.0007403881749430408,-0.017975761080166075,-0.008355809402930792,-0.11471565434125208,-0.016410175048919617,-0.08163393542039232,-0.017666190702840145,0.02984588957255463,-0.013854073016375867,0.12622463357558256
2019-11-07,189.7,-0.005482340537691033,5.271481286261981e-05,-0.007538218239325101,-0.003215603584607152,0.3150823120345132,-0.007675276752768356,0.1816475898165495,-0.01741697416974275,0.18272144834839343,-0.019438587243015282,0.3369104854708296,-0.017557547004040552,0.4282758728182736
2019-11-10,190.06,-0.0068399452804378535,0.0021045985478269635,-0.00794485951804691,-0.0018941386930443338,0.09597700087204464,-0.007997474481743594,0.25707557552427707,-0.01578975060507315,0.28673887218916816,-0.020051562664421985,0.4184004365264058,-0.019713073064645537,0.5445833256322323
2019-11-11,191.43,-0.006582040432534186,0.001149245154886902,-0.00814919291647076,-0.007156663009977526,-0.23098998476588695,-0.012735725852793145,-0.03409779551142822,-0.019077469571123773,-0.053685841319721206,-0.025873687509794907,0.08488137032074339,-0.027127409496943367,0.16908571202142508
2019-11-12,194.5,-0.01722365038560414,0.001388174807197995,-0.02061696658097678,-0.015784061696658025,-0.20537708654727282,-0.02364010282776441,-0.23578704190934308,-0.031151670951157784,-0.24985694814145532,-0.04011053984575852,-0.13669245518880635,-0.042173093401884354,-0.08062010529314978
2019-11-13,196.25,-0.01146496815286624,0.0008152866242037149,-0.012331210191082742,-0.008917197452229297,0.14179876997962482,-0.02697579617834489,-0.09657289500277844,-0.03575541401273985,-0.10315342194669597,-0.04664968152866256,-0.014585008804282373,-0.049075159235668075,0.02971036920150283
2019-11-14,196.81,-0.004623748793252336,0.003810781972460653,-0.005081042629947685,-0.002845383872770668,-0.3310443858701151,-0.022468370509629576,-0.39640024060612666,-0.032996290838881115,-0.39596886707295753,-0.04676845688735354,-0.3370597743101984,-0.0500127026065742,-0.3183021426336332
2019-11-17,198.02,-0.0029794970205030413,0.004696495303504689,-0.006362993637006431,-0.00611049388950613,0.5846359854474956,-0.021260478739522304,0.11129148815201217,-0.034567215432785736,0.020525741839071188,-0.05013634986365045,0.03135312813598068,-0.05461064538935401,0.09986025370570029
2019-11-18,198.34,-0.0007058586266008859,0.002067157406473674,-0.004789754966219695,-0.001613391146516041,0.16027211884868575,-0.014812947463951787,0.3498225358875475,-0.03097206816577691,0.21385135695339952,-0.04897650499142914,0.20492552130758934,-0.054251957917380245,0.27449178983654177
2019-11-19,197.71,0.005159071367153878,0.01036872186535831,-0.004754438318749665,0.003186485256183369,-0.08167428274062138,-0.004683627535279844,0.2182842713396831,-0.022087906529766888,0.10192703664322478,-0.04199585251125404,0.09311987801922927,-0.04851718847470121,0.14998731022160539
2019-11-20,196.78,0.003252363045024742,0.005844089846529066,-0.0032335603211708364,0.0047260900498018454,0.22252637849703283,0.003282853948570974,0.4185628858836594,-0.013156824880578455,0.3330231424973047,-0.03400243927228397,0.3041353696874727,-0.04175559846867838,0.397707064591569
2019-11-21,196.66,0.007068036204617156,0.00894945591375973,-0.00793247228719618,0.0006101901759381079,0.0732294627407104,0.004434048611816399,0.4406989026873389,-0.008644360825791786,0.3889334906217641,-0.030417980270517786,0.36461488078278204,-0.03897589748804964,0.4729965125518021
2019-11-24,198.36,-0.003629764065335883,0.00010082677959255548,-0.004839685420447659,-0.008570276265376209,-0.41728805511784317,-0.004325468844526226,-0.3021241184096167,-0.013631780600928844,-0.1984153771938838,-0.03530197620488029,-0.21156531678029744,-0.045247697788532104,-0.16306289205346636
2019-11-25,200.92,-0.012741389607804021,0.0003981684252438722,-0.01567788174397755,-0.012741389607804021,-0.15802701492072946,-0.01667330280708834,-0.3811923541969533,-0.022068484969142932,-0.29162058411998637,-0.043738801513040104,-0.3336753990162522,-0.05527904970469111,-0.2867531448718774
2019-11-26,201.25,-0.0035279503105590804,0.0005465838509317589,-0.010236024844720526,-0.0016397515527950546,0.8968191155416041,-0.01572173913043584,0.32886806043413697,-0.018956521739131538,0.40821911052940907,-0.041301863354037516,0.2947401055632939,-0.05452256728778415,0.37571494515284365
2019-11-28,201.16,0.00039769337840533936,0.002460727778882399,-0.0057665539868760884,0.00044740505070595127,0.6045813567654723,-0.011761781666336346,1.0613425484526666,-0.015162060051701176,1.1673845223872656,-0.0372265858023465,1.076036019909016,-0.05166699807781472,1.1762522154639492
2019-12-01,199.59,0.009269001452978598,0.01052156921689451,-0.007715817425722693,0.007866125557392634,-0.40589323283934065,0.00040082168445199073,0.15305265916044375,-0.004955158074052779,0.21559491056497038,-0.025710205922140572,0.20136549295231942,-0.04168211500242103,0.2738072375198124
2019-12-02,198.75,-0.006088050314465465,0.0027169811320755244,-0.011471698113207585,0.004226415094339631,-0.17233184033841786,0.007577358490564956,-0.0269769850857845,0.0006490566037724577,-0.0737902212447521,-0.018732075471698195,-0.01309946765014669,-0.03553375262054448,0.014540477766877613
2019-12-03,199.58,0.0009018939773524082,0.004058522898085837,-0.0017035775127768327,-0.0041587333400140425,0.2533013992224855,0.003777933660686239,0.1542932379573574,-0.0031466078765417516,0.15749610882965914,-0.02006964625714025,0.25172330681128674,-0.03763904198817458,0.2765342376357247
2019-12-04,199.85,0.0007505629221917776,0.0009006755066300887,-0.004853640230172651,-0.001351013259944911,-0.3200613348205016,0.0010808106079549518,-0.33423617928204996,-0.0038729046785098697,-0.22037317270176504,-0.018216162121591384,-0.15785239528672024,-0.0361270953214905,-0.14183251455732648
2019-12-05,202.55,-0.005677610466551464,0.0013330041964945138,-0.010170328313996557,-0.013330041964947026,0.34094818538041705,-0.013646013330043005,-0.019378002985492415,-0.01609479140952963,0.06944382084713352,-0.02868180696124445,0.13492472127629784,-0.0463786719328555,0.13940913101957686
2019-12-08,202.03,-0.001286937583527159,0.004206800970152802,-0.0029203583626193907,0.00257387516705454,-0.32187948548630085,-0.009731228035441353,-0.2756030075247431,-0.010706330742960013,-0.2680418368597741,-0.022850566747513068,-0.23887629053495674,-0.0410285601148338,-0.23837913883935213
2019-12-09,201.88,0.000743015652863166,0.001882306320586391,-0.0050222904695859105,0.000743015652863166,0.4170531733235463,-0.006578165246682199,0.1281520662638873,-0.007311274024173864,0.09830004776760015,-0.01907073509015267,0.1037198493289424,-0.037185456706953945,0.09339621099738094
2019-12-10,202.3,-0.0008403361344538895,0.0015818091942658707,-0.00968858131487893,-0.0020761245674740803,-0.16190989398152467,-0.005546218487396004,-0.07094532602398129,-0.00763222936233432,-0.11168175555935156,-0.018185862580326395,-0.06801442381914224,-0.03605206788597726,-0.09207345433014924
2019-12-11,203.92,-0.008630835621812438,0.0025009807767752967,-0.013142408787759852,-0.00794429187916823,-0.12733646116514552,-0.010778736759514462,-0.14287214462405828,-0.014839152608867368,-0.25772289131322323,-0.02332041977245969,-0.18270151745433627,-0.04084935268732759,-0.20563180478012877
2019-12-12,206.66,-0.01741991677150878,0.0002903319461917686,-0.01766186006000192,-0.01325849220942621,0.17183034505693318,-0.019955482434918292,0.017904206677595846,-0.02660892286848071,-0.08724730610919385,-0.03399061260040637,-0.04213709834749879,-0.050769379657407576,-0.0552818228075852
2019-12-15,205.0,0.010341463414634156,0.01785365853658538,-0.00014634146341463428,0.008097560975609763,-0.39549745302483685,-0.008009756097562049,-0.3633426445432899,-0.016043902439025537,-0.4157622165179268,-0.02362926829268286,-0.42169678839458924,-0.03962926829268221,-0.4281416382842892
2019-12-16,203.4,0.007866273352999054,0.011406096361848528,-0.0022123893805310324,0.007866273352999054,0.13888259808013692,0.0027138643067836643,-0.21436830820958808,-0.005644051130777927,-0.27435832373181424,-0.01393559488692242,-0.337132338963102,-0.029324811537200346,-0.3318425494140732
2019-12-17,205.76,-0.010497667185069948,0.0019926127527216675,-0.010935069984447932,-0.011469673405909764,-0.20126226491388777,-0.007309486780716301,-0.3069957665932216,-0.014789074650078726,-0.39227925630678584,-0.023938083203732474,-0.45716714942357994,-0.037930922757905106,-0.45285803645846234
2019-12-18,208.3,-0.029956793086893918,0.0,-0.029956793086893918,-0.012193951032165251,-0.2409663096001078,-0.016092174747960764,-0.4075455010565676,-0.02383581373019794,-0.49415758466195603,-0.03405904944791183,-0.5673960206713426,-0.04664106257001077,-0.5725963818302112
2019-12-19,211.1,4.7370914258770824e-05,0.010184746565608638,-0.009616295594504942,-0.013263855992420526,-0.14570063029639369,-0.024992894362862228,-0.4065759989075177,-0.03278067266698348,-0.5218077586367429,-0.044362861203221304,-0.603876375261696,-0.056275067108794485,-0.6184130794795897
2019-12-22,210.83,0.0006166105392970689,0.0021818526775125857,-0.009438410093440264,0.001280652658540049,1.0312001784283438,-0.019532324621734043,0.4667474173758077,-0.027486600578666254,0.11477555375175585,-0.039742920836693285,-0.12069081854872188,-0.051586586349190666,-0.1820766033225758
2019-12-23,211.61,-0.004253107131042988,0.00028354047540268823,-0.004961958319550153,-0.0036860261802372785,1.2454752865074261,-0.017636217570059176,2.204562055375327,-0.0269127167903227,1.5302326716579504,-0.039934313123198506,1.0305485400544168,-0.05175401288533876,0.8690234194621012
2019-12-25,212.05,-0.002074982315491636,0.0003301108229190053,-0.0037255364300873284,-0.002074982315491636,-0.056142927699475154,-0.011931148314077822,1.7674839299404375,-0.024343315255836773,1.3510042865778145,-0.0388021692996936,0.8727221335584123,-0.05033404071366754,0.7589926910715339
2019-12-26,212.22,0.0010837809819996824,0.0019319574026952502,-0.002874375647912486,-0.0008010555084345672,-0.17533093208103467,-0.006794835548017186,0.9867786744479399,-0.020530581472058107,0.8918147692214167,-0.03694986334935457,0.4964617243423153,-0.04785599849213018,0.43886951169470656
2019-12-29,210.64,0.007595898214963981,0.007595898214963981,-0.007548423851120312,0.0075009494872768645,0.062941468674655,0.004377136346372046,0.6796602735742758,-0.00924325864033504,0.9595036569457736,-0.027122104063805552,0.5938415902362981,-0.037909862007848405,0.5124204228945133
2019-12-30,210.57,-0.002801918601890163,0.0023032720710454146,-0.005365911573348536,0.0003324310205632397,-0.10844191663510105,0.004274113121526257,0.002948924200765868,-0.0070237925630440845,0.7162010799039638,-0.02454765636130496,0.43782267135806063,-0.03531208940811381,0.33717826480835233
2020-01-01,210.15,0.0033785391387104458,0.008422555317630254,-0.006376397811087342,0.00199857244825119,-0.3866961340412216,0.006033785391386104,-0.4653964602934636,-0.0023887699262440387,-0.007829567984086294,-0.019985724482512568,-0.11616710810313047,-0.031201522721864716,-0.19700413553166773
2020-01-02,209.8,-0.006196377502383221,0.003932316491896959,-0.013329361296472886,0.0016682554814109185,0.21877316286362847,0.006320305052429864,-0.214959018047992,0.0024928503336500984,0.20085737247203506,-0.015633937082936256,0.09593560878666829,-0.027658087067047643,-0.00958036225171166
2020-01-05,208.43,-0.0007676438132706576,0.001727198579858813,-0.0077723936093653245,0.006572950151129797,-0.3664142808470642,0.010775800028785643,-0.44991611959957045,0.011020486494265791,-0.27911454764778487,-0.0067120855922852,-0.2952824735151771,-0.019434182539301403,-0.36713292278148935
2020-01-06,203.93,-0.003579659687147685,0.011425489138429779,-0.003628696121218078,0.022066395331731492,-0.07858927089431633,0.02936301672142294,-0.3915724170482374,0.033393811602019374,-0.3690492014903962,0.017309861226891377,-0.33350150098625464,0.003955605681688512,-0.4019769506248375
2020-01-07,204.33,-0.0016150345030099267,0.005481329222336351,-0.003915235158811758,-0.0019576175794059347,0.3611949376964696,0.0207801106053922,-0.005487398778952657,0.027861792198893065,-0.20487396640216204,0.015656046591298267,-0.05404864940934517,0.0031566583467923515,-0.15821660466469822
2020-01-08,206.15,-0.0031530439000727606,0.005481445549357256,-0.004802328401649292,-0.008828522920203752,-0.206871949643202,0.005714285714284673,-0.14682023309763925,0.015634246907590743,-0.36808267455012644,0.007247150133397939,-0.244402287822728,-0.004459535936615189,-0.31893857817722815
2020-01-09,207.66,-0.0035153616488490247,0.00313011653664641,-0.004502552248868308,-0.007271501492824739,0.8249893507419808,-0.005451218337668373,0.6416693083430747,0.005619763074255157,0.2723213401224418,0.0009510738707503297,0.42600830518296906,-0.01044816848052843,0.262991248621375
2020-01-12,209.59,-0.010019562002003934,0.0011928050002385504,-0.010019562002003934,-0.00920845460184172,-0.2922027468985534,-0.016651557803331163,0.14070332908398586,-0.005735006441147772,-0.0762332931186428,-0.006987451691397695,0.007387028198634571,-0.018488477503697198,-0.11673928829200342
2020-01-13,207.73,0.008761372936022749,0.015741587637799093,-0.0033697588215471086,0.00895393058296845,-0.10503328790359745,-0.0067298897607480646,-0.030112580768514197,0.00190150676358658,-0.13537550127954967,0.003268666056900571,-0.09195540695565207,-0.008361815818610174,-0.1958502975811116
2020-01-14,207.26,0.00357039467335718,0.005669207758371098,-0.0025571745633503618,0.00226768310334835,0.2618203251195641,-0.0008105760880063873,0.1612191389795079,0.0027694683006844745,0.15591332982295003,0.005801891344205057,0.1676587293731986,-0.005056450834699855,0.04403610943949987
2020-01-15,208.98,-0.0040195233993683965,0.0005502918939612744,-0.0051679586563306845,-0.008230452674897082,-0.2620132231006539,-0.0062302612690219306,-0.1662019504858684,-0.007067661977223416,-0.12386834311692796,-0.0019355919226721197,-0.15170774339894966,-0.01202188407184035,-0.22071239275206866
2020-01-16,209.2,0.003824091778202643,0.006931166347992512,-0.004063097514340308,-0.0010516252390057046,-0.060708610743670066,-0.004569789674953251,-0.23119562711659747,-0.008671128107075377,-0.16080051292325093,-0.0016515296367113352,-0.1977462697114567,-0.01143084767367697,-0.25463937342312915
2020-01-20,209.15,-0.007889074826679443,0.004829070045421879,-0.01027970356203689,0.0002390628735355893,0.03867761598314212,-0.002859191967488628,-0.10882395803751788,-0.008721013626584506,-0.09066957609583726,-0.0005904852976336139,-0.16875546720531964,-0.009661327595823943,-0.2060452607695854
2020-01-21,209.41,0.003772503700873786,0.011699536793849497,-0.0002865192684208262,-0.0012415834964900618,0.4569508816957797,-0.004517453798769,0.3528659265904164,-0.00960794613437832,0.31832716603124767,-0.0016283845088587157,0.18033110832855725,-0.009410566193909564,0.1734824526066021
2020-01-22,210.68,-0.006075564837668468,0.0006170495538255771,-0.008614961078412753,-0.006028099487374261,-0.19607194205571987,-0.008923485855326652,0.03556912392872569,-0.012977026770458422,0.007423537046736373,-0.008047750142396337,-0.10839278075368464,-0.014296563508638394,-0.048893094806341186
2020-01-23,208.57,0.011650764731265362,0.014479551229803045,-0.002493167761422943,0.010116507647312645,-0.001619179485170874,0.004382221796038754,0.06517784932464044,5.274008726008361e-05,0.008220106742511835,0.0019513832286519595,-0.10783618703648068,-0.002942257595371256,-0.04525385825971118
2020-01-26,206.55,-0.00663277656741712,0.00624546114742186,-0.008230452674897193,0.009779714354877678,0.665914222785861,0.013807794722826117,0.7275565912070963,0.011004599370611379,0.6415955697437041,0.011014282256112118,0.5340132399581019,0.007888324053901608,0.6130206341306415
2020-01-27,210.24,-0.01127283105022836,0.003418949771689439,-0.014221841704718408,-0.017551369863013644,-0.2190685017644476,-0.006506849315069729,0.18925502908221614,-0.007267884322679774,0.2725146766263544,-0.008038432267884588,0.2075916509917226,-0.009127663622526372,0.25490767593430785
2020-01-28,207.96,0.013079438353529538,0.015632814002692896,-0.0008174648970956655,0.010963646855164377,0.19912352317164483,0.005433737257163784,0.3010354698810218,0.003928640123099569,0.4974870517513936,0.002361030967493516,0.46523756006115313,0.002748926075527569,0.5024626806168011
2020-01-29,208.37,-0.0041752651533329965,0.002687526995248879,-0.01521332245524798,-0.0019676536929500443,-0.042326853321065894,0.002063636799922053,0.19767869937445015,0.002063636799922275,0.3711501985462149,-0.00025435523347916433,0.4125678913514279,0.0009838268464752442,0.43622322499974575
2020-01-30,205.21,0.016032357097607308,0.02152672871692407,-0.005896398810974146,0.015398859704692791,-0.12141968404673942,0.015242921884897065,-0.0341194518809802,0.0180351834705903,0.18200986089196514,0.014604551435114965,0.24700984721907004,0.016945243084320438,0.24088345133041833
2020-02-02,207.8,-0.011838306063522652,0.002983638113570608,-0.012271414821944271,-0.012463907603464941,-0.24468524128176328,-0.0006448508180955104,-0.3176765634249423,0.003532242540903896,-0.14478764718007864,0.0007699711260824582,-0.06711562365357315,0.004560474815527904,-0.07088477897496892
2020-02-03,212.53,-0.011904201759751598,0.005928574789441532,-0.013104032371900387,-0.02225568155083979,0.059298622862211436,-0.021709876252765437,-0.1914376870421446,-0.01946078200724677,-0.11570464811899983,-0.021973368465628584,0.0005210596491320718,-0.01747674838062041,-0.024668449406125448
2020-02-04,212.22,0.00786919234756378,0.010555084346433041,-0.008528885119215901,0.0014607482800867988,0.05446982281284596,-0.018122702855528527,-0.1067460317460317,-0.01643577419658926,-0.0915894702842377,-0.019578739044388005,0.040094384459209875,-0.015377124367794148,0.0022183154915711434
2020-02-05,214.16,-0.005416511019798231,0.0010272693313411185,-0.008638401195367962,-0.00905864774000742,0.30166071053184784,-0.023038849458350108,0.23824355085738325,-0.024033432947329847,0.19691191927685514,-0.026524561075831232,0.32336736838944113,-0.024122151662308244,0.25440197403325415
2020-02-06,211.58,0.008318366575290614,0.008554683807543206,-0.0023159088760752455,0.012193969184232767,0.12013826890718993,-0.005652708195482914,0.3948785605824625,-0.010487758767370181,0.29151717025065604,-0.012331033178939688,0.459719593724077,-0.011697702996502302,0.3908602494159743
2020-02-09,212.55,-0.011103269818866224,0.0019760056457303055,-0.011103269818866224,-0.004563632086567848,0.010125866560107166,-0.0041966596095049935,0.362511459558716,-0.013587391202070753,0.24250757231329834,-0.015561044460127182,0.424848876538503,-0.0162126558456831,0.41541093462201406
2020-02-10,212.14,0.005845196568303956,0.008673517488451132,-0.00179126991609313,0.001932685962100722,0.08348593657154102,0.0022060903177134605,0.3364663937848327,-0.008852644480060956,0.3485103052285661,-0.012505892335250235,0.5385148115340805,-0.01423273938593983,0.543057552835573
2020-02-11,211.99,0.000990612764752985,0.004151139204679355,-0.0021227416387565867,0.0007075805462519735,-0.26410269748328097,0.0025472899665066606,-0.11697493034400475,-0.007255059200906411,-0.034005726367625444,-0.011205717250813763,0.1071598289458997,-0.013547808858908272,0.1362926068374679
2020-02-12,212.4,-0.01191148775894535,0.005367231638418124,-0.014424199623352174,-0.0019303201506590817,0.02502439677346069,0.0003954802259875656,-0.13061363231160328,-0.007274011299435723,0.007222722407763005,-0.012111581920903891,0.11530878789275745,-0.01524011299435013,0.17597382051713573
2020-02-13,212.37,0.0041437114470028735,0.005485708904270803,-0.004802938268117063,0.00014126289023863592,-0.15996412996263232,-0.0011206855958951767,-0.25704082456295063,-0.005236144464849768,-0.14484454528615553,-0.01076187785468763,-0.06823824367456999,-0.014813768423035056,-0.005735317880787516
2020-02-17,213.76,-0.005894461077844304,0.0014034431137726067,-0.0119760479041916,-0.006502619760478945,0.21214638781119577,-0.006876871257486261,-0.025120745625445418,-0.008355164670659332,0.05438049293623948,-0.016401571856287434,0.11261226232623378,-0.02087387724550871,0.2029150501268726
2020-02-18,215.92,-0.004260837347165536,0.002176732123008618,-0.007152185994812821,-0.01000370507595405,-0.03911877467509706,-0.01569099666543272,-0.03100961055122775,-0.015515005557614536,-0.022328649876505624,-0.025185253797702645,0.03792591968654979,-0.030057428677287668,0.15423564372397758
2020-02-19,213.9,0.009256661991584814,0.011313697989714822,-0.010705937353903683,0.009443665264142087,0.21329533773728837,-0.0028611500701275494,0.23924091445254625,-0.0046330060776071935,0.15685803145977317,-0.014396914446002884,0.22745325770258074,-0.019730403615396352,0.3764290381474642
2020-02-20,211.89,0.0033036009250082543,0.007834253622162501,-0.006607201850016398,0.009486054084666629,-0.31572336521460187,0.008400585209305644,-0.18168821987202066,0.005601963282834577,-0.2377392617844818,-0.003987918259474199,-0.16932287758865172,-0.00886308933880764,-0.08319040978235648
2020-02-23,204.36,0.0005382658054413625,0.017170679193579952,-0.004452926208651564,0.03684674104521424,-0.16850345079323037,0.04505774124094608,-0.2883635658359277,0.0415443335290655,-0.3454933356942609,0.033007927187316266,-0.31266445054600833,0.02889019377569002,-0.23919378575857986
2020-02-24,197.1,0.03896499238965001,0.04251648909183148,-0.006291222729578827,0.03683409436834095,-0.08804965605389281,0.07542364282090186,-0.3152837149121771,0.07624556062912147,-0.36277876022028155,0.06998985286656523,-0.36864016158812885,0.06648570945374632,-0.3093982514005935
2020-02-25,195.67,0.015331936423570225,0.029513977615372777,-0.004484080339346885,0.0073082230285685945,0.06939696426010422,0.06625440793172044,-0.18326750335857256,0.0762150559615673,-0.265453019495819,0.075394797362907,-0.29770929248996814,0.07248087766818312,-0.24552301292989487
2020-02-26,186.44,0.030894657798755665,0.042426517914610606,-0.0003754559107487232,0.04950654366015872,-0.1157898550677754,0.09731817206607896,-0.22005164273989908,0.12066080240291721,-0.30601885069994617,0.12472645355074019,-0.36465561694052673,0.12308696274047093,-0.3280164344080484
2020-02-27,180.59,-0.001827343706739093,0.014452627498753978,-0.02929287335954367,0.03239382025582804,-0.475956813757592,0.10245307049116636,-0.5378874395790483,0.14281521678941167,-0.6152054570886429,0.1552023921590342,-0.6538901065517646,0.15553832807279866,-0.6447915852591837
2020-03-01,189.55,-0.039831179108414716,0.0014244262727511892,-0.0608282774993405,-0.04726984964389347,0.33669651342650986,0.01731469269321928,-0.2154078440312296,0.07201266156686792,-0.39277557191434553,0.0932682669480347,-0.4887224206013797,0.09622614965268639,-0.4959006743582086
2020-03-02,182.22,0.041433432115025814,0.053122599056086184,-0.008780594885303472,0.040226100318296654,0.22689479809412294,0.04198221929535584,0.05977234676555265,0.10261222697837691,-0.19189768671351837,0.1329491823071014,-0.33678845853371564,0.1367687410822087,-0.36600135747503715
2020-03-03,188.86,-0.016202478026051015,0.004500688340569603,-0.024144869215291798,-0.035158318331038996,-0.08831442772047049,-0.010409827385366222,0.00034065841871133706,0.047146034099331935,-0.21691358910258052,0.08634438208196538,-0.38045434302731274,0.09203995905256135,-0.4162319934524641
2020-03-04,182.56,0.013858457493426846,0.026840490797546135,-0.00898334794040323,0.0345092024539877,0.0936094285502036,0.016279579316387682,0.16117336863662124,0.0684596844872909,-0.08525644224020645,0.11735046012269934,-0.29945126893366114,0.12602066900379816,-0.3510636168794954
2020-03-05,178.75,-0.0072727272727273196,0.008727272727272695,-0.027020979020979108,0.021314685314685278,0.07814014343140974,0.03359999999999874,0.28277062838880385,0.07370069930069811,0.04870974789077165,0.1328699300699301,-0.22318697216993122,0.14501445221445275,-0.2836068483910812
2020-03-08,164.11,0.007860581317409077,0.041252818231673816,-0.024434830296752308,0.08920845774175845,-0.3541780137937317,0.12356346353055714,-0.2700954258805981,0.14929011029187622,-0.30091679639866786,0.2231430138321857,-0.48209321056111776,0.2406739382121752,-0.5312254858629111
2020-03-09,174.56,-0.019935838680109952,0.0010311640696609725,-0.048808432630614185,-0.05986480293308882,0.17121129818293856,0.02715398716773465,-0.11039676151065914,0.05743010999083298,-0.12436116444018264,0.13632275435380414,-0.35166098488830055,0.15791131989000973,-0.4300095099429426
2020-03-10,165.11,0.02549815274665357,0.03667252134940324,-0.014899158136999602,0.057234570892132464,-0.15771214366484498,0.07666404215371414,-0.21920906880716384,0.10430016352734417,-0.23388480026991043,0.1898552480164739,-0.42580597561400524,0.2177255566995746,-0.500970904472162
2020-03-11,152.53,0.003081361043729025,0.04077886317445745,-0.03573067593260337,0.08247557857470666,-0.18773145173176353,0.1343211171572789,-0.325366931947372,0.17534255556283873,-0.33875393385783226,0.2725726086671476,-0.5034886894966131,0.30829563583120323,-0.5770888748358525
2020-03-12,166.51,-0.03537325085580434,0.0012011290613176406,-0.08155666326346755,-0.08395892138610284,0.11275726779255235,0.0030148339439060035,-0.150914903935345,0.05629691910395662,-0.20611629362972994,0.14787400156146813,-0.4077455344158971,0.18735611474786373,-0.5011358326217242
2020-03-15,152.54,-0.02786154451291467,0.09158253572833353,-0.05919758751802806,0.09158253572833353,0.09124114869663824,0.0788252261701834,0.019126777819468366,0.14380490363183318,-0.1353349588970505,0.23795725711288873,-0.3160513149300591,0.28694987107206926,-0.42930021635371685
2020-03-16,157.71,-0.023524189968930354,0.018705218438906712,-0.0331621330289773,-0.03278168790818603,-0.1415943526559379,0.02878701413987539,-0.12054187549469875,0.08284192505231003,-0.24306575402972952,0.17840656901908591,-0.38724981340486553,0.23362923509394928,-0.49131967494563356
2020-03-17,151.15,0.002778696658948032,0.0572279192854781,-0.06053589149851146,0.0434005954349983,0.04026538944697289,0.05114125041349471,-0.025447744912471704,0.11362222957327028,-0.16887920685019242,0.21100893152497546,-0.3253897806884637,0.2761230565663253,-0.4496936943342633
2020-03-18,158.5,-0.0450473186119873,0.12176656151419563,-0.0450473186119873,-0.04637223974763405,-0.07030563403272383,-0.015217665615143594,-0.0717928865879891,0.038189274447948396,-0.1958519725810709,0.13441955835962172,-0.34067862738222876,0.20403785488959048,-0.4692696626556653
2020-03-19,149.94,0.050620248099239706,0.06355875683606782,-0.01680672268907568,0.05708950246765365,-0.05841873700191469,0.04896625316793224,-0.12754051967532287,0.08141256502600935,-0.20163010871452847,0.1807089502467656,-0.343248504380686,0.2608332221777605,-0.4794929366212859
2020-03-22,143.69,0.03006472266685223,0.03006472266685223,-0.04550073073978711,0.043496415895330154,0.07859484986654652,0.07152898601155111,-0.02726173155357281,0.10840002783770508,-0.08400414777123799,0.210508734080312,-0.25524869764638203,0.300777135963997,-0.4114179874928241
2020-03-23,156.85,-0.029263627669748216,0.004948677080012898,-0.046923812559770406,-0.08390181702263311,0.3169543288198191,-0.029658909786421495,0.3223707542967911,0.0023844437360525106,0.22998117886294134,0.08960471788332836,0.018859244335309056,0.17721177345659367,-0.19129728499641618
2020-03-24,151.82,0.030430773284152224,0.05183770254248454,-0.0244368330918191,0.03313133974443416,-0.019534995549169487,0.0013568699776036475,0.23898216028632513,0.023929653537082318,0.21355653045394396,0.11244895270715372,0.018099158042714114,0.20398498221578243,-0.18444114783585785
2020-03-25,171.34,-0.1047040971168437,0.0015174506828528056,-0.12454768296953422,-0.1139255281895647,-0.06500670675747156,-0.1119411696042969,0.11745819530972379,-0.10047858059997772,0.127768518325591,-0.027083576514532193,-0.027459015374980966,0.05508540523715055,-0.21494517637551924
2020-03-26,162.88,0.013015717092337953,0.03935412573673869,-0.013936640471512662,0.05194007858546179,0.3515476827452537,-0.05004911591355732,0.44917985435306695,-0.042208988212181775,0.4923336811697845,0.018814464636542683,0.3420805416637709,0.10156761624099575,0.09019729018266709
2020-03-29,169.82,-0.033564951124720244,0.003238723354139772,-0.035567071016370244,-0.04086680014132604,0.39414060797549566,-0.07363090330938771,0.8084642706249872,-0.08348839948180531,1.0106400214095665,-0.028035567071016065,0.8345217911854106,0.04682997683822121,0.5447430761988223
2020-03-30,163.26,0.025542080117603838,0.04054881783657982,-0.006737718975866724,0.04018130589244162,-0.08204536790376371,-0.0043978929315215964,0.4260406358396984,-0.03607742251623269,0.7614106325300309,0.004976724243538344,0.6569508803682493,0.08020539834211315,0.4249808809667006
2020-03-31,154.68,0.025148694078096723,0.039679984484096265,-0.013576415826221822,0.05546935608999215,-0.008688028109001045,0.05911559348331896,0.2975442644658437,0.020978794931470146,0.6419180722259734,0.054593354021205576,0.6331746356908274,0.1292410137057154,0.4263261749776577
2020-04-01,156.27,-0.014206181608754087,0.027068535227490864,-0.017405772061176106,-0.010174697638702268,-0.005437369199976505,0.05199974403276242,0.17051211672740796,0.012849555256925882,0.5380586831656702,0.032926985345876014,0.6097178631269435,0.1046884665429495,0.43172748392368576
2020-04-02,152.15,0.022674991784423115,0.043181071311205965,-0.025435425566874836,0.02707854091357209,-0.19907909996590223,0.06067696352283791,-0.17549082729051435,0.03881038448898977,0.14449248413776328,0.05225764048636239,0.2822082123855727,0.12197612005696201,0.16019851358922832
2020-04-05,166.05,-0.04257753688648014,0.0042155977115325705,-0.054260764829870634,-0.08370972598614879,0.2199274636450299,-0.04103583258054955,0.003266142555882645,-0.046817223727794066,0.30122293224090324,-0.04383619391749438,0.5719094254263273,0.016063434708421642,0.43249055818127613
2020-04-06,164.12,0.042407994150621464,0.044906166219839116,-0.0011576894954911099,0.011759688033146531,0.013678033333527129,-0.03435291250304817,0.04045043072971266,-0.021983914209116495,0.2164797943500505,-0.032000974896416845,0.5604535172869807,0.02023113169225832,0.457185942259855
2020-04-07,171.73,-0.02998893612065434,0.005590170616665668,-0.0387818086531182,-0.044313748325860325,0.23922366626403502,-0.07614278227450211,0.29517854163557566,-0.061090083270250894,0.4395391433666387,-0.07793629534734714,0.9072146632637015,-0.03138065568042814,0.8081040739690115
2020-04-08,177.92,-0.026360161870503607,0.010959982014388636,-0.030406924460431584,-0.034790917266186994,-0.34074612547507555,-0.08911870503597252,-0.17524672013555465,-0.08256519784172756,-0.11406666791515918,-0.10815535071942395,0.22103490442042828,-0.06956497302158227,0.1899429887344657
2020-04-12,172.57,0.020919047343107122,0.0257286898070348,-0.01744219736918351,0.03100191226748561,0.9409086627362886,-0.03578837573158855,0.674857423110869,-0.05031001912267574,0.6457928298927165,-0.07315002607637433,1.301451084608249,-0.042365416932258926,1.321516072707217
2020-04-13,178.1,-0.006176305446378372,0.004435710275126237,-0.011678832116788218,-0.031049971925884323,-0.33349006563989947,-0.042796181920270904,-0.011772393298909112,-0.07435710275126439,0.0315170811485499,-0.10022740033688893,0.46812878686806214,-0.07360097323600934,0.5024379152965386
2020-04-14,169.45,0.028622012393036522,0.028681026851578695,-0.003304809678371212,0.051047506639126716,0.14413324114744097,0.020289170846855997,0.11434699555844619,-0.022218943641193145,0.18621908099618545,-0.04675420478017067,0.6329997645902328,-0.02856299793449346,0.6996996280681838
2020-04-15,167.95,0.019708246501935145,0.024412027389103974,-0.0025602857993448636,0.00893122953259895,-0.17601097840957813,0.035748734742481636,-0.11626260556441437,-0.009800535873773053,-0.03746186041708821,-0.03474545995832057,0.28699889373093823,-0.02242135556217084,0.38943165091865795
2020-04-16,175.09,-0.014678165514877994,0.00039979439145576556,-0.017362499286081357,-0.04077902792849397,-0.37156189756892777,-0.010805871266207245,-0.4199924635468554,-0.04260094808384374,-0.3939385730550775,-0.06931006910731607,-0.22005401057367613,-0.06626687227521055,-0.1324660886562904
2020-04-19,174.74,-0.012303994506123406,0.01236122238754711,-0.017053908664301343,0.00200297584983411,0.9264189872816306,-0.012063637404144623,0.20732842585546596,-0.029913013620236906,0.24070283224977818,-0.06269886688794757,0.4739278100711042,-0.06582160161764128,0.6886162194973455
2020-04-20,166.24,0.02755052935514901,0.039461020211742026,-0.003188161693936431,0.05113089509143398,-0.07650948492331289,0.0410611164581316,0.15915315059999613,0.0332771896053885,0.1003762608262202,-0.00731472569778624,0.28483662037073665,-0.018860282322746058,0.5500901031150791
2020-04-21,172.31,-0.013173930706285253,0.005977598514305571,-0.01799083047994887,-0.03522720677848057,0.4078244253551564,-0.009378445824387516,0.6166774849800967,-0.00301201323196687,0.5309522411123591,-0.03574081597121448,0.7193286637374523,-0.05301104598301498,1.141737913952384
2020-04-22,172.9,0.002660497397339645,0.013996529786003409,-0.004395604395604491,-0.0034123770965875933,-0.35637532058280075,-0.009450549450550683,0.0023115853002806386,-0.0016772700983238575,-0.051213244998582375,-0.034560439560439415,0.06064331639852316,-0.056676306149990086,0.35187561441642257
2020-04-23,175.46,0.005357346403738639,0.005357346403738639,-0.01647099053915435,-0.014590219993160791,0.4163709576172927,-0.018260572210191506,0.41595093383748494,-0.015576199703637328,0.37010815381547757,-0.04263934799954394,0.4602021929856952,-0.06895968691819576,0.8811634104823165
2020-04-26,179.43,-0.01783425291199925,0.006158390458674612,-0.018001449033049233,-0.02212562001894891,-0.13542832241783043,-0.03956974864849927,0.0023097342448830105,-0.03872819483921408,0.1197223290804641,-0.06267346597558932,0.20129922551274682,-0.0852997454903488,0.5692101145183373
2020-04-27,178.36,0.02085669432608217,0.027472527472527375,-0.008129625476564373,0.005999102937878309,0.13735186925007592,-0.028549002018390945,0.13436306614199656,-0.02911527248262047,0.2985982326430021,-0.05241085445167082,0.33533084614372144,-0.0773977722957313,0.7347452219181314
2020-04-28,187.56,-0.027991042866282734,0.0032522925997013896,-0.031243335465984345,-0.04905097035615269,-0.26643780407777595,-0.063275751759438,-0.2063105346375238,-0.07659948816378848,-0.07161534571268857,-0.09661441671998283,-0.029991137151416547,-0.11806355299637417,0.2378996979906105
2020-04-29,185.19,0.0018359522652411364,0.006965818888708952,-0.005399859603650303,0.012797667260651346,0.07114482419210755,-0.03481829472433828,-0.07648537564348779,-0.05500296992278286,0.01019937198093479,-0.07849235919866071,0.038646870335995676,-0.1014039634969488,0.2879330231872532
2020-04-30,180.09,0.008995502248875686,0.016103059581320522,-0.004609361985673965,0.02831917374646009,0.3387507752332144,0.006163584874228301,0.21109250710540928,-0.018668443556000724,0.33786293924511024,-0.04392525959242588,0.3845947851810263,-0.06965591278434824,0.6739458618659737
2020-05-03,179.53,-0.00863365454241638,0.006163315323344243,-0.014760764217679578,0.003119255834679535,0.17663141786902825,0.014459978833619935,0.4169186363973423,-0.012822369520415378,0.4139513445251637,-0.03430902913162115,0.6018242994245293,-0.06274531647449788,0.8887312267944794
2020-05-04,181.62,0.0025327607091729654,0.012498623499614503,-0.0034137209558419146,-0.011507543222112115,0.07387381300406415,0.002896156810922701,0.43402115403061337,-0.021544984032596526,0.4708878406854038,-0.03788404360753195,0.6583209312454794,-0.06810006240135047,0.9270725864491378
2020-05-05,180.38,0.009535425213438309,0.011752965960749595,-0.007373322984809749,0.006874376316664765,0.09987990339189978,0.013405033817495138,0.5048428791337118,-0.006292271870496524,0.5432958224958861,-0.02695420778356783,0.7747867124051169,-0.0546845548286945,1.0165256471504147
2020-05-06,187.11,-0.022019133130244284,0.00171022393244602,-0.024637913526802446,-0.03596814707925833,-0.3527548673725529,-0.03071989738656522,-0.15452852998584932,-0.037721126610016364,-0.021204759256436057,-0.05760782427449074,0.11457622132560896,-0.08449396967915446,0.25810988262189993
2020-05-07,188.56,0.0022804412388630624,0.006841323716588743,-0.004666949512091567,-0.007689859991514614,0.28105020683174686,-0.03613703860840156,0.030767013210934335,-0.03758485362749331,0.2131678569326183,-0.060776410691556815,0.42312771743465927,-0.08529557346909877,0.5647055015575877
2020-05-10,187.75,-0.006711051930758938,0.00948069241011984,-0.013102529960053344,0.00431424766977373,-0.1165810462058876,-0.022956058588549877,-0.11631373540118495,-0.026455392809588085,0.054779079770404415,-0.053890812250332765,0.20925811531302108,-0.07829205503772718,0.32698745583296485
2020-05-11,185.72,0.011415033383588291,0.022991600258453593,-0.00018845573982340103,0.010930432909756593,0.0565761987022404,-0.0034245100150777086,-0.03782595478176565,-0.011334266637950452,0.09142909668288701,-0.03946263191901778,0.2803487138458505,-0.06375367937396759,0.3710287521473561
2020-05-12,181.0,0.022320441988950224,0.022872928176795426,-0.012430939226519389,0.026077348066298356,-0.18756784675165816,0.027093922651932667,-0.19412602536727985,0.018513812154695275,-0.12396541265426919,-0.01230939226519323,0.019684298269547984,-0.036410681399631106,0.10233965777006793
2020-05-13,179.99,-0.007167064836935522,0.00011111728429336054,-0.02805711428412694,0.0056114228568253655,-0.14718702357296487,0.03354630812822812,-0.2494217143101114,0.020584476915383565,-0.2744887543206428,-0.0035585310295015438,-0.1333271840705036,-0.027718206567031056,-0.06735272752717203
2020-05-14,183.88,-0.0299651946921905,0.0004350663476180294,-0.03290189253861209,-0.021155101152925737,-0.24718172088055013,0.003937350445941901,-0.4091241317761104,-0.003834022188384467,-0.4536456296585173,-0.021364476832716806,-0.3515439332269804,-0.04369878906533209,-0.30003193621114566
2020-05-17,192.75,-0.01945525291828798,0.007211413748378748,-0.024072632944228234,-0.04601815823605704,0.6094039425069393,-0.04711802853437208,0.11612984434387053,-0.04770946822308764,-0.05004429274508537,-0.06411932555123201,0.017480158790029954,-0.08293125810635515,0.13609865190557957
2020-05-18,190.09,0.012678205060760783,0.023252143721395058,-0.0008943132200537329,0.013993371560839574,0.2728596080669188,-0.02852333105371263,0.44945709339617723,-0.027429112525646504,0.23877251365565533,-0.04628596980377697,0.28830587570404465,-0.06297893980044511,0.41846959724847554
2020-05-19,195.18,-0.013730915052771797,0.002510503125320085,-0.015114253509580955,-0.026078491648734548,-0.22105583935116802,-0.049380059432320045,0.11837379985228957,-0.048452710318681036,-0.02801947419169537,-0.06504764832462318,-0.016954543978062286,-0.08330942377975858,0.0861433088060981
2020-05-20,193.5,0.006201550387596733,0.01043927648578813,-0.004134366925064636,0.008682170542635648,0.6649246849062405,-0.026470284237727237,0.8538626737712196,-0.032542635658915464,0.6775211058737804,-0.051020671834625,0.6496713503774292,-0.06999999999999962,0.790376926521767
2020-05-21,193.71,0.0019100717567497316,0.006091580197201907,-0.013318878736255257,-0.0010840947808580248,0.04339148860975284,-0.013576996541222575,0.7256198518918904,-0.030292705590832414,0.6817649129007299,-0.046732228589127844,0.6595041853088754,-0.0672620584034549,0.840986303390469
2020-05-25,196.4,0.015376782077392903,0.018279022403258738,-0.0018839103869654483,-0.013696537678207776,-0.4576316915953599,-0.017077393075357494,-0.256294187976159,-0.04095213849287227,-0.10682306446748113,-0.05514256619144575,-0.11644168224080775,-0.07735743380855364,-0.034318574779166666
2020-05-26,199.93,-0.007752713449707405,0.00010003501225419598,-0.01860651227929777,-0.01765617966288202,0.18206315296429376,-0.030780773270645878,-0.10532824575733857,-0.05355874556094686,0.07605773789463455,-0.06758115340369109,0.04388305620134014,-0.08967471948515271,0.1499051315591553
2020-05-27,201.67,-0.008231268904646205,0.012446075271483226,-0.008231268904646205,-0.008627956562701322,-0.1042023693733991,-0.02938463827044291,-0.17482143138876083,-0.0546784350671895,-0.029526897116933903,-0.07027817722021101,-0.06707706923613876,-0.09392076164030294,0.01828669364117652
2020-05-28,201.62,-0.0006447773038388283,0.003918262077174939,-0.014532288463446119,0.00024799127070718185,-0.08564108682362037,-0.022706080745959034,-0.24506447205898862,-0.044192044440036216,-0.11465768518171959,-0.06654845749429605,-0.15980820576162502,-0.08836920940382864,-0.0717317677467113
2020-05-31,203.38,-0.009047103943357282,0.0018192545973054752,-0.0172583341528173,-0.008653751597993864,0.6461427674723987,-0.02317828695053703,0.3915727373200195,-0.04182810502507661,0.4416238898237965,-0.07058707837545453,0.375398822658056,-0.09073983020290366,0.5164277838322147
2020-06-01,205.78,-0.008212654290990384,4.859558752068338e-05,-0.016716882107104647,-0.011662941004956795,-0.21053407614024156,-0.02517251433569956,0.12000506689569024,-0.04352706774224935,0.027887788528041524,-0.0757678102828262,0.07223994791231236,-0.09676191401820666,0.1399368327003936
2020-06-02,207.28,-0.013797761482053361,0.002653415669625625,-0.014328444615978375,-0.007236588189888038,0.19355384945677323,-0.023176379776149503,0.2751384449773062,-0.044162485526824,0.20590271205198518,-0.07612408336549581,0.28562678971542965,-0.09830663836356568,0.3485979516735256
2020-06-03,203.1,0.014721811915312744,0.023092072870507074,-0.0037912358444115446,0.020580994583948797,-0.33897412055168874,0.004165435745936641,-0.19285999545069865,-0.016026587887740473,-0.2096214925306309,-0.05079271294928578,-0.15024949200134474,-0.07301329394386946,-0.12355925131878442
2020-06-04,208.49,-0.011990982780948678,0.005899563528226626,-0.01774665451580415,-0.025852558875725573,-0.02902465513935326,-0.020423041872513092,-0.20415261204429058,-0.03766607511151676,-0.2262826549204311,-0.06988344764736898,-0.1556146162379699,-0.09205557420819499,-0.14218625101471472
2020-06-07,211.28,-0.017843619840969382,0.0001893222264293115,-0.020257478227943992,-0.013205225293449363,0.536474799505944,-0.02685535781900905,0.2241623442730596,-0.043279060961757376,0.2586331276357059,-0.07710620976902671,0.30476453317254437,-0.09843020320585583,0.3082208874837755
2020-06-08,207.34,0.009887141892543472,0.011816340310600859,-0.008873830423459017,0.019002604417864388,-0.27431496889055085,-0.0007427413909530944,-0.10137369771379301,-0.016624867367609375,-0.0723517150879962,-0.054089900646281164,-0.05620157001443804,-0.07553937172438141,-0.05770997579799109
2020-06-09,209.43,-0.010361457288831644,0.006684811154084924,-0.01685527383851404,-0.00997946808002681,0.08138901421476219,-0.009225039392638301,0.003305264497915461,-0.021214725683999847,-0.004935525298457533,-0.05885259991405223,0.026534246100909264,-0.08032278088143974,0.015934259143120633
2020-06-10,195.95,0.04883898953814758,0.051033426894615985,-0.00035723398826226216,0.06879305945394254,-0.47846391026848956,0.06112783873437011,-0.4531557462280721,0.050967083439652505,-0.4801629498218629,0.011941821893340476,-0.4623150771667166,-0.011770009356127709,-0.47069580877377803
2020-06-11,201.59,-0.0024306761248078512,0.0041668733568134275,-0.0212312118656679,-0.0279775782528896,0.5520382595597757,0.02434644575623679,-0.030400272156881236,0.018726127288059224,-0.12683328951445905,-0.012661838384840252,-0.1332931702412513,-0.03803098698678786,-0.16469360504571173
2020-06-14,199.79,-0.016517343210370794,0.00475499274237956,-0.024826067370739224,0.009009459932929564,0.11684868609222665,0.02666800140147041,0.08826080481187937,0.02788928374793498,-0.021639156431776052,0.0016392211822418012,-0.03563675489235374,-0.026627959357324538,-0.06940777541403564
2020-06-15,204.4,-0.0050880626223092085,0.012133072407044976,-0.011154598825831696,-0.022553816046966824,0.07673454065696972,-0.007729941291586329,0.23434075245734953,0.002950097847357558,0.09012650292840974,-0.017059686888453718,0.007156608875979131,-0.04536855838225662,0.0060850301830908116
2020-06-16,205.2,0.0040448343079921845,0.005506822612085793,-0.007553606237816646,-0.0038986354775827348,0.3416917782681246,-0.014463937621833511,0.6419848046796208,-0.0016325536062383739,0.4761497649798596,-0.018053118908381793,0.3474813114673936,-0.04505035737491825,0.35831021843527733
2020-06-17,202.93,-0.005913369142068747,0.0011826738284137495,-0.017937219730941756,0.011186123293746464,-0.28131862435661403,-0.007608534962796343,0.13608087740776909,0.008510323756959925,0.06011193828239181,-0.003345981372887108,-0.03568604918308593,-0.030494916145139883,-0.02412433545522008
2020-06-18,201.55,0.0297196725378317,0.03341602580004954,-0.0001488464400892786,0.006846936244108148,-0.43607408814843784,0.006112627139666316,-0.4495262659970536,0.01533118332919825,-0.4077504255270131,0.005400645001240489,-0.45698216068881004,-0.020127346398742696,-0.44332586281882735
2020-06-21,202.6,-0.008884501480750151,0.007304540967423501,-0.015449160908193482,-0.00518262586377094,0.6149122466622687,0.0008588351431380037,0.0007496168504970147,0.006643632773938313,0.01485867974142252,0.0021767028627841523,-0.07043778056124861,-0.022829878249423508,-0.07824058868405803
2020-06-22,207.4,-0.00978784956605594,0.01099324975892002,-0.00978784956605594,-0.02314368370298947,0.10163645001582156,-0.019594985535198894,0.11446662006876851,-0.020838958534233898,0.1542734033241988,-0.01887415621986477,0.04944274231861856,-0.04318868531018916,0.025462842583427348
2020-06-23,201.84,0.018182718985334967,0.02754657154181528,-0.006638921918351137,0.02754657154181528,-0.19096715995371982,0.010384462940941974,-0.09308225075811472,0.006163297661513578,-0.06763437927303007,0.010877427665477724,-0.15478545489552187,-0.013586669309023192,-0.1678528731697838
2020-06-24,217.32,-0.019878520154610668,0.0026228602981777094,-0.026780784097183874,-0.07123136388735496,-0.4185211661525665,-0.06467881465120662,-0.424189177814258,-0.06899963187925695,-0.44399966496064736,-0.06068930609239798,-0.5012292896543746,-0.08137769188293709,-0.5101993705296124
2020-06-25,212.47,0.020285216736480427,0.020991198757471574,-0.006589165529251262,0.022826752012048646,0.41216195444778636,-0.029783028192216454,-0.037727536360876224,-0.03769002682731737,-0.1935680108023502,-0.03556502094413305,-0.25937773473285286,-0.05471046892894649,-0.28464258447558377
2020-06-28,212.72,-0.012081609627679568,0.003149680330951421,-0.012081609627679568,-0.0011752538548326363,0.44407778746447457,-0.02065626175253954,0.33706776638392966,-0.033706280556600854,0.1973551230459485,-0.03414817600601694,0.0875001796877577,-0.050731791400275394,0.041556958482403816
2020-06-29,214.72,-0.010944485842026785,0.004284649776453042,-0.012062220566318893,-0.009314456035767527,-0.25895130889002516,-0.020352086438153116,-0.017593442014818383,-0.036684985096871014,-0.11264735038750362,-0.040969634873322947,-0.1814652919812314,-0.05509655986090356,-0.2424454023420659
2020-06-30,214.59,-0.00041940444568711044,0.010764714105969464,-0.0033086350715317847,0.0006058064215479497,0.4635375684375602,-0.01293629712475064,0.5224042332700545,-0.031292231697656825,0.344375280857659,-0.03830560603942379,0.225884254546455,-0.05111142178107031,0.12203669567716124
2020-07-01,215.72,0.0039402929723715285,0.012655293899499265,-0.0038012238086407857,-0.005238271833858721,0.05770881651966153,-0.00628592620063162,0.5497477488488405,-0.03201372149082238,0.44838017997569146,-0.041648896717967454,0.309415137203092,-0.0522961864144873,0.1925809255255273
2020-07-05,217.55,0.0009652953344057025,0.009698919788554194,-0.005699839117444316,-0.00841185934267985,0.02295280096806307,-0.016115835440129733,0.3113041416055302,-0.03427717766030902,0.47097750463764365,-0.046809928752010954,0.32856356833869915,-0.057120968359763546,0.21535847658058183
2020-07-06,216.33,-4.622567373924191e-05,0.016363888503674984,-0.000970739148523081,0.00563953219618174,0.09898474943157964,-0.005870660564878838,0.28843595797233434,-0.021434844912865514,0.5063771039732174,-0.03934035963574145,0.4447854451672002,-0.04809781352563158,0.3467521251015522
2020-07-07,218.89,-0.006487276714331358,0.0011878112293846055,-0.011649687057425973,-0.011695372104710056,0.023025506609674284,-0.014198912695875698,0.25884375465416,-0.02660697153821634,0.5039322806123103,-0.04942208415185678,0.4824393906348401,-0.055786011238521005,0.3868200324529174
2020-07-08,219.31,-0.0038301947015639826,0.005927682276229973,-0.014044047239068047,-0.0019150973507821023,-0.005053123002060067,-0.012283981578588787,0.09720266214392259,-0.023231954767225504,0.46989848245364785,-0.04860927454288422,0.46057989650671294,-0.054175976167676776,0.36703780250290063
2020-07-09,220.26,-0.005720512122037502,0.0027354036139108917,-0.011763824570961479,-0.004313084536456846,0.2893091841641289,-0.012258240261510345,0.3604003045359834,-0.01951330246072902,0.8233988247887711,-0.050469899210024094,0.8711609933482931,-0.05532249765428665,0.7554040349109672
2020-07-12,215.74,0.02591081857791777,0.028413831463798944,-0.002363956614443441,0.020951144896634855,-0.3512249810246899,0.012644850282746312,-0.17908338227067722,0.002391767868729966,0.023941479447476155,-0.02494205988690046,0.15130782247001684,-0.03265813788201788,0.12419824382635092
2020-07-13,219.16,-0.019894141266654453,0.0009582040518343327,-0.02578025187077937,-0.01560503741558672,0.19734985150652928,-0.004809271764921963,-0.0016738657605683827,-0.011758532578938663,0.1559000238456667,-0.03692964044533642,0.36502407634170786,-0.04560594999087364,0.3384487939780705
2020-07-14,219.76,0.0010921004732435957,0.013605751729159232,-0.005915544230069125,-0.0027302511831087672,-0.2032978395984315,-0.004950855478705329,-0.2077278474145815,-0.011526210411358706,-0.10416319589751766,-0.03515198398252595,0.07502031534733145,-0.0458181652712043,0.06990228705419721
2020-07-15,219.11,0.0030578248368398064,0.006937154853726257,-0.0023504175984665476,0.0029665464835013644,0.5608829689433266,-0.0012048742640695664,0.3009823668876277,-0.006293642462690818,0.33376606230688943,-0.028784628725297634,0.6801616080624313,-0.040860754871981486,0.6765485135237885
2020-07-16,221.94,-0.010137875101378757,0.003154005587095554,-0.01640082905289708,-0.01275119401640079,-0.34904780845660555,-0.014120933585654916,-0.18508251246821084,-0.01692799855816962,-0.16481359327445544,-0.038035054519239164,0.08944562132275524,-0.05131416899462249,0.08825072487504793
2020-07-19,223.43,-0.006400214832386064,0.0030434588014143227,-0.014859240030434595,-0.006668755314863772,0.5527039989715952,-0.01919169314774305,0.38059025684269954,-0.02069999552432633,0.3080187627982951,-0.04019603455220844,0.6897008962911055,-0.05482999895567531,0.683233136059398
2020-07-20,222.75,0.009652076318743097,0.013423120089786744,-0.001391694725028092,0.003052749719416381,-0.10044847389411848,-0.009292929292930241,0.15106443418507354,-0.015070707070708012,0.13991348526308256,-0.03235465768799073,0.43810214973346717,-0.04970894126449621,0.49017023489155376
2020-07-21,224.23,-0.006600365695937138,0.0022744503411675776,-0.007982874726842892,-0.006600365695937138,-0.008690299746499153,-0.012629888953307855,0.11515740538264052,-0.01870846898274181,0.11487723993737564,-0.03424831646077664,0.3973045056360167,-0.05427611529827925,0.4754434187701917
2020-07-22,222.3,0.008007197480881745,0.014439946018893313,-0.004183535762483204,0.008681961313540265,0.0947541084235044,-3.5987404409576484e-05,0.13174605015021879,-0.007786774628880777,0.20771950524998384,-0.022078272604588167,0.5070634192586936,-0.04353276353276303,0.5992101096147966
2020-07-23,221.44,-0.005554552023121384,0.0078125,-0.005554552023121384,0.003883670520231197,-0.07097951104284839,0.006728684971097243,0.053884512639587934,-0.002583092485549776,0.1007277837761118,-0.013660585260115377,0.3576885863531989,-0.03788084055876628,0.47153830654359097
2020-07-26,223.32,-0.008149740283001972,0.005373455131649774,-0.011172308794554886,-0.00841841303958446,0.008811510383008203,-0.0021941608454245642,-0.019189596728778735,-0.010451370231059354,0.12197610505033452,-0.021041554719684608,0.2659369125260238,-0.042175652277747444,0.43084037156853405
2020-07-27,222.18,0.003870735439733375,0.011612206319200569,-0.001260239445494693,0.005130974885228179,0.08086497884464983,0.0028265370420368363,0.07851370883273878,-0.001962372850842442,0.17196342653110297,-0.013576829597623408,0.30435988829532934,-0.03400096018243426,0.5217828713977639
2020-07-28,224.38,-0.010696140475978222,0.004545859702290711,-0.01091897673589437,-0.009804795436313296,-0.036385182818034156,-0.007514038684375612,0.020126361481718202,-0.010401996612889652,0.10590776543900282,-0.021140475978251083,0.2263478669010146,-0.04014618058650443,0.44608248337816137
2020-07-29,223.98,-0.014153049379408866,4.464684346827674e-05,-0.018751674256630047,0.0017858737387266288,0.03565895321249135,-0.005607643539602636,0.042287821402542836,-0.006572015358514927,0.09320971949007228,-0.017235913920885637,0.21182657242559078,-0.03545852308241748,0.481720600629423
2020-07-30,224.78,-0.0039594269952843986,0.0007562950440429539,-0.017261322181688743,-0.0035590355013791486,-0.054080830032049776,-0.007651926327965963,-0.01615035330365322,-0.007941097962453014,0.03432367493194155,-0.0186448972328499,0.12246801222507608,-0.03610641516149071,0.3975505714905627
2020-08-02,227.18,-0.009595915133374433,0.0036284003873581216,-0.011972884937054284,-0.010564310238577401,-0.0889058969919031,-0.015194999559821398,-0.10896534348114928,-0.017171405933621764,-0.09858853212808216,-0.027018223435161692,0.006968799506553713,-0.04308331132435328,0.2585792740682815
2020-08-03,227.15,-0.0037860444640106516,0.0027734976887519025,-0.0070438036539731685,0.00013207131851200593,0.2961163291319602,-0.01166629980189382,0.1731267690245959,-0.015390710983932077,0.18770549567347117,-0.02476997578692519,0.2923361329651837,-0.03919583241617086,0.57083363819925
2020-08-04,228.7,-0.00332313073895929,0.003060778312199419,-0.0054219501530388126,-0.006777437691298571,0.10069659029351397,-0.01401836466987394,0.2659933893013158,-0.020139921294272667,0.28248241145537967,-0.029013992129427346,0.3997655143298211,-0.04212942719720114,0.695065006334052
2020-08-05,230.89,-0.01390272424098049,0.00034648533933911985,-0.01390272424098049,-0.009485036164407323,-0.125900144200915,-0.019628394473559574,0.05881870847554582,-0.02749794274329853,0.0894861527106956,-0.03609944129239062,0.20081733612151398,-0.04813980683442287,0.4547461070940033
2020-08-06,231.56,-0.009975816203143917,0.001338745897391691,-0.012264639834168256,-0.002893418552427085,0.03474012381555558,-0.01649680428398781,0.08014181895693762,-0.026602176541717926,0.11838785215128378,-0.03638797719813469,0.2251918036985181,-0.046712155236943276,0.46809275380987647
2020-08-09,230.34,-0.0028219154293652737,0.003994095684640042,-0.0035599548493531197,0.005296518190500921,-0.047855517949286996,-0.005400711990970808,-0.004992159141681496,-0.0170530520100729,0.04486182859912913,-0.028831292871407843,0.16315249228325213,-0.039602326994876536,0.31219740176051847
2020-08-10,228.57,0.008793804961281015,0.017237607735048233,-0.001793761211007605,0.007743798398740065,-0.23971821104420876,0.0050662816642592645,-0.2782721443668852,-0.006370039812749639,-0.2164165045913926,-0.01811698823117669,-0.13744457802703325,-0.029559143077977024,-0.04021117150080222
2020-08-11,229.75,0.0023939064200217963,0.00683351468988036,-0.0021762785636560977,-0.0051360174102285105,0.17084963726791869,0.0011403699673548928,-0.0895548887758093,-0.008692056583243346,-0.05951984059674842,-0.021112078346028573,0.01000598542052944,-0.03224374319912904,0.11155966021528019
2020-08-12,231.73,-0.009234885427005457,0.002798083977042287,-0.012083027661502488,-0.008544426703491093,-0.13438881928947088,-0.006507573469124561,-0.17150244173009832,-0.014844862555561056,-0.18384537190747474,-0.027320588616062014,-0.14596246806849333,-0.038350666724204396,-0.06881729805871062
2020-08-13,230.25,0.0013897937024973661,0.0072964169381106725,-0.0036482084690553362,0.0064277958740499574,0.513712657097142,0.0006080347448413903,0.32702006977459086,-0.005146579804561013,0.2632951080296979,-0.018327904451683308,0.30685700977474406,-0.029688020267824466,0.3980988112887125
2020-08-16,232.62,-0.005029662109878874,0.004943684979795471,-0.007050124666838631,-0.010188289914882631,-0.17213674671403945,-0.01071275040839248,0.08028423690638586,-0.012930960364543886,0.02053562301952372,-0.02654328948499718,0.0449558875882512,-0.037491760525033335,0.13658022772320266
2020-08-17,234.23,-0.0037569909917601896,0.0029885155616276027,-0.007044358109550397,-0.006873585791743131,-0.055067206145475445,-0.015565896768134913,0.027295727024077898,-0.017393160568672572,-0.05326984642972765,-0.03127268069845912,-0.013013505177850715,-0.041963027793194496,0.06073508650623527
2020-08-18,234.63,-0.003537484550142689,0.007984486212334385,-0.003537484550142689,-0.0017048118313941485,-0.11888363903154808,-0.01241955419170715,-0.13009983859134266,-0.016050803392576363,-0.15391641966250924,-0.030477773515748652,-0.13299046221570066,-0.04105328957649612,-0.07188063585228666
2020-08-19,236.61,-0.011284392037530178,0.0014369637800599744,-0.012805883098770177,-0.008368200836820106,0.3065337037766971,-0.01655889438316338,0.16186186900077693,-0.02177845399602807,0.14563132705481419,-0.03639322091204966,0.13655882603297642,-0.04686051589817275,0.2103441938268471
2020-08-20,237.49,-0.002652743273400926,0.003410669922944143,-0.010483388774264135,-0.0037054191755442334,-0.3772270664569143,-0.016093309191967053,-0.3216610360199016,-0.022994652406417737,-0.28870398653611584,-0.036951029517032774,-0.29605441621320616,-0.047964124805254915,-0.2541555351152094
2020-08-23,237.75,0.0013038906414299944,0.006771819137749713,-0.007991587802313349,-0.001093585699263877,0.579728098500166,-0.011078864353313289,0.21034010320789465,-0.021568874868560073,0.1832327156954463,-0.034628811777077106,0.13149526963816882,-0.046589554854539195,0.19574365512870817
2020-08-24,238.21,-0.0011754334410813971,0.002182947819151071,-0.006296964862936072,-0.001931069224633708,-0.1334902727830778,-0.008681415557702299,0.03660485187395768,-0.020347592460434827,0.022388713434273955,-0.033464170269930205,-0.027358847652151352,-0.04535074094286551,0.01806664631378596
2020-08-25,240.45,-0.007402786442087805,0.0033470576003327146,-0.009731752963193951,-0.009315866084424917,-0.3547112440208544,-0.014605947182367518,-0.32868812936848324,-0.025464753587025046,-0.351736383114163,-0.03913495529216082,-0.37062993481207374,-0.05160324391765436,-0.3468411085955003
2020-08-26,240.87,0.006227425582264301,0.007888072404201418,-0.0036119068377132857,-0.0017436791630340842,0.7963004499596111,-0.011491676007806206,0.30693019639698904,-0.02272180014115588,0.22750633868667558,-0.037474571345539553,0.16344324431639934,-0.05039371168403428,0.17610834190868352
2020-08-27,242.99,-0.004197703609202019,0.0009465410099180893,-0.011235030248158417,-0.008724638874027746,0.0720663415553513,-0.016609737026216265,0.4036587614737406,-0.02748672784888362,0.27876491819819127,-0.04239680645294075,0.24198156240276925,-0.05569364994444226,0.25742615063707563
2020-08-30,239.93,0.014045763347643181,0.015025215687908933,-0.003459342308173241,0.012753719834951882,-0.3927611600139703,0.0005168174050753649,-0.23278172092022886,-0.009773683991165183,-0.22069168112047066,-0.02638894677614345,-0.2532763271354632,-0.04072576723766652,-0.2527455157031784
2020-08-31,240.02,-0.006374468794267174,0.0,-0.011749020914923802,-0.0003749687526040102,0.029093763040412446,0.001958170152486005,-0.13921926574672638,-0.007099408382635897,-0.16712206790609174,-0.024097991834014176,-0.2228122820252224,-0.038793989389773076,-0.22092293884065584
2020-09-01,247.18,-0.021360951533295536,0.002589206246460085,-0.02564932437899503,-0.028966744882272022,0.13883282582692136,-0.02560077676187511,0.03117987580498105,-0.033518083987378655,-0.02439777094164941,-0.049763330366534686,-0.09550358183707108,-0.0643080616015318,-0.1054641684285339
2020-09-02,238.98,0.025608837559628395,0.0299765670767429,-0.007741233576031403,0.034312494769436874,-0.2766766667140602,0.013465561971711892,-0.3077199975578363,0.004895807180516076,-0.29323901172656797,-0.01329190727257512,-0.33425471350156943,-0.02900103216447658,-0.35122485944315884
2020-09-03,236.07,0.017367729910619634,0.020332952090481582,-0.017643071970178337,0.012326852204854521,0.20775607319501144,0.02435718219172167,-0.05564576450867209,0.018286948786375712,-0.09149022889729197,0.0005845723726012331,-0.16963321685014587,-0.01467643777975447,-0.20086312711987542
2020-09-07,232.65,-0.006877283473028184,0.014399312271652587,-0.008721255104233827,0.014700193423597518,-0.1757532185643076,0.033466580700621806,-0.15925780069420914,0.03264560498602931,-0.25590643912681843,0.01626262626262598,-0.3015068950502007,0.0019041478615946517,-0.33573908682665055
2020-09-08,238.91,-0.008831777656858164,0.010254907705830707,-0.01716127411996149,-0.02620233560755092,0.41381587466010616,0.0002929973630225735,0.23279790001530265,0.0034531832070643365,0.1153803279460408,-0.00988238248712947,0.017922439466528495,-0.0230463354401238,-0.044422268783915864
2020-09-09,233.65,0.0314573079392253,0.04425422640701915,-0.0065910549967900245,0.022512304729295884,-0.17655508792472074,0.021861759041299944,-0.011105209183485565,0.02634282045794878,-0.07333664185918476,0.014620158356515756,-0.16428250868972682,0.001333903987445595,-0.2090686402798807
2020-09-10,234.77,0.007070750095838463,0.0127358691485282,-0.006494015419346688,-0.004770626570686276,0.5520711648153596,0.005460663628230611,0.5850309269975424,0.01855007028155109,0.41514155410513287,0.010610384631766667,0.3168240534789206,-0.0021269043460976356,0.24165595398297457
2020-09-13,238.83,-0.005150106770506313,0.00904408993844985,-0.008457898923920792,-0.01699953942134569,-0.17389399612990297,-0.015157224804255298,0.17742990265102887,-0.001318929782691547,0.1696626155343257,-0.0059330904827705755,0.07391024581454109,-0.017584334742983043,0.02323514339699395
2020-09-14,240.2,0.0007077435470441706,0.010824313072439695,-0.004995836802664355,-0.005703580349708526,0.2127004605100049,-0.01847626977518846,0.3719983391195374,-0.008746877601999214,0.4469580793469816,-0.00981681931723588,0.3187182885998341,-0.021237857341104394,0.24278728999420007
2020-09-15,239.42,0.008520591429287627,0.022888647564948794,-0.0010441901261382114,0.0032578731935510863,-0.27440358695355005,-0.008971681563780254,-0.12205965497443749,-0.005404728092891942,0.011624463460644607,-0.005007935844958955,-0.0456450775077234,-0.016236460334697722,-0.1047238793048455
2020-09-16,236.82,0.002449117473186435,0.009585339076091604,-0.012420403682121384,0.01097880246600802,-0.10439918571504825,0.002339329448525218,-0.2010040954204062,0.005261379951016831,-0.10089258911567223,0.007011654421079205,-0.1372563768433187,-0.003708864679221824,-0.18953089488584196
2020-09-17,236.18,-0.006605131679227716,0.009399610466593211,-0.011643661614023193,0.0027097976119907496,-0.5078959341662481,0.0077398594292477085,-0.6078383865062786,0.0035989499534245795,-0.5500186523822514,0.01020408163265274,-0.5713642193327364,0.00013690123352261274,-0.5942370163514399
2020-09-20,233.91,-0.004574408960711374,0.00029926039929883963,-0.01658757641828057,0.00970458723440637,0.7745028779624197,0.018725150698985615,-0.0629080677026761,0.012141421914410921,-0.12631706336648907,0.01991577957334001,-0.17854151877731494,0.01059666823422134,-0.24005871385441702
2020-09-21,236.92,-0.011733918622319761,0.0006331251055209375,-0.021652878608813042,-0.012704710450785028,0.28265519927158644,0.0016292419382057943,0.2819594765075639,-0.0016292419382077927,0.14029723444167752,0.006202515617085735,0.06035515648825651,-0.0019120378186728848,-0.006347455488881826
2020-09-22,230.65,0.03416431823108601,0.03771948840234107,-0.0012139605462822,0.02718404508996297,-0.32903378716068754,0.02601344027747543,-0.10333035721514827,0.027361803598525025,-0.25620855546878274,0.033375243876002436,-0.2793798805087322,0.026170966110268035,-0.32773068657549886
2020-09-23,214.42,0.02075366103908216,0.02812237664396977,-0.005922954948232362,0.07569256599197849,-0.4479570016994934,0.09549482324409908,-0.4689036591423704,0.10127320212666646,-0.5687101627267472,0.10983117246525498,-0.5901235662746556,0.10416783260268003,-0.622678081952897
2020-09-24,214.63,-0.007454689465591913,0.002026743698457789,-0.01961515165633887,-0.0009784279923590322,0.3142733780907576,0.07354982993989556,-0.14819134559850167,0.09123608069701272,-0.35683506640851437,0.10268135861715488,-0.42724527426271885,0.1007066424389258,-0.473982395199529
2020-09-27,222.78,-0.01656342580123893,0.004982493940210109,-0.020107280725379262,-0.0365831762276686,0.3975189976580378,0.014929526887511368,0.16022798682291683,0.042274890026033685,-0.011021776219454882,0.056452554089235774,-0.15431102423908605,0.05788071939432049,-0.2404079178925026
2020-09-28,224.08,-0.0031685112459836073,0.004864334166369,-0.007898964655480234,-0.005801499464477056,0.019996825598616264,-0.0008925383791512642,0.20941358453480352,0.02906551231702892,0.049502011025145176,0.045813995001784846,-0.10982677055662782,0.05063221468523138,-0.20611814482502155
2020-09-29,225.99,-0.0031859816806053542,0.010199566352493417,-0.006062215142262906,-0.008451701402716894,0.14726814612972805,-0.02070003097482276,0.4577504999956332,0.013235098898180642,0.26083964332189247,0.03346829505730309,0.03437031117632161,0.040492942165582635,-0.07161043717231008
2020-09-30,225.18,0.009681143973709894,0.018030020428101867,-0.005107025490718509,0.003597122302158251,0.16235996603299152,-0.021316280309086832,0.6510669508417393,0.010915711874943668,0.48895742297402167,0.03407052136068889,0.21043648012051874,0.043015957604287,0.09246903911230997
2020-10-01,222.4,-0.001573741007194207,0.011330935251798513,-0.004721223021582732,0.012499999999999956,-0.0011675834621917014,0.0005935251798554475,0.3498253441151866,0.018318345323740326,0.48357423508834185,0.0420503597122297,0.21511835534487567,0.05463729016786578,0.0956954548911253
2020-10-04,223.49,0.0039375363550941955,0.006487986039643845,-0.006487986039643956,-0.004877175712559856,0.3391108350221155,0.0026667859859494936,0.5668758380262806,0.007186003848046019,0.8388617439093524,0.03325875878115303,0.6129593911558737,0.047374230017748875,0.4823843226710931
2020-10-05,220.35,0.014703880190605867,0.022328114363512563,-0.0011799410029498247,0.014250056727932892,-0.3640549235007665,0.017599273882459077,-0.1077639047616169,0.016809621057407798,0.13204708468776216,0.04512820512820492,0.01480843134368115,0.06018152938506938,-0.06622134759712928
2020-10-06,223.45,-0.006936674871335757,0.005280823450436456,-0.015215931975833374,-0.013873349742671737,0.1332821860004727,0.00014320877153650713,-0.01928848123246807,-0.004712463638398723,0.3070522157836819,0.027876482434548988,0.1479605816508618,0.042877601253076936,0.07439255610590045
2020-10-07,225.61,0.0019059438854660549,0.005230264615930125,-0.007269181330614827,-0.009574043703736601,0.4337368921713607,-0.011683879260671826,0.3715324759871035,-0.017432737910554663,0.8267276938920396,0.014609281503479066,0.6579643826237265,0.03071229112184759,0.552417705144358
2020-10-08,228.69,-0.012374830556648675,0.0017490926581835708,-0.012637194455376255,-0.013468013468013407,0.06508166589458897,-0.024618479163934337,0.37940271073984966,-0.02577288031833591,0.6843601966556583,-0.0008133280860554981,0.7420374632017814,0.01466759951608454,0.6299145484341766
2020-10-11,230.59,-0.0039030313543518824,0.005095624268181442,-0.013053471529554606,-0.008239732859187332,-0.14683145525929786,-0.027199791838328435,0.09602369324741167,-0.02770284921288968,0.28362496230996426,-0.010364716596557133,0.4865371191872083,0.004546308744235894,0.3909893031481566
2020-10-12,229.38,0.005841834510419419,0.010986136541982772,-0.00248495945592464,0.005275089371348907,-0.06523946461748942,-0.015877583049961452,0.035932146428141465,-0.019169064434563676,0.13367496880590068,-0.006940448164617918,0.38834824413270863,0.008043421396808803,0.30695055382685354
2020-10-13,229.43,-0.002397245347164789,0.010765810922721553,-0.004838076973368799,-0.00021793139519687976,0.12909415565629612,-0.008220372226823813,0.08382037318865443,-0.017072745499717712,0.21617269697226593,-0.009514884714292293,0.5793900866969963,0.006290952941347516,0.46784453747024535
2020-10-14,228.77,-0.013900424006644263,0.008348996809022236,-0.015342920837522533,0.0028849936617563188,0.13903091721689864,-0.00013113607553516538,0.14906675127059166,-0.012733312934389174,0.3236680246209682,-0.008840757092276386,0.7858496487097901,0.007651061473678222,0.6595691585996619
2020-10-15,230.05,-0.00443381873505766,0.008215605303194984,-0.005955227124538109,-0.005564007824386041,-0.3380510179545946,-0.002947185394480245,-0.2516099479228491,-0.016665942186482097,-0.15754560682106178,-0.016105194522930022,0.1634447924370952,-0.0006230529595014911,0.09136714442100824
2020-10-18,226.24,0.017636138613861263,0.030984794908062163,-0.002298444130127364,0.016840523338048197,0.007206205593495163,0.015045968882601679,-0.18154028046159776,0.0032752828854305527,-0.1515331580490925,-0.0008906471004245242,0.11618054753673857,0.014891265912305718,0.09207841943073158
2020-10-19,230.39,-0.016016320152784425,0.008225183384695578,-0.017101436694300975,-0.018012934589174745,0.07673222117329148,-0.0070141933243638155,-0.07599393527290177,-0.013603020964452428,-0.05978811964852748,-0.02055210729632373,0.19134032449370753,-0.004812130156111816,0.17545848544663545
2020-10-20,233.1,-0.013728013728013688,0.00549120549120552,-0.017353067353067297,-0.011625911625911645,0.04322763262710594,-0.0176919776919785,-0.020036455380038176,-0.020763620763621482,-0.04775161214046808,-0.03333976833976837,0.24268372891705958,-0.01670527670527633,0.2150901666127183
2020-10-21,228.14,0.02174103620583856,0.028776190058735995,-0.0012711492942929503,0.02174103620583856,0.024249449784616628,0.006881739282895483,0.033833543387069565,0.004755851670026567,-0.042375460864167436,-0.011786622249495782,0.24416748180056813,0.003823675520879366,0.24540474141444535
2020-10-22,229.7,-0.008707009142359556,0.00043535045711817766,-0.012059207662167948,-0.006791467131040507,0.38082536920182286,-0.0005050065302578677,0.49187049810792693,-0.000966478014802763,0.34468823408134197,-0.015511536787113478,0.5872576466214605,-0.00379335364968747,0.7098864269120813
2020-10-25,219.23,0.027961501619303997,0.039958034940473564,-0.004014049172102352,0.0477580623089906,-0.43925448887436436,0.0469096382794314,-0.2307420473791364,0.04720613054782552,-0.2508148907417834,0.03494275418510262,-0.16714506725630762,0.04301266554151706,-0.04266719707655542
2020-10-26,220.66,-0.00013595576905645057,0.010604549986404477,-0.0020393365358469806,-0.006480558325024921,0.3772845895715833,0.0337714130336253,0.08955747840864992,0.0352714583522149,0.07122967103163935,0.027431342336626585,0.13194657845196756,0.033292546602616824,0.33080200861042
2020-10-27,213.94,0.013414976161540748,0.018650088809946785,-0.004767691876227054,0.03141067589043667,-0.346974206856857,0.05714686360661769,-0.3067098524182069,0.06371412545573407,-0.30385728397265255,0.05890436571001212,-0.2819345450943004,0.06270449658782873,-0.12729230877976105
2020-10-28,216.44,-0.004296802809092615,0.009656255775272626,-0.01843467011642952,-0.01155054518573273,0.5984066847264209,0.027231565329882468,0.19981639249865846,0.04427092958787515,0.1753037441273082,0.04388976159674751,0.15275849659089413,0.046505575063143345,0.40833243907014083
2020-10-29,216.91,-0.007514637407219582,0.004149186298464835,-0.015075376884422176,-0.00216679728919833,-0.23614689674992817,0.014217878382738247,-0.10079946019567909,0.03632382093955888,-0.09107683464744032,0.03961320363284293,-0.1305050169313623,0.041106142332457685,0.06719925693602735
2020-11-01,220.19,-0.004632362959262504,0.013488350969617091,-0.008492665425314572,-0.01489622598664786,-0.05865866063673719,-0.012507379990009726,-0.08120662577079674,0.01491893364821184,-0.1430088858651415,0.022880239792905988,-0.18084325853322525,0.022680412371134384,-0.029102815880445276
2020-11-02,225.71,-0.016437020956094117,0.009126755571308376,-0.018962385361747325,-0.024456160560010654,0.3536014979174362,-0.035807008993842704,0.2345543823001186,-0.012582517389571946,0.17073634869887533,-0.0028665101236101664,0.12958784980065974,-0.004356622805074206,0.3096847919771406
2020-11-03,227.92,-0.012811512811512715,0.013074763074763185,-0.015444015444015413,-0.009696384696384563,-0.10985106170689451,-0.04072481572481679,0.09610057416528339,-0.02421024921025039,0.028096229375855986,-0.011359248859248994,-0.015643906410151787,-0.015650228150227985,0.1610343516528039
2020-11-04,233.99,-0.002649685884012154,0.009102953117654522,-0.006731056882772868,-0.025941279541860873,-0.1155830091051302,-0.05366041283815659,-0.09866080381853914,-0.05173725372879301,-0.08965384461112669,-0.036050685926749204,-0.13643353154706994,-0.04157442625753216,0.010907304159480047
2020-11-05,236.29,-0.00541707224173682,0.003004782259088401,-0.022091497735833077,-0.00973380168437088,0.36637886445207624,-0.04801726691777164,0.2954504505430289,-0.05849168394769233,0.2639730681250656,-0.04366033264209246,0.1994493667460675,-0.04814281885253979,0.31442824686364546
2020-11-08,240.22,-0.0013737407376571698,0.03238697860294737,-0.002310382149696144,-0.016360003330280648,-0.5348869147383648,-0.047456498209975106,-0.43194854604663613,-0.07115144450920075,-0.4048541267039263,-0.05772416951128134,-0.44018780629249854,-0.060709627286098744,-0.41291613825568085
2020-11-09,238.71,-0.0004189183528130469,0.00374931925767652,-0.01311214444304798,0.006325667127476731,0.09836012789714466,-0.024649155879520213,-0.3051727927383092,-0.05648276150978271,-0.31337187326759286,-0.04974655439654818,-0.35765767704851026,-0.052332677027913665,-0.3498211945839703
2020-11-10,242.75,-0.00737384140061792,0.005478887744593264,-0.010792996910401698,-0.016642636457260496,0.5982610573160834,-0.03017095777549017,0.2545078654601616,-0.06474974253347165,0.1680078288219906,-0.06363954685890849,0.05960770307755037,-0.06609543426021258,0.04344444301496542
2020-11-11,238.15,0.016166281755196188,0.020743229057316848,-0.005290783119882514,0.019315557421792917,0.03518134099982917,0.0010161662817540495,0.3013994829168585,-0.034587444887676955,0.17117113830671182,-0.04275666596682781,0.10561304462375398,-0.04571068654209509,0.07045978708681844
2020-11-12,241.78,-0.00740342460087684,0.0026470344941682544,-0.015261808255438769,-0.015013648771610488,0.1628170823508499,-0.010571594011085428,0.4772690485071862,-0.040102572586650065,0.3752389942781422,-0.05518860120770974,0.29983581136857307,-0.05824992417349095,0.23929163788231556
2020-11-15,244.95,-0.004368238416003201,0.007103490508266974,-0.009430496019595891,-0.012941416615635748,-0.11432459574021459,-0.018893651765667485,0.31142208323493703,-0.042371912635232545,0.18727139255241232,-0.06502143294549945,0.1367378161503543,-0.0678002313397289,0.08792418752469855
2020-11-16,243.82,-0.0018456238208514053,0.006849315068493178,-0.010417521122139228,0.004634566483471492,0.24947152966177155,-0.010466737757362954,0.42079621125699584,-0.02777868919694959,0.450043104700834,-0.05685136576162786,0.4098784276060834,-0.06054603122522062,0.36439549227406287
2020-11-17,239.73,0.015142034789137782,0.017060860134317846,-0.000750844700287745,0.017060860134317846,-0.18537935237318304,0.010678680181870126,-0.02653208634700499,-0.003637425436950781,0.16738982647563683,-0.03795937095899604,0.13408071177280378,-0.04125474492136971,0.0917562776227947
2020-11-18,243.2,-0.006949013157894757,0.0010896381578948677,-0.01854440789473677,-0.014268092105263142,-0.0035437121337211774,-0.00622532894736938,-0.046948651556747545,-0.012997532894737818,0.1562090566370964,-0.05032277960526377,0.12719156428368805,-0.05270285087719284,0.07989803737984258
2020-11-19,243.44,0.0020949720670391248,0.010515938218862875,-0.004863621426224096,-0.000985869208018464,-0.10727007365483143,-0.0030561945448580596,-0.1571353826665738,-0.010187315149524534,0.01376310260650948,-0.04816587249424986,0.004987130247724458,-0.05122822872165611,-0.031841464378206785
2020-11-22,246.2,-0.006051990251827677,0.0019090170593014655,-0.014744110479285144,-0.0112103980503655,0.41140468533280505,-0.012883834281073314,0.24553536862320735,-0.01837936636880666,0.46072939688152537,-0.05604589764419243,0.4420696855614321,-0.059867316544814364,0.37951142373759694
2020-11-23,250.0,-0.010360000000000036,0.00035999999999991594,-0.01641999999999999,-0.015199999999999991,-0.32292996949990893,-0.026888000000001022,-0.1943227829127252,-0.030908000000000935,-0.10521169209716896,-0.06500000000000072,-0.04644679872881019,-0.07207599999999992,-0.0703864978833284
2020-11-24,249.33,0.0026872017005574733,0.004311554967312281,-0.004050856294870342,0.0026872017005574733,0.3156782810882368,-0.019315766253560573,0.14092659662938511,-0.023775718926724587,0.11484665908589475,-0.05660369791040065,0.26620610648155996,-0.0668257597026698,0.22895191867076248
2020-11-26,250.12,-0.0001599232368463266,0.0031584839277145615,-0.006436910283064146,-0.0031584839277146726,0.6585523212019739,-0.014736926275388917,0.8529982356365389,-0.02422837038221748,0.8135947188446853,-0.05250879577802725,1.045474244459482,-0.06712111519803832,1.03778184871212
2020-11-29,249.09,-0.00012043839576059145,0.005419727809225616,-0.011240916937653056,0.0041350515877796035,-0.6419549425665474,-0.0051065879802491,-0.39824077422382287,-0.01538801236500964,-0.38446908172187877,-0.041830262154242015,-0.280531000921983,-0.06040654649591182,-0.27598277997556697
2020-11-30,252.27,-0.003012645181749818,0.006580251318032193,-0.008126213977088126,-0.012605541681531718,0.1682252277794365,-0.013168430649701857,-0.2378095497347087,-0.02490189083125327,-0.23404474866318226,-0.04753042375232941,-0.14819989959148994,-0.06973480794386977,-0.14619080317074884
2020-12-01,249.66,0.004205719778899386,0.008651766402307137,-0.006128334534967528,0.010454217736121096,0.24205176741457168,0.002010734599053654,0.041576900331143474,-0.011776015380919103,-0.022529512480323532,-0.031148361772010302,0.057919218779887593,-0.05653421987235974,0.06371439496173714
2020-12-02,249.93,0.0002800784219580965,0.007121994158364453,-0.004281198735645919,-0.0010803024846957054,0.07521865632496372,0.0006561837314438268,0.0911801592263346,-0.010506941943745352,0.07410546826354247,-0.027403673028448372,0.14187675871637762,-0.054983395350698294,0.1414572769504221
2020-12-03,253.44,-0.012705176767676796,7.891414141414366e-05,-0.013375946969696906,-0.013849431818181768,-0.15455272499877692,-0.012728851010102127,-0.06503104348214495,-0.02018623737373859,-0.09496088457439911,-0.03653132891414179,-0.03922999083265444,-0.06585779671717185,-0.03766050830910328
2020-12-06,249.3,0.002206177296429912,0.006819093461692738,-0.003770557561171284,0.016606498194945862,-0.06426769498693863,0.006329723225028783,-0.02635591491479039,0.00019253910950545183,-0.14181893270307255,-0.016630565583634627,-0.1038099514865033,-0.04696216071667347,-0.09653175768130362
2020-12-07,249.86,-0.00344192747938854,0.0027815576722964863,-0.010645961738573684,-0.0022412551028576644,0.07753536471335076,0.004242375730407755,-0.0013454246768063172,0.00029616585287661756,-0.0668226338454676,-0.01623108941007012,-0.019577499978553847,-0.046483364017183115,-0.012580905628329586
2020-12-08,246.77,0.013575394091664306,0.01519633666977338,-0.0049033512987802785,0.01252178141589333,-0.16305955933923766,0.014864043441259911,-0.1873570630154493,0.014304818251812401,-0.19417338974753162,-0.0019593143412900416,-0.20801093283111594,-0.03040618119436478,-0.17855357022929008
2020-12-09,246.16,-0.0011780955476112798,0.006743581410464827,-0.006256093597659995,0.0024780630484237953,0.1737228191885496,0.01503087422814331,0.008485816943825109,0.015506174845627996,-0.03888329434120863,0.002151039974000346,-0.08698273110602461,-0.024467825804354915,-0.024730978918269586
2020-12-10,245.83,0.00024407110604873772,0.004433958426554918,-0.005206850262376439,0.0013423910832688346,0.01401763593453853,0.013326282390268673,0.055599497336878745,0.015579872269453565,-0.002678235252963179,0.004189887320505514,-0.07122242949925417,-0.018789407313997586,-0.020746318370044148
2020-12-13,243.75,0.013743589743589801,0.023138461538461552,-0.0008205128205127643,0.008533333333333282,-0.23276313153021888,0.01572923076922983,-0.19077394988938656,0.022486153846152934,-0.19448625086612026,0.01433435897435853,-0.28442802873695794,-0.006397264957264892,-0.24397966357178502
2020-12-14,247.05,0.007528840315725427,0.007528840315725427,-0.008046144505160946,-0.013357619914996954,-0.0067094945554802,-0.002331511839709588,-0.1611414240164496,0.006666666666665488,-0.20152057456228534,0.0011839708561016682,-0.26978853187223595,-0.016048033461512512,-0.2430860663110519
2020-12-15,247.45,-0.001737724792887363,0.0033744190745605973,-0.004970701151747803,-0.0016164881794300534,0.07878298247886417,-0.006215397049910032,-0.043082543188139755,0.002929884825216389,-0.123964812834929,-1.0103051121701512e-05,-0.19513489364598136,-0.014020340809590914,-0.17860139727087987
2020-12-16,264.47,-0.0026089915680419518,0.02535334820584567,-0.0044239422240708315,-0.06435512534502985,-0.5414561558288231,-0.06965629371951543,-0.5592375987691282,-0.062449427156200166,-0.5868636405184254,-0.0636782999962191,-0.6215171538062279,-0.07473311402679572,-0.6186055877532388
2020-12-17,266.25,-0.008863849765258225,0.002666666666666595,-0.02865727699530518,-0.006685446009389584,-0.2239948729678417,-0.062122065727700515,-0.5620932402418279,-0.06325633802816966,-0.6266440687287285,-0.06529201877934276,-0.6803649713838612,-0.07634303599374015,-0.6873555548472868
2020-12-20,261.42,-0.001147578609134725,0.007306250478157583,-0.014076964272052628,0.01847601560706913,1.3024834694972158,-0.02917144824420559,0.33405605532075167,-0.041048886848749966,0.022243774059206523,-0.04361372504016536,-0.17865947254197245,-0.05516410374110614,-0.22730770831107505
2020-12-21,259.47,0.005357074035533982,0.006359116660885622,-0.004316491309207193,0.007515319690137634,0.6967225372031121,-0.008255289628859686,1.3049519309118631,-0.02917100242802728,0.7814687271686329,-0.03296142135892399,0.42190303661380746,-0.04483498413432507,0.3379039912205477
2020-12-22,257.44,0.013168116842759314,0.017402113113735407,-0.0004467060285892055,0.007885332504661502,0.09076970397434936,0.009213797389682199,1.4051733917786038,-0.01778278433809899,0.9280749012005072,-0.02275870105655664,0.5618270782513288,-0.03481070022788457,0.426057589540924
2020-12-23,257.3,0.0027205596579866764,0.009638554216867323,-0.003964244073066614,0.0005441119315972021,1.7366046783647042,0.01752817722502842,5.299425543893147,-0.01310143801010577,4.144017949703662,-0.020781189273221812,3.2343855615294776,-0.031859049099624226,2.82024910710002
2020-12-27,259.68,0.00019254467036367018,0.002657116451016517,-0.004967652495379005,-0.009165126309303773,-0.49550996172667483,0.002680221811459438,1.3658347151192505,-0.017856592729513898,1.4710385637760073,-0.02822127233518157,1.0937334323562178,-0.038864499897309335,0.8893202961372495
2020-12-28,257.76,0.012143078833023013,0.012671089385474898,-0.002075574177529349,0.007448789571694592,0.004011564971756698,0.005051210428304698,0.3947907793989942,-0.005167597765363796,1.4085582821236655,-0.01912825884543734,1.111352858067011,-0.028920960066211254,0.8772420821501816
2020-12-29,257.54,0.0043876679350780545,0.00662071911159412,-0.0013590121922808507,0.0008542362351477983,0.07559841382493504,0.0030674846625757812,0.1634963348238878,0.0011221557816254446,1.4559591247251737,-0.016607128989671316,1.201639328803768,-0.026023142036188274,1.005872156407317
2020-12-30,261.21,-0.01382029784464589,0.0004211171088397414,-0.0142988400137819,-0.014049998085831183,-0.24598915672749921,-0.012503349795184637,-0.2171506023375006,-0.008927682707400852,0.7433338722038609,-0.029415030052448055,0.6183022884035063,-0.03810088945037793,0.49574843627756215
2021-01-03,256.46,0.017702565702253814,0.02026826795601666,-0.009397176947672059,0.018521406847071598,-0.47451876468679643,0.008726507057629895,-0.6016768953955971,0.014793730016376072,-0.12093503888621238,-0.009186617796147267,-0.15695523415300816,-0.0180249031687848,-0.21409030515762595
2021-01-04,257.92,-0.005893300248139055,0.0027915632754340614,-0.010778535980148995,-0.005660669975186217,0.37556547132799345,0.0023650744416865432,-0.23635386900865474,0.005943703473944684,0.07806366171154555,-0.013529388957816302,0.18543439991603816,-0.02142137096774166,0.09721311853808245
2021-01-05,260.74,-0.0059062667791670576,0.010930428779627022,-0.014535552657820139,-0.010815371634578463,-0.28556763588437417,-0.009825880187160574,-0.39564002767352957,-0.008130704916776255,-0.40573692367748737,-0.023339341873130248,-0.15370821432298398,-0.030123238986474066,-0.21360179749108787
2021-01-06,263.2,-0.010790273556230856,0.006534954407295013,-0.010866261398176369,-0.009346504559270441,0.22276923338672172,-0.01681610942249323,-0.11887739887133064,-0.01765957446808586,-0.28245340257275364,-0.030294452887537737,0.04846737364853415,-0.036997213779128235,-0.026833095220428982
2021-01-07,264.16,-0.0013249545729862033,0.008971835251362581,-0.010864627498485824,-0.003634161114476231,0.02455164973722157,-0.016103876438522846,0.010102854973615738,-0.01981753482737847,-0.2417121416514707,-0.031293534221683794,0.0802810862476866,-0.03835175651120504,0.010032645147920016
2021-01-10,260.35,0.009525638563472105,0.016746687151910633,-0.00030727866333801757,0.014634146341463428,0.138907546805636,0.0005607835605907496,0.23082956958116174,-0.002892260418668413,-0.10532136653155766,-0.013777607067409159,0.22583814486999199,-0.022465911273285566,0.15267221808623077
2021-01-11,258.4,0.006656346749226216,0.0109133126934986,-0.009210526315789447,0.007546439628483226,-0.07246235962383918,0.01112229102167106,0.0670300739380516,0.005812693498451038,-0.10547295033541937,-0.0035893962848295713,0.13482883763040165,-0.013667440660474206,0.0749494675658926
2021-01-12,257.08,-0.002450599035319745,0.007818577874591615,-0.002450599035319745,0.005134588454955624,0.02546221502335211,0.016687412478605168,0.10537747210554382,0.010479228255794837,-0.037216964109622386,0.0039715263731134876,0.16589008388269,-0.0075294331206882115,0.12097364486164319
2021-01-13,255.0,0.008823529411764675,0.008823529411764675,-0.003450980392156855,0.008156862745098081,-0.17189662998460176,0.022109803921567917,-0.1437795340574186,0.018454901960783143,-0.16697424002536687,0.01477450980392181,-0.04612021466283556,0.001610457516340258,-0.08002952229338556
2021-01-14,253.65,-0.00011827321111768097,0.009146461659767402,-0.0024443130297654436,0.0053222945002957545,0.07548076788321989,0.021084171101911187,-0.06174794617305679,0.022874039030158277,-0.04361204463342239,0.02174255864380048,0.022264764056323383,0.007300085419541746,-0.0078038416584215176
2021-01-18,255.84,-0.0055894308943089666,0.005687148217636162,-0.008169168230143908,-0.008560037523452135,-0.07558230673660782,0.004127579737335019,-0.12615102124188293,0.011163227016884214,-0.08115592049095277,0.014208098811757441,-0.05795625957340034,-0.0008025849489260439,-0.07659064373700075
2021-01-19,261.67,-0.014063515114457137,0.002713341231321831,-0.017846906408835572,-0.022279970955784045,0.08799432055238365,-0.021691443421103962,-0.0020559337259956623,-0.011602399969428467,-0.01096892654305437,-0.01003745175220705,-0.037344576334256696,-0.02231181768385082,0.016029968389043914
2021-01-20,257.94,0.00976971388695036,0.015003489183531116,-0.003993176707761337,0.014460727300922738,0.2675687763868879,-0.005008916802358154,0.28561200308974866,0.004144374660772554,0.2703356141173163,0.0033903233310073055,0.09301483353294415,-0.007110180662169063,0.29280692465789726
2021-01-21,254.77,0.0023550653530635124,0.006280174274836181,-0.004710130706127136,0.012442595282019075,-0.20359928702945695,0.008046473289632816,0.0022938186136916006,0.015539506221296406,-0.031380332219988816,0.01519213408172071,-0.1556268325837783,0.00637437688895881,0.024364775435464336
2021-01-24,252.04,-0.000714172353594611,0.006943342326614754,-0.011823520076178373,0.010831614029519265,0.05452266534357131,0.018782732899538912,0.03754996618904527,0.02319473099507885,0.021052220919578035,0.02525591176003794,-0.09783577379070818,0.017924403533831068,0.0842709537890276
2021-01-25,252.99,0.0007905450808332048,0.005611288983754292,-0.007312541997707478,-0.003755089133957945,0.44331909278207626,0.013684335349222199,0.47711698860707763,0.014561840388946923,0.4689478980628712,0.02033874856713691,0.32006145478853587,0.014796368762928891,0.5594345456811762
2021-01-26,246.1,0.010402275497765068,0.020804550995530358,-0.006948394961397875,0.027996749288907052,-0.2597401695187883,0.03974806989028745,-0.005990283744376268,0.03997561966680108,0.06452572734312079,0.04802925639983724,-0.00046395628272799527,0.044132466477042165,0.1452410814531313
2021-01-27,249.34,-0.0004010587952193445,0.01387663431459063,-0.004812705542632578,-0.012994304965107895,0.025502517863983387,0.013748295500119134,-0.008817264288309534,0.021528836127375106,0.08708592522527603,0.03168765541028318,0.04649071851053366,0.03060078607523886,0.17442697061880064
2021-01-28,241.92,0.026124338624338606,0.030216600529100468,-0.0007853835978836043,0.03067129629629628,-0.2818658192229361,0.0377314814814802,-0.2767329076437194,0.049661044973543955,-0.2225421737718789,0.0615906084656086,-0.23389539448440066,0.06298087522045925,-0.1646810640272599
2021-01-31,247.57,-0.005937714585773746,0.005372217958557135,-0.014541341842711164,-0.0228218281698106,0.5799312558369738,0.0036676495536605014,0.19651043784609912,0.020422506765762183,0.2431755749302671,0.03420850668497799,0.2580683300565447,0.03803099460085391,0.32148767028004643
2021-02-01,248.75,0.005025125628140614,0.010773869346733633,-0.0005025125628140836,-0.004743718592964852,-0.21467192666087542,-0.004687437185930898,-0.09853885251849326,0.013137688442210083,-0.04969439589904057,0.026560804020100415,-0.0053589487043137485,0.03312294807370231,0.026908102940020218
2021-02-02,248.37,-0.0007247252083585343,0.007005677014132239,-0.007166727060434086,0.001529975439867881,-0.18404719025914007,-0.006578894391433332,-0.2116448857297677,0.01183315215203029,-0.23526348293118282,0.02657929701654771,-0.198276324387212,0.032593845204064165,-0.20085852750241717
2021-02-03,253.01,-0.013635824670961583,7.904825896209999e-05,-0.024109718983439388,-0.01833919607920631,0.43518661474505227,-0.02300304335797121,0.20446354336426897,-0.011979763645706742,0.1193526381097787,0.005865380814987553,0.1695327912442317,0.011301266089614792,0.07275645827495958
2021-02-04,253.54,0.002169282953380147,0.008716573321763788,-0.005442928137571967,-0.002090399936893639,0.14292753988799412,-0.02215035102942453,0.366684334391872,-0.015989587441824882,0.28389350479087283,0.0022383055928059115,0.30929035871582,0.008081565039047556,0.20362090333706506
2021-02-07,257.31,-0.013174769733006908,0.00015545451012410894,-0.013602269635847763,-0.014651587579184722,-0.02554874685870845,-0.027445493762388806,0.20301054505946325,-0.03088492479888194,0.21426448878942628,-0.014323189926547797,0.25718465763265397,-0.007456634668946305,0.17057139982193514
2021-02-08,257.68,-0.005316671841043119,0.004385284073269213,-0.008033219497050603,-0.0014358894753182527,-0.0007184936707007594,-0.021282210493636544,0.19730090756760288,-0.03023129462899843,0.1860817784532085,-0.0170676808444582,0.24052975702949642,-0.008898633964606883,0.1711767152896173
2021-02-09,256.94,0.00420331594924872,0.008756908227601778,-0.0042033159492488315,0.002880049817078012,0.06408367248816615,-0.011512415349888117,0.20948378490021735,-0.025612983575933335,0.27469239051675687,-0.014756363353311985,0.3118333322046982,-0.005994914506628923,0.26931006539311486
2021-02-10,258.97,-0.003745607599335954,0.0039386801560026274,-0.007452600687338329,-0.007838745800672009,0.12305878774051249,-0.012642391010542875,0.20117940527796785,-0.02906514268062066,0.40154559282074676,-0.02276132370544859,0.45507806677313867,-0.014139346899898042,0.4353647172155044
2021-02-11,257.47,-7.767895288790516e-05,0.004350021361711809,-0.008000932147434803,0.005825921466578565,0.05002239951958809,-0.002260457529033588,0.1919681152221706,-0.019668310871170824,0.4309389670986592,-0.016700974870858754,0.5042443695753036,-0.008239147602956742,0.5133215253394066
2021-02-15,257.05,0.002334176230305296,0.009492316669908574,-0.003034429099397107,0.0016339233612139292,-0.24333340584228824,0.002427543279516664,-0.13165378424235397,-0.012017117292356772,0.004874172793673415,-0.014613888348570137,0.1064901254888313,-0.006627763729494585,0.15001053393983055
2021-02-16,258.78,-0.008230929747275684,0.010935930133704419,-0.011631501661642951,-0.006685215240744835,-0.15166737746866998,-0.004474843496407144,-0.25466463814710316,-0.014958652136951356,-0.1451393445311988,-0.020544477934925087,-0.07377599382422417,-0.013804518638740215,-0.01896066052643086
2021-02-17,257.63,-0.00791833249233398,0.0018243217016653546,-0.011392306796568774,0.004463765865776459,0.131888974565616,0.0008228855335161711,-0.11232509038121119,-0.006668478049917659,-0.03802427919859963,-0.015601832084772504,0.03779945031513754,-0.009102200830648166,0.09898160735342265
2021-02-18,254.29,0.016398600023595167,0.016555900743245866,-0.0005112273388651056,0.013134610090841159,-0.1977444179487693,0.014510991387784555,-0.2648800316893033,0.010020055841754472,-0.26484996222698354,-0.0034665146093040278,-0.17684174293030175,0.0038748410607316597,-0.12027417205411206
2021-02-21,252.63,0.00023750148438428376,0.006095871432529654,-0.010054229505601087,0.006570874401298221,0.4181617147119592,0.017472192534535802,0.1525545749196311,0.01716344060483599,0.06893774465472746,0.0023591814115506704,0.18285971258639244,0.00962012957025471,0.23793489956366476
2021-02-22,256.19,-0.01807252429837225,0.006791443850267198,-0.021858776689176018,-0.013895936609547577,-0.32311482727451046,-0.0004449822397449843,-0.1963830706545172,0.0026737967914427507,-0.27713137128127363,-0.011987197002224725,-0.21259859671291415,-0.005784769116670807,-0.17101233182203457
2021-02-23,259.27,-0.023373317391136572,0.004628379681413275,-0.024877540787595853,-0.011879507848960524,-0.11156000042873182,-0.012982605006364833,-0.23974241154527276,-0.009669456551086641,-0.33126400077489315,-0.02292397886373254,-0.29570363036644265,-0.018620228590529364,-0.2612077191319344
2021-02-24,253.78,0.020490188352116023,0.020982740956734247,-0.004728505004334416,0.021632910394830063,0.1531255679095025,0.008755615099691694,-0.07130677435642263,0.012380802269681412,-0.1854807884655263,-0.0005496887067536482,-0.16190713681143043,0.0024680169175403943,-0.13731156467069217
2021-02-25,250.9,0.017297728178557126,0.019728975687524963,-0.004344360302909522,0.011478676763650775,-0.20262229236869922,0.017265842965324074,-0.2258259406992975,0.02274212833798228,-0.3246839028435604,0.012453168593065111,-0.32600649203697973,0.013361232894911979,-0.30931877047696354
2021-02-28,258.16,-0.01611403780601184,0.006352649519677733,-0.01611403780601184,-0.0281220948249149,0.37831553210007596,-0.013968081809731303,0.12655283268517725,-0.009145491168268793,0.002478052412599574,-0.015716997211031924,-0.04801005186925533,-0.015934562545191433,-0.03405079933658339
2021-03-01,259.23,-0.004127608687266138,0.007271534930370693,-0.008178065810284352,-0.004127608687266138,-0.06471594079876686,-0.013771554218262594,0.09814099771036111,-0.012969177950083899,-0.027793420558566484,-0.016647378775604738,-0.1226360631763399,-0.01959006802196228,-0.1014963114511116
2021-03-02,254.18,0.02250373750885193,0.022897159493272534,-0.0005114485797466095,0.019867810213234804,-0.01783423359472336,0.008214651034698983,0.06813000735737229,0.007498623023053375,-0.023399170724312968,0.0051833346447400785,-0.12633798345145797,0.0006202953287699486,-0.1177578561824727
2021-03-03,247.0,0.023603238866396703,0.030931174089068758,-0.007408906882591104,0.029068825910931295,-0.17542119401085376,0.033400809716598534,-0.14631741285834976,0.034923076923075724,-0.18659995038387722,0.03550202429149829,-0.27738838563540835,0.029483130904183863,-0.274450643707587
2021-03-04,249.51,-0.0010821209570758272,0.004689190813995436,-0.020319826860646817,-0.010059717045408978,-0.1965119426420049,0.01757043805859415,-0.287155995326313,0.020251693318903863,-0.31886685748439036,0.02481062883251206,-0.4176402136717592,0.017166980615339833,-0.41196975004266245
2021-03-07,249.39,0.020890973976502636,0.025646577649464763,-0.0006415654196239018,0.00048117406471792634,0.12266088253795826,0.01694534664581515,-0.16353640804232217,0.01882593528208698,-0.19690173283237822,0.024602028950639898,-0.32013153507430114,0.016529665717684994,-0.3216589839045848
2021-03-08,254.37,-0.007272870228407391,0.012147658922042615,-0.010732397688406725,-0.019577780398632005,0.04403665510338417,-0.00985965326099858,-0.060564540845806314,-0.0023941502535690384,-0.111499472797575,0.0037268545819084675,-0.26544703105003364,-0.004076738609112285,-0.2822078931306732
2021-03-09,257.14,-0.0033055922843585606,0.0042583806486740094,-0.009838998211091132,-0.010772341914910055,0.33819450747834146,-0.024305825620285493,0.3206548033270371,-0.013848487205414761,0.21532268792866072,-0.007657307303414185,0.012179061412064929,-0.014503124108785959,-0.026854905493978398
2021-03-10,266.37,-0.023914104441190798,0.006532267147201232,-0.023914104441190798,-0.034651049292337754,-0.3093976653262879,-0.05589218005030672,-0.09336572176813263,-0.048819311484027406,-0.1751840091168757,-0.042144385629012016,-0.292514828852948,-0.04813229718061296,-0.3202383495164951
2021-03-11,264.95,0.0001132289111154261,0.00490658614832995,-0.008492168333647854,0.00535950179279121,0.6118178061489328,-0.036210605774675275,0.5031255730110271,-0.038969616908852145,0.3738517193137392,-0.03523117569352685,0.1814565479222987,-0.04048059382273328,0.11603345662704134
2021-03-14,266.26,-0.009652219634943227,0.0012393900698564053,-0.010449185007135875,-0.004920003004581952,-0.19530441059499515,-0.029354766018178435,0.08950872125912035,-0.038421092165554005,0.06814704593077447,-0.03885487869000215,-0.03733454730197405,-0.043247201983023786,-0.10127548441521506
2021-03-15,263.52,0.014040680024286711,0.014192471159684361,-0.0015938069216756556,0.010397692774742007,0.046620061313039196,-0.006458712811172496,0.08766891138964672,-0.025349119611416282,0.13311331836451124,-0.02719338190649645,0.03168541971607253,-0.030220350131551887,-0.06262410922827721
2021-03-16,264.27,-0.0028001664963862583,0.007605857645589742,-0.009989783176296951,-0.0028380065841753233,-0.16446213868494242,-0.002353653460476779,-0.13374671446268416,-0.026491845461082852,-0.04963571775471076,-0.028730086653800724,-0.12733988378028938,-0.030960759828962403,-0.20910293686689807
2021-03-17,266.89,0.0012364644610141085,0.017310502454194632,-0.010528682228633568,-0.009816778448049734,-0.3579666148755165,-0.006804301397580259,-0.41601136329877664,-0.03226797557046113,-0.37789277082331507,-0.03723631458653354,-0.4311803938172333,-0.03853522674759835,-0.48730400294146037
2021-03-18,263.78,0.009742967624535748,0.02020623246644937,-0.010065205853362569,0.011790128137084022,-0.12387014643050387,0.005299871104707643,-0.44072655125998716,-0.013317916445524158,-0.4228693048661549,-0.02412995678216656,-0.4760693231490716,-0.02485909975484568,-0.5393107961116919
2021-03-21,265.2,-0.007730015082956343,0.00275263951734539,-0.01074660633484148,-0.005354449472096623,0.9996306009652614,-0.0009653092006041142,0.359962137656783,-0.01322021116138905,0.2158169219455186,-0.02756598793363474,0.1021967817854541,-0.028726747109099615,-0.03680337110822818
2021-03-22,266.03,-0.001992256512423296,0.004122467390895945,-0.006239897755892065,-0.0031199488779460882,0.0686576855874661,-0.004879148968162106,0.456833120502979,-0.010355974890051467,0.2746110721223587,-0.02823741683268788,0.19705310599675152,-0.03029608189552513,0.04188629493101992
2021-03-23,267.55,-0.006092319192674278,0.00837226686600645,-0.0069145954027285406,-0.005681181087647258,0.008833078402865624,-0.008656325920389452,0.4688258433347734,-0.011620257895721853,0.25964191430960515,-0.03191926742664908,0.20702079876794,-0.03471874415996978,0.060840277584533364
2021-03-24,268.61,-0.009046573098544397,0.003313353933211749,-0.010442649193998732,-0.003946241763151059,0.24869824079511993,-0.010126205279030076,0.7810142813280936,-0.01164513607088491,0.5791722514666686,-0.034198280034250295,0.4978924630975974,-0.03730315327054068,0.3364562452637194
2021-03-25,280.77,-0.04373686647433839,0.0018876660611890639,-0.04373686647433839,-0.04330947038501254,-0.4525938747579873,-0.05177191295366379,-0.17379080929940172,-0.053652455746697636,-0.17482724288024876,-0.0733856893542757,-0.18673366263803193,-0.07761156818748405,-0.2655178109022701
2021-03-28,279.54,-0.004722043356943484,0.00626243113686753,-0.006439150032195751,0.004400085855333691,0.29379169727711263,-0.03544394362166481,-0.053601180282313976,-0.0438291478858136,0.12151469563635242,-0.06396580095871796,0.0616233359919538,-0.07095347117884132,-0.024289101390268963
2021-03-29,278.55,0.0044516244839347685,0.005492730210016061,-0.007287740082570604,0.003554119547657608,0.3738324749867534,-0.02171961945790768,0.3129889305437623,-0.03566325614790988,0.5493155027812204,-0.056801292407108295,0.4721005030361747,-0.06501047089092316,0.3631223012704121
2021-03-30,276.25,0.008144796380090469,0.010932126696832523,-0.0005610859728505391,0.008325791855203768,-0.2550316754524431,-0.004510407239819769,-0.055492882261787946,-0.022193665158371956,0.13698069331316187,-0.04545158371040714,0.09004160770830594,-0.05463167420814452,0.017537461182448366
2021-03-31,278.34,0.0010059639290078692,0.0015808004598691916,-0.008173456923187383,-0.007508802184378771,0.03462981727957959,-0.005733994395344499,-0.0031503167233698504,-0.02523173097650444,0.16625802488333274,-0.04865452324495212,0.133302325998657,-0.05963809250077812,0.059482420300825956
2021-04-04,281.13,-0.007540995269092576,0.005549034254615393,-0.00828798064952152,-0.009924234339985127,-0.1237444397486428,-0.008679258705937332,-0.08268286081880882,-0.030832710845517086,-0.0454212876537059,-0.0525219649272578,-0.012240020932711038,-0.06651489820842049,-0.06391997205977196
2021-04-05,281.63,-0.0007101516173703137,0.005042076483329216,-0.007030501011966117,-0.0017753790434257288,0.45088954267996284,-0.010183574193090794,0.2727535496709532,-0.026392784859568308,0.2734156081786765,-0.048590349039519976,0.416985765470526,-0.06499544319378836,0.36761809742452534
2021-04-06,282.57,-0.0021233676611104313,0.0037512828679620025,-0.0052022507697206954,-0.0033266093357398052,-0.33737350108684694,-0.011997027285274964,-0.2025250118761427,-0.02381710726545705,-0.17498952740149998,-0.04605053615033439,-0.08028333597247617,-0.06468485684962988,-0.08986523577142147
2021-04-07,284.42,-0.0010547781449968818,0.0032522326137403024,-0.00418395330848742,-0.006504465227480605,0.6983298953319581,-0.015596652837353897,0.473490717396287,-0.024351311440827694,0.43580820536328235,-0.04729800998523326,0.5617461990984796,-0.06767690973443019,0.5567239055695621
2021-04-08,287.71,-0.009419206840221017,0.000382329428938899,-0.014285217753988277,-0.011435125647353162,-0.10217322233178971,-0.021174098919050977,0.2366995423957523,-0.029644433631087486,0.25859776317731775,-0.05345139202669369,0.3899379745675424,-0.07542432773742036,0.38151805275006123
2021-04-11,287.54,-0.005460109897753362,0.0019475551227654542,-0.008352229255060295,0.0005912220908392829,0.216807857261617,-0.01407804131599144,0.43557896156637765,-0.02242818390484891,0.5359325890862907,-0.04918098351533717,0.6514659249569816,-0.07094433238274056,0.6729796791043929
2021-04-12,285.22,0.004838370380758628,0.006451160507678244,-0.003996914662366069,0.008134071944463805,-0.3380095478053309,-0.0015637052100138105,-0.15343057949874017,-0.012102938082884207,-0.058784820757636025,-0.037486852254400294,0.0850112938160279,-0.05910525208610862,0.08919598049182986
2021-04-13,284.44,-0.0002109407959499654,0.008297004640697603,-0.004781324708198587,0.002742230347349217,0.16099095039808198,0.003698495288988468,0.026077571828713397,-0.007396990577978491,0.08163537401839482,-0.0315145549149205,0.25808952506268623,-0.05335395865560355,0.2692442516672706
2021-04-14,285.15,0.003892688058916516,0.007119060143784051,-0.0025951253726107515,-0.0024899175872347135,-0.06192444246530826,0.0025109591443095436,-0.11738429876397605,-0.007802910748729408,0.021604881512595098,-0.030257759074171386,0.1736245953134592,-0.05276404231690879,0.18781258650362864
2021-04-15,286.96,-0.006272651240590843,0.0017424031223864933,-0.0068127962085307026,-0.006307499303038755,-0.257774479355002,-0.0033035963200449547,-0.31337769291128137,-0.01095971563981113,-0.25405482083466135,-0.03273626986339562,-0.13928618645315383,-0.055141250813121045,-0.11940652925726414
2021-04-18,286.54,0.0019543519229427986,0.002408040762197139,-0.005688560061422487,0.0014657639422068769,0.9076911751072914,-0.0023661617924203293,0.44296566128073533,-0.006501710057933319,0.4542388986743302,-0.027816360717526578,0.5962476619460242,-0.04910774528279915,0.6838652462931962
2021-04-19,288.6,-0.009251559251559294,0.0010395010395007898,-0.00984060984060997,-0.0071379071379071846,-0.24265254771907618,-0.01018018018018052,0.08966808565118578,-0.011718641718642675,0.03918839110283279,-0.03081254331254346,0.12480000681442971,-0.051618156618156164,0.24431509647408345
2021-04-20,290.72,-0.003611722619702884,0.0014790864061637876,-0.01007842597688502,-0.007292239955971391,0.20129465011082304,-0.015072922399560151,0.2686728906121123,-0.016527930654926748,0.25431502491190594,-0.03385559988992859,0.3379995869721337,-0.05403824986241035,0.4746949113230412
2021-04-21,290.16,0.0028604907637164168,0.01075268817204278,-0.0034808381582577264,0.001929969671905063,0.08076504944429619,-0.008843396746622822,0.326081547900712,-0.011821064240420065,0.2774554920903871,-0.027736421284808355,0.42598982427401944,-0.048036715375424865,0.567571324587026
2021-04-22,291.74,-0.005312949886885576,0.003945293754713086,-0.006992527593062348,-0.005415781175018841,-0.019963556918339398,-0.010776718996366896,0.22272266867405777,-0.015205319805307038,0.24248463255415564,-0.029126962363748565,0.3745276784811091,-0.049419574506980646,0.5233535473762252
2021-04-25,289.52,0.007184305056645579,0.009843879524730648,-0.002348715114672606,0.007667864050842965,0.02921244703089032,0.00011052777010212012,0.08587499425351064,-0.006262088974855917,0.2585027758923284,-0.017687897209173742,0.4068003615555813,-0.0392097264437683,0.5342161968968058
2021-04-26,290.25,-0.0006201550387596733,0.0022049956933676285,-0.007527993109388453,-0.002515073212747687,0.1367726307182009,-0.00035142118863062954,0.23625771982084176,-0.00807924203273147,0.4292130470736153,-0.01865116279069745,0.5328195752215654,-0.038804478897501715,0.7340273614940922
2021-04-27,290.27,0.001550280773073398,0.004065180693836767,-0.001550280773073287,-6.890136769210908e-05,0.09161562461461537,0.0007165742239982897,0.24282784014308834,-0.006414717332139941,0.4795211541026736,-0.016873944947806918,0.6238562623375512,-0.036115800231967365,0.8642722693935327
2021-04-28,292.54,-0.001572434538866574,0.002529568606002508,-0.006631571750871701,-0.007759622615710837,-0.06832103460916472,-0.007356258973132079,0.09218407676717466,-0.012131674300951412,0.3193014543524666,-0.02249948724960671,0.48898539238284155,-0.04054716164171246,0.7100920144140368
2021-04-29,289.97,0.0027589060937336374,0.003276200986308986,-0.005552298513639364,0.008862985826119996,-0.35935133998317514,0.003083077559747238,-0.3215833433481553,-0.0008276718281213791,-0.19474161759403918,-0.011027002793392193,-0.0746884889636662,-0.02879378326493509,0.07255342907503115
2021-05-02,292.17,0.0026012253140295094,0.004278331108601208,-0.0027552452339392186,-0.007529862751137983,0.5044341120777198,-0.005681623712222583,0.09214937669311363,-0.007321080193039453,0.1510707860868623,-0.01648355409521829,0.37912027397177717,-0.033473662593695,0.5597652416638794
2021-05-03,291.6,-0.0024348422496571764,0.0011659807956103663,-0.0084019204389576,0.001954732510287993,-0.2765559021714724,-0.0019204389574761782,-0.22642913666477005,-0.0034499314128954017,-0.1748725260016437,-0.012668038408779059,-0.03890662842991699,-0.028339048925468235,0.06666813814933259
2021-05-04,289.52,0.009740259740259827,0.011432716219950345,-0.0013815971262779447,0.007184305056645579,0.1582167258330851,0.0061826471400938665,-0.03666230703583828,0.0047457861287638625,-0.05077349782102625,-0.003852928985907278,0.11295422640118358,-0.018318826563506918,0.22431468370794172
2021-05-05,291.16,-0.005770023354856435,6.869075422444304e-05,-0.01218917433713429,-0.00563264184640766,-0.16083228585155374,-2.220446049250313e-16,-0.15004409752624792,-0.0013257315565337047,-0.20493616849969354,-0.00827036680862725,-0.09767970205433552,-0.02115904199294749,0.016330527865487277
2021-05-06,291.53,0.002298219737248308,0.008781257503515993,-0.0016910781051692192,-0.0012691661235548768,0.3327024649751582,-0.002215895448152927,0.21864466604450494,-0.002250197235276974,0.08752991389035158,-0.008373066236750493,0.21140991665760733,-0.019701803130609208,0.3473071027635375
2021-05-09,290.61,3.441037816998005e-05,0.012009221981349683,-0.0014452358831423817,0.003165754791645048,-0.1412133517066112,0.002016448160765183,-0.023826172463484285,0.0008361721895309149,-0.07245839186127645,-0.0045765802966172275,0.028043427784348873,-0.013969466524436647,0.15019992963511508
2021-05-10,287.95,0.0017016843201944631,0.0017711408230596248,-0.01175551310991485,0.009237714881055847,0.04633107891234656,0.010189268970307142,0.06225982550756193,0.010460149331479984,-0.01867959691916954,0.005151936100017629,0.08049079011302562,-0.003721710945186807,0.1705582599303841
2021-05-11,279.39,0.020902680840402477,0.021189018934106407,-0.000894806542825477,0.030638176026343222,-0.2643236707423552,0.038526790507892095,-0.2426402173907971,0.04059558323490342,-0.26522031911423416,0.03643652242385209,-0.22111139318362438,0.027805815049453564,-0.15288324515715457
2021-05-12,285.32,-0.014720314033366044,0.006764334781999226,-0.014720314033366044,-0.020783681480443073,0.24369351382598148,0.009841581382307618,0.006768590379039097,0.015154913781016521,-0.030971544781507543,0.014010584606757748,-0.025663556565687085,0.006542361792607476,0.06010473278591233
2021-05-13,288.2,-0.004649548924357982,0.021859819569743255,-0.005492713393476678,-0.009993060374739793,0.30942756413617833,-0.0043025676613465125,0.29323067592924024,0.0025052047189439985,0.30258406651907954,0.003907009021513419,0.2623624350506484,-0.0024670367800133652,0.3704249956744765
2021-05-16,287.0,0.0022299651567943,0.005400696864111598,-0.003135888501742068,0.004181184668989424,-0.14323023661176182,-0.0024599303135889317,0.0948830158997842,0.006080139372820925,0.07165965515198192,0.00832055749128946,0.0332793117885255,0.0028490127758424855,0.1518917416055532
2021-05-17,283.01,0.009893643334157876,0.013038408536800716,-0.0006713543691035939,0.014098441751174917,0.04534124879525625,0.00905268365075429,0.12904984508491735,0.018437511042011412,0.1344327358166939,0.022617575350694752,0.08247005837222088,0.01767899838639453,0.17835499603410132
2021-05-18,280.97,-0.00370146278962169,0.0003559098836174446,-0.014556714239954527,0.007260561625796136,-0.115222803431692,0.012862583193935073,-0.013961995083473733,0.02277467345268014,-0.018302497648329807,0.029047585151439792,-0.05634333661342639,0.025231638015921654,0.035113396068625846
2021-05-19,283.95,-0.007923930269413626,0.004155661207959183,-0.008364148617714395,-0.010494805423489906,-0.2152464651114212,0.003345659447085758,-0.2717940962552087,0.00902975876034362,-0.22600399153299722,0.01653107941539056,-0.2583269257398113,0.014284204965663738,-0.20530561346150722
2021-05-20,283.38,0.005716705483802764,0.013268402851295047,-0.0025054696873455518,0.0020114334109675447,-0.07722314675263053,0.00439692285976423,-0.2937518316168466,0.008515068106427881,-0.2758261900276312,0.017480062107417815,-0.301995023235368,0.016269085091867863,-0.25969894905895596
2021-05-23,284.85,0.0012287168685272132,0.0041776373529927024,-0.002229243461471131,-0.005160610847814717,0.8426438279769664,-0.004170616113744252,0.4584183382378231,0.00044935931191703027,0.4048269982112409,0.010761804458487179,0.3171396244730553,0.010517816394594481,0.37672030801588074
2021-05-24,285.99,-0.0006643588936675604,0.000734291408790444,-0.008321969299625809,-0.0039861533620055845,-0.2986671475831131,-0.009643693835448941,-0.010004903093457473,-0.005552641700760197,-0.03757674468408867,0.00591629077939837,-0.08286098321113167,0.0061762066272721405,-0.0392170642680959
2021-05-25,283.95,0.006867406233491691,0.010142630744849335,-0.0021834830075717626,0.007184363444268538,-0.06473618074560095,-0.0004296531079416299,-0.04192002142095119,0.0009015671773184852,-0.08944754607823713,0.01239302694136346,-0.12976226117536926,0.013495333685508815,-0.1099869035621468
2021-05-26,280.05,0.014711658632386992,0.018675236564899,-0.0032137118371720064,0.013926084627744917,-0.7361166244991008,0.015618639528655498,-0.7405944722702471,0.01646848777003962,-0.7631372529928772,0.025363327977147465,-0.7654542830795166,0.027551032553711385,-0.7653785831419682
2021-05-27,282.16,0.0013821944995746627,0.009781684150836467,-0.00021264530762687972,-0.007478026651545289,2.5076052259125565,0.005259427275304596,0.4049469461274746,0.006999574709383172,0.0975214042578727,0.015482350439467218,-0.03313528896053042,0.019264483508175667,-0.09390132940822327
2021-05-31,280.88,0.01673312446596409,0.01673312446596409,-0.0009612645969808709,0.0045571062375393545,0.18724600912861145,0.00897180290515509,0.6398270429322768,0.009438194246651932,0.34553595838835993,0.018719737966391703,0.14943163388244018,0.02333974176398068,0.061301927666180145
2021-06-01,281.8,-0.002661462029808326,0.0046841731724627245,-0.002661462029808326,-0.003264726756564973,-0.18246701342192895,0.0028601845280338267,0.3862618431570135,0.003970901348472555,0.10904720594307693,0.01339070262597608,-0.05085456830485169,0.01932931156848894,-0.12825602370462408
2021-06-02,279.63,0.001323177055394753,0.004148338876372337,-0.008046346958480832,0.00776025462217933,0.35094791050266294,0.007645817687658374,0.915933276824412,0.011329256517539577,0.5393721112479408,0.019502556950256045,0.2911024997201208,0.02642897161725677,0.18140606991113173
2021-06-03,283.17,-0.006533177949641589,0.0009605537309742562,-0.007024049157749901,-0.012501324292827687,0.3391086458355643,-0.008002260126426242,1.5084123101963889,-0.0017869124554169558,1.0530471805195636,0.005011124059752126,0.7280245861264001,0.012291791738767488,0.5806231055333062
2021-06-06,282.19,0.0034728374499450876,0.007300046068251964,-0.00400439420248766,0.0034728374499450876,-0.18197897563508625,-0.0023459371345551094,0.20789776673059968,0.0014033098267112187,0.612957363327963,0.007085651511393287,0.38831410549743484,0.014981631761107117,0.28539931834209176
2021-06-07,281.45,0.001954165926452367,0.007212648783087694,-0.0018919879197014655,0.0026292414283177745,0.040152340689177723,0.0002984544324033944,0.16562042385698938,0.0036134304494568337,0.6145951127065983,0.008074258305205584,0.444438835942198,0.0165192159649441,0.3346940977094228
2021-06-08,282.11,0.003509269433908724,0.004111871255892963,-0.0020204884619474672,-0.0023395129559392602,0.15213942656935098,-0.0016376590691578041,0.2834130721226642,6.026018219706941e-05,0.8709450159267631,0.0040923753145940545,0.6525397161315896,0.01318752732385775,0.5347517236147468
2021-06-09,284.22,-0.002427696854549466,0.0017240166068537288,-0.005066497783407398,-0.007423826613186968,-0.4121018554815751,-0.00883118710857822,-0.33642672422731057,-0.008729153472663453,0.07111053401255418,-0.004389205545000108,-0.037996147044273454,0.004711139258321673,-0.0995397255007675
2021-06-10,285.28,-0.0009814918676387396,0.0010165451486259247,-0.004697139652271365,-0.003715647784632403,0.3510916686845078,-0.009296130117779189,-0.04177804815736097,-0.012317722938868347,0.45572349774235255,-0.007242007851934629,0.29583941187104235,0.00027107870630094233,0.23513664953002644
2021-06-13,285.71,0.00010500157502368879,0.00045500682510235535,-0.008855132826992351,-0.001505022575338688,-0.11599164774278536,-0.00931013965209504,-0.11379225145931571,-0.011973679605195464,-0.048683505235492475,-0.008743131146966787,0.1389325220880171,-0.002081364553801146,0.0961900639746105
2021-06-14,286.19,0.0023061602431950767,0.006149760648520131,-0.0028652293930605532,-0.0016772074495965406,0.1784643117241227,-0.008511827806702121,0.08172556802704056,-0.012390370033894982,0.09650073383478719,-0.010840700234109879,0.3553946585722467,-0.0042512549937682165,0.28484362462497526
2021-06-15,283.94,0.012467422694935726,0.012467422694935726,-0.0032049024441784812,0.007924209340001376,-0.39617061452279545,0.0026836655631468087,-0.3411918679059228,-0.0026942311756018578,-0.34996131170929234,-0.0031450306402758255,-0.18360361286532534,0.002937240262027796,-0.22261298421556897
2021-06-16,284.77,-0.007971345296203913,0.002317659865856747,-0.007971345296203913,-0.0029146328616075357,0.26191409145786126,0.001046458545492568,-0.04236333213309895,-0.0048495276890137,-0.1653369305064284,-0.005887207219861357,0.05441983669751971,-0.0008825836054821012,-0.009327198017495264
2021-06-17,281.25,0.005653333333333288,0.009777777777777885,-0.0015999999999999348,0.012515555555555391,-0.44912150614448354,0.013966222222222102,-0.48044747720157277,0.00943288888888727,-0.5307117998178051,0.007230222222222249,-0.4158174544811748,0.011058962962963381,-0.4513009802723317
2021-06-20,285.56,-0.005603025633842407,0.006776159125928105,-0.012431713125087618,-0.01509315030116265,0.7136101211154822,-0.004160246533128076,0.08316249868787384,-0.0064749964981105634,-0.08281159869437205,-0.008444810197506647,0.03385722569067817,-0.005357893262361135,-0.03407885419322154
2021-06-21,285.66,0.0003500665126372482,0.0033431351956871858,-0.006826296996429448,-0.00035006651263747024,-0.02137682400074359,-0.00461387663656132,0.08982208808034176,-0.005643072183716624,-0.07436126343389082,-0.008410347966113507,0.004602841111986056,-0.006402716516137663,-0.045204563650267926
2021-06-22,285.7,0.0071753587679384,0.009450472523626186,-0.00038466923346158755,-0.00014000700034988434,-0.07688854991752248,-0.005124256212810874,0.06068899994265187,-0.00430871543577338,-0.11517184358127164,-0.008407420371018492,-0.05458099029912711,-0.007119355967798002,-0.1126752713012723
2021-06-23,291.56,0.01944711208670613,0.021402112772671122,-0.006893949787350806,-0.02009877898202772,-0.28003202974357677,-0.0239127452325425,-0.24730102594662817,-0.023089587048979565,-0.32966805390698173,-0.028386952942790478,-0.3121737083661287,-0.027332281520098367,-0.3542397091877877
2021-06-24,294.66,-0.007907418719880654,0.001900495486323317,-0.014389465825018655,-0.010520600013575021,-0.28268337230985074,-0.02957306726396558,-0.4046960717827115,-0.030876264168874346,-0.4946630078180022,-0.03731758637073235,-0.4928669591693384,-0.03618860155207104,-0.5295325243257312
2021-06-27,293.9,0.0018373596461382924,0.006702960190541063,-0.004763525008506186,0.002585913576046428,1.4805426121162162,-0.017938074174889573,0.5761581558129782,-0.025178632187820793,0.41484304452832355,-0.03234263354882605,0.17404193963584813,-0.032636951343994136,0.2164757015247709
2021-06-28,296.43,-0.0055325034578146415,0.004132510204770012,-0.006173464224268788,-0.008534898626994636,-0.17485916508115018,-0.020692912323314383,0.2745959677442451,-0.030735755490336913,0.16901259471333252,-0.03862125965658003,-0.038911941063653255,-0.040252336133319466,0.01033244455306237
2021-06-29,294.79,0.004070694392618535,0.007462939719800499,-0.003392245327182075,0.0055632823365785455,0.2843476176492765,-0.00793785406560632,0.6432450558888856,-0.021869805624344707,0.5416341391493167,-0.030635367549781245,0.24566866501183493,-0.03384669312618005,0.3090453370345325
2021-06-30,300.0,-0.015066666666666562,0.00019999999999997797,-0.01666666666666672,-0.01736666666666664,-0.48048717256209883,-0.019106666666666938,-0.1834717908474084,-0.035240000000001936,-0.22305056448880056,-0.04530500000000004,-0.3605121866392852,-0.04931666666666634,-0.3182144140196035
2021-07-01,304.84,-0.015877181472247703,0.0010825351003806993,-0.015877181472247703,-0.015877181472247703,0.35057516503492114,-0.029143157066002123,0.10828346906479713,-0.04556160608844151,0.10315285844741773,-0.05712176879674569,-0.10241428227929072,-0.06232996544635394,-0.057986849970456444
2021-07-05,305.4,-0.0017681728880155623,0.004747871643746127,-0.012148002619515319,-0.0018336607727570398,0.2017663524589104,-0.024256712508186395,0.12892584369564153,-0.039587426326131436,0.2686945688668101,-0.05530288146692863,0.1086053207684694,-0.06176926435276098,0.13567809686765808
2021-07-06,309.61,-0.012241206679370897,0.0005813765705242613,-0.01424372597784318,-0.0135977520105941,0.007614554273296825,-0.03009592713413678,0.1589630788655101,-0.04623881657569373,0.27491348399584137,-0.06440037466490112,0.13026343888876157,-0.07215636876500497,0.13810035995380265
2021-07-07,309.15,-0.013326863981885873,0.0002911208151383793,-0.020993045447193714,0.0014879508329290747,0.0025530199421719413,-0.0201261523532269,0.1436314711274802,-0.037072618469999874,0.2716725492131278,-0.05845382500404328,0.14745593573220095,-0.06810609736373874,0.15276300396121045
2021-07-08,312.62,-0.0064615187767896876,0.01151557801804115,-0.007805002878894518,-0.011099737700723034,-0.08395786464584332,-0.021815622800844814,0.07476638375202893,-0.04025974025974177,0.15057624942537684,-0.06458000127950869,0.06843976635265903,-0.07598042351736889,0.058221322703664535
2021-07-11,311.57,0.000866578938922169,0.001957826491639114,-0.00269602336553576,0.0033700292069198667,0.36089870700037374,-0.010418204576820966,0.3260270369854399,-0.030266071829766816,0.5016696633982545,-0.05687004525467787,0.4561554190498385,-0.06979918905328875,0.4443264341237676
2021-07-12,312.63,-0.004542110482039563,0.004094296772542805,-0.008252566932156147,-0.003390589514761899,-0.0377497602389405,-0.009468061286505125,0.1771597131261271,-0.028145091641878395,0.2725962035378773,-0.05586316092505528,0.40234449044432385,-0.0695923829020455,0.2717561993868214
2021-07-13,314.39,-0.004262222080854916,0.003594261904004581,-0.0059162187092465235,-0.005598142434555808,-0.10560627494922614,-0.01041381723337298,0.014957686112472945,-0.027628105219632992,0.13079011135233554,-0.056867266770571634,0.25146225926185317,-0.07157034256814743,0.1289846627915121
2021-07-14,314.94,-0.003365720454689747,0.0017463643868673717,-0.005207341080840755,-0.0017463643868673717,-0.09029215134725188,-0.009106496475519643,-0.09044637928758525,-0.02362354734235239,0.012882008490181729,-0.05403727694163951,0.14727884014065018,-0.06964501174826909,0.028038972540868734
2021-07-15,311.91,0.016703536276490016,0.016703536276490016,-0.0019556923471514276,0.009714340675194721,-0.28406590138583243,0.0042319899971139385,-0.3453863301075454,-0.007678497002342022,-0.2627707744408997,-0.03987849059023452,-0.1863071556883933,-0.05706560653179826,-0.2658131178802263
2021-07-18,309.18,-0.003816546995277892,0.001956788925544961,-0.009444336632382533,0.008829807878905527,0.4558565880971732,0.012639886150461965,0.02208594301985234,0.004935636198976523,0.05208716485781517,-0.027011773077172063,0.20725062552791362,-0.04525950363326592,0.08971897726850142
2021-07-19,312.06,-0.00660129462282899,0.006761520220470496,-0.009837851695186806,-0.00922899442414915,0.2771704284780896,0.0017624815740560074,0.3523681194878048,-0.002948150996604726,0.3136787591484038,-0.03151637505607885,0.4894258123565445,-0.05129248648764062,0.40792912546902493
2021-07-20,313.77,-0.0036969754916019726,0.0008923733945247481,-0.005800427064410196,-0.005449851802275529,0.2282148651655338,-0.004060298945087304,0.6405840868580457,-0.006259361953024567,0.5750969769846845,-0.03257162890014975,0.807390458714679,-0.05328956454302991,0.7305416739234478
2021-07-21,314.26,0.001622860052186148,0.002354738114936694,-0.00473747852096984,-0.0015592184815121923,-0.07298531410027143,-0.006007764271622307,0.4304871275319486,-0.006485076051678584,0.40453006434109673,-0.02960764971679486,0.642868829600767,-0.05133753367699723,0.5998112022569211
2021-07-22,318.65,-0.008316334536325076,0.0004707359171505221,-0.009759924682253174,-0.0137768711752706,0.028733659156832347,-0.020128667817354562,0.36549513251480126,-0.018568962811864265,0.39557833671077214,-0.03849521418484214,0.6535172249374179,-0.061043987656257626,0.6485277810889922
2021-07-25,318.98,-0.000564298702113053,0.002396388488306478,-0.006677534641670313,-0.0010345476205405602,-0.09249700888571888,-0.01691642109223168,0.025407343248663894,-0.017693899304033422,0.20647804316579954,-0.03524358893974544,0.43503267328089357,-0.05841745563985157,0.47760300262919975
2021-07-26,319.89,-0.006283409922160699,0.0006564756635094593,-0.012754384319609846,-0.002844727875206954,-0.16771586998042043,-0.01358592016005522,-0.20608898060414427,-0.018171871580857646,-0.004841581103776305,-0.03418675169589536,0.10727809770075614,-0.05758437796325777,0.2275342641711473
2021-07-27,316.31,0.01435300812494078,0.01482722645505996,-0.0006006765514843249,0.011318010812177981,-0.1834818905873007,0.002529164427302222,-0.33292423114453373,-0.004764313489932559,-0.18402183294182572,-0.019147355442445613,-0.09742259249765861,-0.043316156091597446,0.00181707567900391
2021-07-28,318.35,-0.0016648343018691447,0.0024815454688233984,-0.00697345688707407,-0.006408041463797809,0.09474956647895061,-0.0022993560546571423,-0.17954070376347775,-0.01053871525051231,-0.09299825947737106,-0.022310350243442634,-0.013368598053018377,-0.046292864247944876,0.10749433418034471
2021-07-29,317.68,9.44346512212757e-05,0.004721732561067782,-0.0024553009317552776,0.0021090405439436744,-0.19155206329446106,0.0023797532107781016,-0.2873132169262367,-0.007378494082097009,-0.2709968487235487,-0.016540229161420172,-0.19731469171494065,-0.04067090573323229,-0.11215750743358577
2021-08-01,316.08,0.010092381675525175,0.010788407997975202,-0.0018349784864590823,0.0050620096178184415,0.5296174853236233,0.0068400404960768935,0.22908138621429108,-0.0005283472538615275,0.08622729540653284,-0.008765186028853234,0.20012015785730197,-0.03234413228718436,0.3672795756855167
2021-08-02,318.52,-0.002354640210975756,0.003390681903805204,-0.00947601406505072,-0.007660429486374465,-0.23866022578772883,-0.0026937084013564094,-0.05206978819961339,-0.006018460379255797,-0.1919661434589096,-0.01459406002762742,-0.10695161814202225,-0.03611180878228448,0.008618270496373093
2021-08-03,316.77,0.003946080752596615,0.007639612337026813,-0.002904315433910898,0.005524513053635216,0.3668829442661119,0.0019509423240835488,0.33901869304070376,0.0015121381443932158,0.1394085312847606,-0.007079268870157973,0.22225140216793138,-0.027318453978175117,0.3781815558039705
2021-08-04,320.31,-0.007492741406762149,0.0007804938965376707,-0.010208860166713407,-0.011051793574974322,-0.2581830493264815,-0.008835190908807355,-0.0673490889739029,-0.008619774593364493,-0.1420512313565282,-0.01693515656707556,-0.10539045329265773,-0.03483084095615663,0.012183107717381958
2021-08-05,321.83,-0.00257900133610911,0.0016623683311065562,-0.010347077649690783,-0.004722990398657645,0.4019554831728058,-0.012298418419662616,0.32025244920102525,-0.011422179411492261,0.2500452033143832,-0.01984432775067546,0.25554456888819965,-0.03580461734456053,0.41275999685000997
2021-08-08,319.52,0.007792939409113631,0.008575363044566853,-0.00043815723585372,0.007229594391587435,0.13669046544334362,-0.002560090135203086,0.3517030395883549,-0.003279919879821569,0.4318722130576842,-0.011316975463194434,0.39868275526004116,-0.025676014021031257,0.5600718724688123
2021-08-09,320.18,-0.0006558810668998438,0.005871697170341639,-0.003498032356799352,-0.0020613404959710646,0.33317772213498564,-0.002467362108814042,0.740675352600829,-0.005165844212632331,0.8913686929856348,-0.01211349865700495,0.8477721482071521,-0.025096299997917404,0.9687517841785125
2021-08-10,319.79,0.002595453266205805,0.0033459457769160483,-0.008474311266768897,0.0012195503299039512,-0.5010687618053795,-0.00021263954470152058,-0.24669921725481592,-0.003861909378031325,-0.0968978489573803,-0.009728259170080022,-0.09647851536307772,-0.021168058204863116,-0.032382297301283725
2021-08-11,321.76,-0.006402287419194463,0.00021755345599205889,-0.009696668324216784,-0.006122575832918864,1.0220788916091208,-0.004456737941322952,0.6096472603115701,-0.008879288910991434,0.8043457353958303,-0.014952138239681334,0.8301192815659755,-0.02474100779048516,0.9473351118527709
2021-08-12,323.45,-0.0038955016231256856,0.0018240840933685387,-0.005781419075591265,-0.005224918843716231,-0.06125490309242654,-0.008761786984078146,0.2963761947261998,-0.013003555418149904,0.5956106630279521,-0.019044674601947253,0.6638490331915912,-0.027057247384963623,0.8033060704561241
2021-08-15,328.25,-0.012947448591012933,0.0007616146230007281,-0.015567402894135607,-0.014623000761614713,-0.4554071399987315,-0.022269611576542503,-0.3414056953183714,-0.025678598629095495,-0.20597600393779236,-0.031631378522467224,-0.1435570847989206,-0.038903274942878374,-0.05852124748392318
2021-08-16,329.3,-0.005162465836623054,0.0019738839963558963,-0.007682963862739256,-0.0031885818402672683,0.16323536708616126,-0.020085028849073927,-0.16122476959999577,-0.025089583965990148,-0.05844012211396088,-0.03182356513817142,-0.0070425753614975495,-0.03959813746330554,0.08334210363669436
2021-08-17,324.55,0.008688953936219379,0.014265906639963077,-0.0005238021876444732,0.014635649360653202,-0.06429531849540393,-0.00012324757356363403,-0.14029119125974154,-0.007499614851334435,-0.14634404260167355,-0.014997689107995371,-0.06911980407237694,-0.02308735171776266,0.005485712796283737
2021-08-18,328.25,-0.01657273419649652,0.0022848438690021844,-0.01766915460776841,-0.011271896420411265,0.2647972839323023,-0.008493526275704655,0.05569051416138171,-0.016316831683169997,0.09427711122649551,-0.02445849200304595,0.1942537381473377,-0.032581873571972175,0.26444822019475245
2021-08-19,332.65,-0.008537501878851605,0.002705546370058709,-0.01298662257628136,-0.01322711558695322,-0.2506366170304175,-0.017706297910717095,-0.16451133635728832,-0.026941229520518584,-0.2180952094206583,-0.03525928152713009,-0.10507817159188426,-0.04346410140788581,-0.06444965292453975
2021-08-22,332.92,0.003964916496455695,0.005887300252312766,-0.0005707076775200992,-0.0008110056470024274,-0.14410102503820854,-0.01297609035203684,-0.20989733759656193,-0.024480355640996487,-0.3141916054306607,-0.033939084464735814,-0.22242243824694874,-0.04223437061956803,-0.20526647821769028
2021-08-23,330.91,0.006738992475295191,0.009337886434377829,-0.00048351515517819355,0.006074159136925328,0.39037577593316963,-0.004158230334532331,0.13108480090841645,-0.014505454655345917,0.008153697641521518,-0.025964763833066118,0.10287314900879685,-0.03426611465353102,0.11604308362680249
2021-08-24,333.44,-0.0044985604606525564,0.0034488963531669192,-0.006927783109405006,-0.0075875719769672445,-0.10071524304817592,-0.010748560460652756,0.007207701797618871,-0.01876499520153707,-0.060395933468702534,-0.03170285508637205,-0.014855033624416425,-0.03976627479206618,0.0006443156570459241
2021-08-25,333.23,0.003721153557602941,0.003721153557602941,-0.005958947273654869,0.0006301953605616362,-0.05197003865884753,-0.004789484740269634,-0.04784779892464852,-0.014050355610240706,-0.12262027213337978,-0.028522341925996897,-0.0785813771384698,-0.037255549220257755,-0.05470791843556888
2021-08-26,335.66,-0.004677352082464559,0.0007448012870165943,-0.006869153309896903,-0.0072394685098016165,0.5115672171905523,-0.00902699159864162,0.5117163914047238,-0.01777095870821832,0.3964952051145445,-0.033338795209438055,0.38561689753152195,-0.0424089852827263,0.4211857870123721
2021-08-29,337.0,-0.005934718100890191,0.0048961424332343295,-0.01210801186943622,-0.003976261127596414,0.15648843203499663,-0.011181008902077072,0.624870765344369,-0.01805341246290959,0.6310392170957375,-0.034514836795252135,0.5419034513919554,-0.04386745796241298,0.5883270863926229
2021-08-30,336.56,0.001901592583788858,0.002525552650344709,-0.004352864273829304,0.0013073449013549787,-0.40669637825306837,-0.007463750891371523,-0.1631798505484865,-0.01416983598764121,-0.08152059146974877,-0.03014469931067265,-0.10143127393250007,-0.039862134537674954,-0.07609224604767872
2021-08-31,337.9,-0.0013317549570878162,0.0033441846700206224,-0.003669724770642091,-0.003965670316661618,0.012459781289170024,-0.008055637762651613,-0.12931068090524178,-0.01593074874223288,-0.0633127017104056,-0.03132139686297708,-0.1006697155574856,-0.04125283614481556,-0.061137622013205495
2021-09-01,341.0,-0.007448680351906267,0.0030791788856305846,-0.008064516129032251,-0.00909090909090915,0.012875118164056953,-0.014457478005865165,-0.117190878765708,-0.020961876832846116,-0.05223960328116517,-0.037029325513196376,-0.08369117335580922,-0.04760997067448647,-0.04027945343904005
2021-09-02,343.33,-0.006786473655084002,0.00218448722803144,-0.00937873183234783,-0.006786473655084002,0.02199369766008874,-0.016619578830862514,-0.11077495793651049,-0.02389246497538966,-0.011836203015800573,-0.040551364576355,-0.07477094155170372,-0.05147719880775514,-0.012658125197546721
2021-09-06,341.49,0.0053881519224574514,0.008609329702187418,-0.003748279598231319,0.0053881519224574514,0.10376132421616768,-0.006828896893027792,0.043497535348751226,-0.015505578494247496,0.07934894302617157,-0.03223374037307092,0.027345682666813254,-0.0439573633195699,0.0970193953558085
2021-09-07,340.32,0.001527973671838323,0.005729901269393434,-0.0017630465444287147,0.00343794076163606,0.018674646462543354,-0.0007757404795488698,0.12688966730827622,-0.009602726845323817,0.0564990799446603,-0.025678772919604964,0.0534854051151199,-0.03846575771822569,0.11827776266090195
2021-09-08,341.1,0.0010554089709762238,0.004250952799765395,-0.0035180299032543383,-0.0022867194371153365,-0.1650680575295479,-0.0008560539431254899,-0.08891411869290688,-0.009108765757844028,-0.12139986248824353,-0.024954558780416303,-0.10620781059583839,-0.03866803478940661,-0.07177258488733418
2021-09-09,341.92,0.00462096396817957,0.010528486195601205,-0.0012283575105288547,-0.002398221806270473,-0.033147406941174684,-0.0013804398689752917,-0.11365643260110325,-0.009244852597100395,-0.14737239874024433,-0.02417670800187177,-0.1408662500709975,-0.03855677741381969,-0.10973111380804845
2021-09-12,339.44,0.0163799198680179,0.017764553382041193,-0.010517322649069016,0.007306151308036801,-0.08200197920767849,0.006457695027103361,-0.17304946955106026,0.0005538534056075406,-0.2160612171063132,-0.014077598397360225,-0.18964821179650337,-0.02921773116505577,-0.18518931937247063
2021-09-13,340.72,0.0009978868278937014,0.00745480159661871,-0.0021131721061282693,-0.003756750410894627,0.05584779487271674,0.0003932848086403151,-0.09164889636901696,-0.0020955623385787714,-0.1299604409580456,-0.015434961258511404,-0.11885334954194204,-0.030735892619550342,-0.14765857135046023
2021-09-14,344.43,-0.012165026275295365,0.003106581888917992,-0.01335539877478742,-0.010771419446621855,0.05977235532287173,-0.010829486397816779,0.005659861774828245,-0.011764364312053521,-0.029953331590982568,-0.024229887059779798,-0.06623231925740136,-0.03879162674563741,-0.09129574737421986
2021-09-15,342.23,0.0070420477456680786,0.008093971890249296,-0.005873243140577911,0.0064284253279958126,-0.25434526488869713,-0.0020687841510094174,-0.22465558831650456,-0.003111942261054379,-0.274976006378175,-0.015746720042077,-0.30044586852471855,-0.03008892655037043,-0.32685839960248875
2021-09-16,335.4,0.01380441264162191,0.01823196183661313,-0.0024746571258198458,0.02036374478234948,-0.4944145456797987,0.018926654740608395,-0.5817621949590974,0.018479427549193295,-0.6192641784221218,0.006932021466905303,-0.6394057376451294,-0.007807592923871676,-0.6536515731957144
2021-09-19,332.29,-0.0035812091847482463,0.007914773240242035,-0.012218243100905801,0.009359294592073075,0.6811850726039781,0.02453880646423312,-0.09083458729456795,0.02632640163712252,-0.25218532616324085,0.017432062355171585,-0.3341319066600057,0.0029923661059116924,-0.3862401840115792
2021-09-20,331.15,0.007972218028084121,0.013015249886758173,-0.0008606371734862783,0.0034425486939455574,-0.06029028775256573,0.02374754642911081,-0.0909927826954886,0.026525743620714026,-0.25882924009991826,0.02088026574060109,-0.3579107933361818,0.007498112637777776,-0.40837946014113125
2021-09-21,334.66,0.0023606047929241036,0.006424430765552991,-0.004541923145879534,-0.010488256738182211,0.1553565261776706,0.007290981892069448,0.13545082093132144,0.012669575091135421,-0.08627248963466416,0.009908563915615787,-0.2417220283408621,-0.0019103966214465418,-0.29468492424152426
2021-09-22,343.0,-0.01568513119533521,0.005072886297376122,-0.017113702623906768,-0.024314868804664602,-0.4627281195003271,-0.022897959183673433,-0.35644021330037157,-0.013603498542275827,-0.4860089420995314,-0.014100583090378982,-0.5817064976145891,-0.024771622934888105,-0.6098869684694956
2021-09-23,339.23,0.004274386109718975,0.010759661586534186,-0.004451257259086683,0.011113403885269602,1.2316741441352055,-0.011585060283583415,0.6612539749122499,-0.0020811838575616193,0.28828750416279036,-0.0017348111900480356,0.005443407171493275,-0.011652860890840944,-0.08516199762856025
2021-09-26,334.51,0.008998236226121836,0.009596125676362588,-0.0042749095692207195,0.014110191025679342,0.005206013775396867,0.004651579922872129,0.4309613647023971,0.011195479955754317,0.3103240427580418,0.01324773549370728,0.01891255832325278,0.004033760824290411,-0.061883625052460034
2021-09-27,324.21,0.022670491348200317,0.024089324820332436,-0.0010795472070570522,0.03176953209339639,-0.1196059646060168,0.03793837327658012,0.2054810598025476,0.04180006785725121,0.159939648007567,0.04526078776101916,-0.08341300428080112,0.037068566669751224,-0.158800796115402
2021-09-28,323.53,0.008561802614904357,0.008901801996723746,-0.0014372701140542565,0.0021018143603375172,0.32113484740502685,0.035829753036812795,0.5329007086048483,0.03888665656971324,0.5623211044105325,0.04548109912527454,0.24902975290428064,0.03883205060839279,0.12126871221592483
2021-09-29,319.92,0.014284821205301279,0.018660915228807085,-0.0050637659414853875,0.011284071017754194,-0.2852077394036793,0.04056014003500885,0.03825647909264984,0.04407664416103829,0.11926308595072865,0.055241935483870686,-0.10515127632019139,0.04995311327831953,-0.19565749423772782
2021-09-30,324.86,-0.0045865911469555876,0.0062488456565903405,-0.01622237271440019,-0.015206550514067607,0.35164504090824855,0.010527611894354472,0.16950673740488664,0.021332266206979478,0.5230234152977875,0.036427999753740004,0.23212665189316462,0.033511871780664615,0.10196597803800933
2021-10-03,319.49,0.012238254718457409,0.015117844063976982,-0.010892359698269183,0.01680803781026019,0.015678747413361727,0.018517011487057644,0.16151826087740573,0.0351998497605539,0.3973810146384569,0.051322420107045685,0.2571308658644895,0.050529489707555,0.12878791294168224
2021-10-04,325.12,-0.01279527559055127,0.006797490157480324,-0.013256643700787385,-0.01731668307086609,0.08943140342637523,-0.008359990157480235,0.23459380477457814,0.013336614173226513,0.46858447909088397,0.029450664370078705,0.3759556370043622,0.0309885580708662,0.2307071414027
2021-10-05,325.19,-0.006396260647621332,0.0004612687967033846,-0.014391586457148109,-0.00021525877179495723,-0.24814128067111918,-0.008013776561394903,-0.13376741532423897,0.011264184015496781,0.049170632903913436,0.026712076017097575,0.039370345700792786,0.029967096159168927,-0.08066805729229898
2021-10-06,326.25,0.005363984674329414,0.010053639846743234,-0.0013793103448275223,-0.00324904214559385,0.8229522184300342,-0.010219157088122488,0.6506420353952513,0.00507586206896371,0.8894765097508599,0.021057471264367855,0.9272685390875861,0.026036270753512447,0.6959556818870287
2021-10-07,325.19,0.004766444232602529,0.007503305759709811,-0.0019988314523816664,0.0032596328300378286,-0.04946522781007345,-0.003099726313847251,0.36940136868407336,0.0032012054491203923,0.5276637029974758,0.02210246317537412,0.8127471101825874,0.02864376723351514,0.6007218278128463
2021-10-10,326.5,-0.005421133231240383,0.006830015313935789,-0.006094946401225099,-0.004012251148545198,-0.15293604330131172,-0.006897396630934027,0.08516290499280821,-0.005124042879021684,0.24080046992411153,0.015439509954058073,0.5194162805398166,0.023695763144461868,0.3457041849397995
2021-10-11,327.69,0.001281699166895578,0.005218346608074631,-0.0015258323415423547,-0.003631480972870693,-0.28161222480345105,-0.006225395953492474,-0.24949135515485665,-0.011181299398823952,-0.13536280217290475,0.009777533644602876,0.08170915473111973,0.019046456508692744,-0.0275877062123574
2021-10-12,330.18,-0.005845296504936703,0.0041492519231933755,-0.013098915742928097,-0.007541341086680031,0.16160290104328334,-0.012163062571930339,-0.08006635220605818,-0.017584347931433153,-0.00953897768075973,0.00018929068992656894,0.26427491161802474,0.01042158822460526,0.14992483362478315
2021-10-13,339.04,-0.017402076451156323,0.0006783860311465606,-0.020705521472392796,-0.026132609721566835,0.08618593243175199,-0.03503421425200559,-0.049622635252561054,-0.04129601226994062,0.07750955233302914,-0.02804978763567756,0.3759709849803303,-0.016610626081484448,0.2516402214528226
2021-10-14,341.82,-0.0018723304663272877,0.00026329647182743443,-0.0076648528465274035,-0.008132935463109114,-0.21519357040132936,-0.03539874787900055,-0.21172709677170598,-0.0434995026622218,-0.19329101490960543,-0.03642121584459679,0.06482719200502784,-0.024497298773232812,-0.017588042627514344
2021-10-17,343.18,-0.004603997901975632,0.0030887580861356234,-0.007372224488606638,-0.003962934902966397,0.2676363871852221,-0.029529692872545033,0.10000555953004264,-0.04234803893000949,0.0392664719405631,-0.03930444664607502,0.2770911622411383,-0.02828350525477341,0.25500159149184176
2021-10-18,349.74,-0.013552925030022367,0.0029164522216502675,-0.01502544747526735,-0.018756790758849395,-0.2484166658631186,-0.03819408703608396,-0.15848301138604703,-0.05353691313547415,-0.22522626766600495,-0.055767141304969514,-0.06342662297201684,-0.046524084558052126,-0.05567893462684681
2021-10-19,345.8,0.012145748987854255,0.013418160786581756,-0.0006651243493349668,0.011393869288606195,0.25148890932076773,-0.014482359745517592,0.06731582576715311,-0.03563331405436865,0.0011691759567866722,-0.04232070561017942,0.1536517067003793,-0.034865047233467616,0.1963454966862046
2021-10-20,347.12,-0.0038027195206268294,0.0010947222862409678,-0.006914035492048831,-0.0038027195206268294,0.14469822250112818,-0.00923023738188522,0.21799942903226222,-0.033363102097259234,0.11800054728704801,-0.044357858953676055,0.29753158411972946,-0.03800894983483072,0.37707073378124933
2021-10-21,353.79,-0.01565900675541998,0.004395262726476279,-0.01565900675541998,-0.018852991887843062,0.04163951612074368,-0.023341530286328127,0.25389272022775633,-0.045688120071230576,0.18728929634692415,-0.06179230617032716,0.24798637162502435,-0.05557816783967828,0.4310311497556736
2021-10-24,356.44,-0.008893502412748333,0.002005947705083555,-0.013915385478621922,-0.007434631354505616,-0.04226815218660962,-0.023886208057457115,0.12011830436534443,-0.04475928627539194,0.1508332097441638,-0.0667251150263719,0.1763225900440064,-0.06148954475741519,0.36472646982521195
2021-10-25,356.34,0.0018241005780996744,0.008334736487624284,-0.0001964416007184111,0.0002806308581693173,-0.01537863119133509,-0.01616995004770727,0.08829457499578397,-0.03608912836055633,0.13622885284754394,-0.06338609193466915,0.14203106999115445,-0.05963592823333452,0.33607841135506966
2021-10-26,354.05,0.002739726027397138,0.008106199689309479,-0.0007343595537353531,0.006468012992514982,-0.012840931777606701,-0.006078237537071152,-0.006069783180114308,-0.021762462928966664,0.08930602711189373,-0.05279056630419443,0.1033569673153254,-0.05208303911876777,0.31397959815001797
2021-10-27,356.32,-0.002469690166142735,0.005893578805568067,-0.004434216434665461,-0.006370678042209255,0.0446157413391719,-0.007779524023349915,0.015301185071273649,-0.021295464750787474,0.1245174362589434,-0.054542265379434296,0.14680361904482697,-0.05722197275856833,0.37011796076591885
2021-10-28,358.79,-0.01173388333008174,0.002313330917806944,-0.013071713258452022,-0.0068842498397392315,-0.22494830709612923,-0.009481869617325,-0.21509153930209934,-0.023216923548595614,-0.13502821678588917,-0.055978427492405114,-0.13531709800891945,-0.0624032628185468,0.048970187154821154
2021-10-31,355.32,0.009878419452887588,0.012833502195204405,-0.009062253743104765,0.00976584487222798,0.2196523891553479,0.0030057413036135294,0.0174001933620751,-0.008901834965666544,0.04624357952881386,-0.0419846898570303,0.05883598550099367,-0.05105257232916727,0.22648984849105158
2021-11-01,361.5,-0.012337482710926606,0.0048132780082987825,-0.013582295988935011,-0.01709543568464733,-0.27974165521577654,-0.014760719225449748,-0.26141781149105336,-0.02248686030428937,-0.24866329664965625,-0.05340663900414944,-0.24160184381636063,-0.06515168280313444,-0.13267833787966565
2021-11-02,362.1,-0.003203534935100838,0.001104667219000266,-0.02129246064623047,-0.00165700082850051,0.27598963621397643,-0.013543220104943576,0.018446775035686258,-0.02085887876277448,-0.03976819248486585,-0.04995167080916885,-0.0156351407828641,-0.06390683973119704,0.09480836296096484
2021-11-03,366.8,-0.01052344601962929,0.00032715376226821746,-0.014531079607415398,-0.012813522355507034,-0.12717177126804968,-0.021793893129771202,-0.09492800339520824,-0.028961286804800035,-0.16252149793357118,-0.05709378407851673,-0.15190495437688833,-0.07340785169029362,-0.056436883818531514
2021-11-04,368.46,0.0010584595342779668,0.009919665635347297,-0.004070998208760779,-0.004505238017695201,-0.06221941941050302,-0.02051240297454282,-0.10590544111355227,-0.02799489768224661,-0.19287972636892525,-0.05583916843076575,-0.18593750814349996,-0.07542926414445628,-0.155642282678513
2021-11-07,366.93,0.008366718447660348,0.010165426648134579,-0.002207505518763808,0.0041697326465537365,0.21889085949812803,-0.011157441473850782,0.10991772144953926,-0.01994385850162317,0.021394906433920502,-0.046006050200310455,0.017095914255204958,-0.06891868567119908,0.030617627179854168
2021-11-08,367.47,-0.002285900889868686,0.0008436062807846145,-0.0073475385745775945,-0.0014695077149156077,-0.07189209325261237,-0.006291670068304889,0.04554530909558685,-0.01852940376085299,-0.040903153533420666,-0.04190682232563181,-0.049175905900513794,-0.06734608720893265,-0.04872469539784763
2021-11-09,364.74,0.0006305861709712257,0.007073531830893209,-0.005647858748697665,0.007484783681526608,0.3794721186457597,0.00441958655480601,0.39222071139838954,-0.008131819926524897,0.3465613477041516,-0.02928250260459475,0.30465206811572654,-0.05641187329787367,0.30154104030942075
2021-11-10,366.21,-0.001720324404030471,0.0025941399743318883,-0.005352120368094737,-0.004014090276071025,0.14198201149697032,0.0018295513503181482,0.5265477340430562,-0.00919417820376478,0.5195664655935262,-0.028460446192075328,0.4723144323455304,-0.05644848584145634,0.47539209825338813
2021-11-11,371.23,-0.008700805430595593,0.0010236241683052594,-0.013091614363063386,-0.013522614012876244,-0.3428108631825212,-0.012035665221022063,-0.08499467561776985,-0.01992834630822049,-0.018921838956720727,-0.03793874417477017,-0.04473238528439516,-0.06505131589580537,-0.05354284597062553
2021-11-14,368.45,0.009010720586239529,0.009960645949246949,-0.0010584882616365698,0.0075451214547428425,-0.07932964946734489,-0.003077758176143308,-0.18910289552684123,-0.00915728049939124,-0.10361419746148393,-0.02668883159180324,-0.12748242023456036,-0.053801963179083034,-0.12862903033535578
2021-11-15,371.16,-0.010399827567625808,0.0052537989007435115,-0.011154219204655758,-0.007301433344110486,-0.041257448220631376,-0.009537665696734643,-0.20043779495933334,-0.012854294643821373,-0.12248991597256065,-0.030391205948916866,-0.15563015681366776,-0.05631353953371376,-0.1615939988097541
2021-11-16,372.78,-0.003299533236761576,0.005740651322496015,-0.00861097698374369,-0.004345726702076114,-0.0944725254059271,-0.01186222436826001,-0.260369858493244,-0.014552819357263713,-0.2126089332349267,-0.03173185256719757,-0.23842143057369136,-0.056297726988214225,-0.23469782263634986
2021-11-17,370.78,0.001456389233507771,0.005313123685204202,-0.004045525648632586,0.005394034198176856,-0.11789517915837056,-0.002195371918657818,-0.27697743633121963,-0.006356869302553414,-0.2848182828668939,-0.022870705000269442,-0.31814512800268235,-0.04692899652983751,-0.3237732383435129
2021-11-18,369.79,0.005841153086887152,0.01327780632250719,-0.0003245085048271257,0.0026771951648232317,-0.003110109337465583,0.0029476189188457624,-0.17223187982980592,-0.0026204061764808495,-0.2645509160469395,-0.017055626166202376,-0.30006806045640677,-0.040363449525405826,-0.30809725715710623
2021-11-21,363.3,0.022350674373795787,0.025873933388384174,-0.0006055601431325108,0.01786402422240574,0.22182202713373522,0.020071566198733848,0.08399325016286063,0.015562895678500333,-0.07980929470301712,0.0027057528213598747,-0.11849171353126942,-0.019128360400036182,-0.13375079007819046
2021-11-22,360.7,0.004851677294150258,0.00795675076240654,-0.009564735237039046,0.007208206265594708,0.049484940311891545,0.024568893817576765,0.1517439810510448,0.021876906016077724,-0.015925714574361205,0.010884391461048137,-0.06050269645512296,-0.00865724055078032,-0.08050781946145591
2021-11-23,362.37,-0.008665176477081427,0.0015453817920909607,-0.010127769958881871,-0.00460854927284271,-0.08760548328261375,0.014074012749399456,0.047001064586593255,0.015299279741698202,-0.09603086707908559,0.006827275988630532,-0.1324993919581503,-0.010189401256542108,-0.16189847777350364
2021-11-25,353.6,0.021408371040724017,0.023303167420814397,-0.0025452488687783825,0.024802036199095046,-0.17283194318313067,0.03333710407239798,-0.13871992946205003,0.03981052036198873,-0.22059758718540445,0.03297511312217205,-0.27066113097758926,0.017394419306184572,-0.3014306883866784
2021-11-28,365.82,-0.01826034661855558,0.010127931769722709,-0.01826034661855558,-0.03340440653873478,-0.07272225179734493,-0.010573506095894247,-0.1948139584779277,0.001629216554587476,-0.22600080290333202,-0.0019025750369031647,-0.3036011824449072,-0.015264337652396875,-0.34032101899889555
2021-11-29,357.4,0.011947397873531163,0.021404588696138926,-0.00030777839955220543,0.02355903749300503,-0.39991708019802463,0.010514829322887387,-0.5045040280583135,0.023712926692779135,-0.5133772239802892,0.022595131505316335,-0.5724342905725772,0.010173475097930096,-0.5986615424973436
2021-11-30,360.14,0.014244460487588206,0.026212028655522746,-0.0005275726106513945,-0.007608152385183531,0.6550398793105545,-0.0004498250680291527,0.005188047156480913,0.012856111512187685,-0.09715542068370997,0.015103848503359885,-0.2372044681512998,0.003804076192592154,-0.2995666720545883
2021-12-01,365.3,-0.01530249110320292,0.009827539009033659,-0.01530249110320292,-0.014125376402956524,-0.09623588302985386,-0.014875444839857699,-0.03642362864055171,-0.004467560908844037,-0.15780288438731982,0.0005789761839585239,-0.30004985647805915,-0.009426042522127642,-0.3596540456788382
2021-12-02,361.42,0.022107243650047126,0.025842510099053584,-0.01128880526810927,0.010735432460848848,0.3650119985522833,-0.0026783243871396634,0.40034460459667187,0.004150296054449942,0.18942759444035628,0.011763322450334845,-0.013350061836713278,0.0030066589194477356,-0.10529445768087453
2021-12-05,362.23,-0.0006625624603152636,0.008751345829997481,-0.011429202440438546,-0.0022361483035640006,0.1103361651028607,-0.000590784860447946,0.524627252980405,-0.000679126521825113,0.31000010475103057,0.008758247522292484,0.10390957033984094,0.002079709944878827,0.00630705955286559
2021-12-06,371.34,-0.0036085528087466123,0.004847309743092554,-0.0144476759842731,-0.02453277319976288,0.08044464427737585,-0.02704260246674195,0.569397472845071,-0.02723110895675318,0.3915289071253587,-0.01682824365810287,0.1924466753024674,-0.021746467747436937,0.09824696332254046
2021-12-07,374.53,-0.006915333885135988,0.0008811043174112854,-0.013029663845352868,-0.008517341734974537,-0.14404593631796103,-0.027885616639521382,0.09521076896656488,-0.03336982351213702,0.18427825995059366,-0.024613515606226155,0.0253535493643684,-0.028752480887155984,-0.053786575780393475
2021-12-08,371.45,0.0036344057073631753,0.006541930273253449,-0.0023421725669673377,0.008291829317539356,0.23327642048601827,-0.0120769955579485,0.28489648161302306,-0.021631444339751393,0.47528619342113565,-0.015575447570332357,0.27554908950305523,-0.01906672050971392,0.18003597239509683
2021-12-09,379.44,-0.01375711574952554,0.0012913767657600772,-0.01697238034998949,-0.021057347670250914,-0.07186848380467936,-0.02963841450558713,0.05729831517052175,-0.03984029095509356,0.3516160038387115,-0.035420619860847435,0.19619962006029246,-0.0381940052006462,0.09982557114864155
2021-12-12,377.72,0.004553637615164696,0.009080800593031846,-0.001217833315683703,0.004553637615164696,-0.3023707451274932,-0.015678280207561235,-0.2868674742854571,-0.028627025309755028,-0.08046886757555438,-0.029276977655406045,-0.15143654031975617,-0.03177397719651209,-0.2270664112442139
2021-12-13,369.73,0.012576745192437677,0.016363292132096197,-0.0087225813431423,0.021610364319909037,0.14894509261926414,0.013972358207340552,-0.12055892739333263,-0.004416736537475208,0.055956894702374305,-0.007421632001731071,-0.004002175949735842,-0.009143609300480304,-0.09972098339784563
2021-12-14,375.3,-0.013562483346656107,0.0015454303224087251,-0.021342925659472378,-0.014841460165201159,-0.11753911862328115,-0.001934452438049572,-0.1860375838256213,-0.015907274180657405,-0.1496582089392604,-0.021982414068745015,-0.11183933288887782,-0.022569499955590877,-0.1949915327655236
2021-12-15,400.6,0.03112830753869189,0.03257613579630547,-0.003944083874188764,-0.06315526709935104,-0.5546664892697348,-0.06458312531203203,-0.6205600927078906,-0.0742735896155784,-0.6224554508514972,-0.08323265102346489,-0.5984126282271013,-0.08315110667332326,-0.6383242732295911
2021-12-16,396.24,0.00030284675953962115,0.021123561477892183,-0.012416717141126576,0.011003432263274826,0.27779965434349907,-0.039577024025842955,-0.3343067627396169,-0.055178679588130164,-0.4543712725730149,-0.0696345649101554,-0.4458317027345978,-0.06982384413486753,-0.506940078429686
2021-12-19,385.78,0.013219969931048903,0.014645652962828715,-0.0058582611851314415,0.027113899113484496,0.8318076850752802,-0.004826585100316194,0.4383224360227407,-0.020535019959564305,0.09600643358784766,-0.04110892218362783,0.05922776878030156,-0.04205937753814748,-0.060266933940025025
2021-12-20,392.89,-0.012446231769706495,0.0006617628343810189,-0.02046374303240084,-0.018096668278653083,0.21081076703007628,-0.018732978696327285,0.7277638312491534,-0.03226602865942296,0.35363423937522764,-0.05642673521850894,0.28538126069519265,-0.0579254583556037,0.1465427932944472
2021-12-21,403.69,-0.025886199806782417,0.00014862889841205096,-0.025960514255988554,-0.026753201714186603,-0.026337868287000243,-0.03351086229532563,0.6601013891389809,-0.05281775619906548,0.3301853280601519,-0.07800540018330882,0.2542424226492699,-0.08098540959647227,0.12351319368777913
2021-12-22,403.31,-0.0025042771069400116,0.008764969874290207,-0.005826783367632871,0.0009422032679575754,0.6610821628702424,-0.018521732662220014,1.681524197656648,-0.04469514765317184,1.2103857070082236,-0.07180704668865134,1.0936979477476165,-0.07712594943509099,0.8763587802925552
2021-12-26,415.33,-0.020634194495942948,0.001492788866684247,-0.021645438566922692,-0.028940842221847674,-0.27918863739846955,-0.04562155394505585,0.41623554023345455,-0.06467146606313234,0.5687573570914493,-0.09374112151782898,0.48772312576456045,-0.1007391712614063,0.35287906637766375
2021-12-27,415.27,-0.0006501794013532569,0.0045271750909046116,-0.003828834252413982,0.00014448431141178553,0.39903830629181347,-0.036289642882943784,0.5376783727531858,-0.05589375586967693,1.1890511200678704,-0.08617766754159928,1.0541164072109415,-0.09666642585948049,0.9103922952951571
2021-12-28,415.42,-0.0014443214096577783,0.0046940445813874465,-0.006547590390448277,-0.0003610803524145556,0.30798626543195073,-0.022439940301381855,0.7562526937819114,-0.04719560926291644,1.721053591501232,-0.08055582302248321,1.61502417564274,-0.09345882881581646,1.4847043103390352
2021-12-29,413.83,0.005871976415436242,0.006838556895343517,-0.004712079839547578,0.0038421574076312748,-0.18488643583475994,-0.007795471570451684,0.2467902513528486,-0.03249401928328233,1.1058048862167498,-0.07001304883647863,0.9860272807508974,-0.08619239784452504,1.0014356052425946
2021-12-30,414.55,-0.004462670365456556,0.005789410203835388,-0.005886865275600117,-0.0017368230611507496,0.0984968816827223,-0.004626703654565301,0.19692758077713823,-0.02487999035098487,1.181982091163507,-0.06515257508141348,1.1129368910342365,-0.08434849033088043,1.176694675367242
2022-01-02,407.21,0.018295228506176375,0.020431718278038247,-0.005328945752805625,0.01802509761548099,-0.45376848514099366,0.018835490287566703,-0.36598039206480515,-0.003877606149163104,-0.04921974840771215,-0.04225461064315694,0.10674115497329995,-0.06442458027389597,0.17190305518335136
2022-01-03,404.3,0.01115508285926281,0.01748701459312385,-0.0027207519168934713,0.00719762552559966,-0.1535575195917913,0.022151867425179272,-0.44556478405315614,0.006005441503831976,-0.30645992624266793,-0.029698243878308217,-0.06722088651862224,-0.05468711352955702,-0.013694132265123726
2022-01-04,397.18,0.01699481343471465,0.01709552344025389,-0.0002014200110780351,0.017926380985950896,0.0181781103602201,0.03495140742232761,-0.3421182196247199,0.02870235157862755,-0.30091408469738623,-0.007008157510448476,-0.04184568554126877,-0.03484482266646516,0.003593891913224123
2022-01-05,378.0,0.01769841269841277,0.03755291005290995,-0.005925925925926001,0.05074074074074075,-0.43662185660110353,0.077814814814815,-0.5641828279853343,0.08203439153438952,-0.6004728718714183,0.04679497354497375,-0.4541834594233809,0.017115520282187102,-0.4317627850627441
2022-01-06,370.75,0.022494942683749075,0.024922454484153755,-0.0016453135536076413,0.019554956169925752,0.2645921508327871,0.0795630478759275,-0.2696352848726158,0.09626432906270876,-0.4340996450226783,0.06773297370195563,-0.279267857111971,0.038560575410204745,-0.25847166994239
2022-01-09,373.0,-0.025683646112600544,0.0009919571045575726,-0.03426273458445028,-0.0060321715817693855,0.1748831112970115,0.04956568364611291,0.014261285411646396,0.080922252010722,-0.2641836418472563,0.06119839142091177,-0.12566276444957736,0.03304468275245753,-0.11436862601654929
2022-01-10,375.11,-0.014928954173442532,0.0017861427314653788,-0.029991202580576415,-0.005625016661779281,0.2266589171183313,0.025421876249633657,0.3125060759727165,0.06355735650875549,-0.05393685641427459,0.05437071792274284,0.09263378149431123,0.028957727955355228,0.09056701600566996
2022-01-11,377.19,0.0017497812773403787,0.01656989845966228,-0.001524430658288889,-0.005514462207375503,-0.23425578104560196,0.004289615313237682,-0.0019127842167148135,0.047045255706671174,-0.24233136602175498,0.048210450966356566,-0.17027143746087003,0.02410456268724004,-0.16967770744999433
2022-01-12,361.37,0.04662810969366582,0.049561391371724106,-0.0017018568226471187,0.04377784542159002,0.06764340560264026,0.037191797880289146,0.11124607238795758,0.08230345629133384,-0.11969867051330085,0.09513102913910965,-0.10279921432474959,0.07076311444410632,-0.1318285766106394
2022-01-13,353.36,0.01041430835408641,0.017022300203758167,-0.010301109350237647,0.02266810052071544,-0.2545820551953083,0.05129046864387621,-0.24470443237506312,0.09199117047769789,-0.30162334078358255,0.11798449173647274,-0.3294471734456509,0.09515130933514482,-0.35228051218016176
2022-01-17,348.28,0.0009475134948893071,0.007867233260594908,-0.009503847479039651,0.014585965315263794,0.15299898967695635,0.05663833697025433,-0.10107416518446055,0.09034971861720265,-0.11343548659709124,0.12750947513494904,-0.26113502393861343,0.1099823896481762,-0.24572046016551086
2022-01-18,343.74,0.02112061441787394,0.03587013440390985,-0.0006982021295165453,0.013207656950020352,0.015077543429832252,0.0562110897771575,-0.059486409972400955,0.08760691220108008,-0.061674865782809674,0.13542503054634336,-0.2722709566386172,0.1233684373848456,-0.2235451235853042
2022-01-19,342.69,0.008053926289065982,0.03866468236598686,-0.0018967580028597109,0.0030639936969272252,0.1978392599049894,0.04113922203741027,0.19528169553995078,0.0732673845166163,0.15443062461133938,0.13277014211094573,-0.1161607926263094,0.12501191553104407,-0.054852353922762886
2022-01-20,335.63,0.01716175550457355,0.025176533682924607,-0.0011321991478711046,0.021035068378869592,-0.004697482746987003,0.04248130381670334,0.16663285835660524,0.07960849745254972,0.1612286512179999,0.14911956618895794,-0.10980287317644433,0.14583122287439587,-0.04900575188751288
2022-01-23,339.0,-0.03156342182890848,0.0017109144542772903,-0.05870206489675511,-0.009941002949852562,-0.3771413985941665,0.016932153392330784,-0.2783499664989597,0.05637758112094193,-0.31096015411578704,0.12765781710914448,-0.4395020832256056,0.13061553588987262,-0.40355988251348385
2022-01-24,334.95,-0.00907598148977451,0.01413643827436939,-0.02310792655620242,0.012091356918943141,0.2535682673081481,0.020653828929691365,-0.0625447576364162,0.05967159277503886,-0.10657049412209929,0.13169278996865197,-0.25365041089723794,0.14105687416032286,-0.22746683385930422
2022-01-25,329.89,0.03495104428748985,0.042650580496529145,-0.005592773348691904,0.015338446148716267,-0.18019071059233438,0.028227591015187237,-0.22243278116447973,0.06439116068992479,-0.25234485203964185,0.13686835005607922,-0.3686992418702193,0.1540634757040229,-0.35429800595390193
2022-01-26,333.36,0.012508999280057553,0.025107991360691084,-0.007049436045116431,-0.01040916726661878,0.5917252708727319,0.009215262778978106,0.3130767586121008,0.03974682025437737,0.2625958069887362,0.11222852171826236,0.05992100400181122,0.13726801855851556,0.04671640075510575
2022-01-27,342.85,-0.026104710514802565,0.0006125127606824154,-0.04573428613096109,-0.02767974332798606,0.1305436269221738,-0.02416217004520893,0.4813062704710065,-0.0018171211900270823,0.4125613290909764,0.0694749890622719,0.23361825054457097,0.10225268581984381,0.18746853940219887
2022-01-30,353.58,-0.024266078398099356,0.00033938571186165056,-0.028409412297075498,-0.0303467390689518,-0.22216180132490582,-0.04969172464505878,0.12858961060912177,-0.03734656937609815,0.08333640889065008,0.026982578200124507,-0.021779266354552962,0.06574372607802159,-0.08000791731804646
2022-01-31,353.42,0.0022635957218040126,0.009280742459396585,-0.012845905721238227,0.0004527191443606249,0.5136441795741431,-0.04101069548978531,0.5755408491745266,-0.03684850885632063,0.6019156517235549,0.018821798426800873,0.5284896659539187,0.06179144738083142,0.34240757394060806
2022-02-01,359.47,-0.014104097699390916,0.0017525801874982427,-0.01657996494839631,-0.016830333546610343,-0.19820443448060476,-0.046874565332294504,0.14508885440983788,-0.05162878682505012,0.23299465924705487,-0.0058071605419089956,0.22471557023668254,0.039950482655020325,0.03994592277964504
2022-02-02,345.55,-0.000795832730429824,0.01846331934597023,-0.0045567935175807595,0.04028360584575319,-0.03809428792606839,0.00864129648386669,-0.032960830067786606,-0.008872811459993413,0.15751456332204472,0.02775575170018807,0.17966514982716153,0.07930545507162523,-0.000750118089311802
2022-02-03,347.5,-0.007510791366906466,0.008748201438848913,-0.019136690647481913,-0.005611510791366903,0.2629784672248201,0.009997122302158656,0.21463342013645836,-0.013611510791368908,0.4567319090153912,0.014559712230215682,0.495371736715855,0.06870791366906515,0.26955881300615725
2022-02-06,343.96,0.0064542388649844185,0.012530526805442532,-0.0027619490638446376,0.010291894406326385,0.6936428520617457,0.023095708803349657,1.0074142223697624,-8.721944414036287e-06,1.4128134904638827,0.02056779858123048,1.443942056133861,0.07426154203977231,1.1464982598134141
2022-02-07,345.07,-0.014750630306894164,0.002492247949691384,-0.015098385834758088,-0.0032167386327411895,-0.42431073269460384,0.014228997015098832,-0.016727245260490964,-0.0017880430057689578,0.23980887256472228,0.013403077636421568,0.3568131579617928,0.06507278716395759,0.2340641289787122
2022-02-08,355.53,-0.010969538435575021,0.0028127021629680282,-0.011292999184316366,-0.029420864624644882,-0.09577175735023657,-0.020307709616628422,-0.1018066494244314,-0.028309847270274302,0.06232989887535978,-0.020340055691502767,0.21133885435961663,0.027150076411742496,0.11987174476005835
2022-02-09,342.39,0.01080639037355069,0.026840737171062168,-0.007009550512573348,0.03837728905633919,-0.011069825428291491,0.014988755512719498,-0.12580547770410377,0.016469523058498803,-0.030471315944519906,0.01439732468822097,0.1984065001350872,0.060753331970365476,0.12195844956799218
2022-02-10,329.18,0.0448386900783766,0.04799805577495597,-0.005741539583206667,0.04013002004982069,-0.20503694742613343,0.053800352390789286,-0.32113101659197396,0.060003645421955465,-0.23962973325721204,0.04981924782793601,-0.05840106354245678,0.09592624096239177,-0.09281794005497768
2022-02-13,326.13,-0.009352098856284297,0.005335295740962254,-0.014304111857234902,0.009352098856284297,0.14933591388703205,0.05242081378591368,-0.1492069853397684,0.06572532425719602,-0.10250484969117368,0.05470211265446312,0.08495220200887643,0.09752348245587172,0.0651303301061541
2022-02-14,329.41,0.010048268115722125,0.011900063750341472,-0.0062536049300264684,-0.009957196199265494,0.12282545763746233,0.031116238122704143,0.07423183736645944,0.04678060775325377,-0.011866077201758696,0.04006708964512318,0.19191616029093117,0.07764791597097864,0.21719441474903434
2022-02-15,333.72,-0.02352271365216352,0.005154021335251002,-0.02580007191657685,-0.012915018578449011,-0.1645667662999034,0.00841423948220088,-0.0887465357659607,0.02606676255543361,-0.16372541121813744,0.023807383435215268,-0.022193730673610634,0.055959087458548495,0.019972877812639567
2022-02-16,322.91,0.030999349663993092,0.030999349663993092,-0.002056300517172094,0.0334768201666098,0.33495637616543217,0.02866433371527677,0.25717694829152205,0.0524418568641396,0.12869564245820464,0.056529683193459634,0.29352164758012367,0.0840234120962502,0.367068602151839
2022-02-17,321.18,0.0038296282458434305,0.01653278535400715,-0.0033781680054797425,0.0053863876953734735,-0.11309451553100214,0.02207484899433365,0.08942669689049643,0.05106170994457715,-0.02200393900732056,0.05914129148763947,0.1334130218462135,0.0821543475102231,0.20800949380590406
2022-02-21,321.11,-0.003425617389679614,0.021378966709227454,-0.010339136121578218,0.00021799383388865223,-0.13325777451238974,0.017314938806016977,-0.10367595930416684,0.043094266762166544,-0.14233950579950339,0.057122169972906756,-0.02493682655099272,0.07649196017979354,0.023593593747632813
2022-02-22,313.16,0.030687188657555042,0.0372333631370545,-0.0018201558308853505,0.025386383957082703,0.2746573061641555,0.03993485758078985,0.15203335477308078,0.06227806871886332,0.162975426400084,0.08110231191723116,0.2029491284970737,0.09853642440499022,0.2944724681710984
2022-02-23,316.17,-0.043710661985640664,0.0012967707246100968,-0.048897744884081495,-0.009520194831894258,-0.42096531402117154,0.019755194990037417,-0.34367928273540593,0.04207230287503316,-0.3267423220500911,0.06736407628807295,-0.3223782527927682,0.08176930132523674,-0.25715053341676486
2022-02-24,322.51,-0.016061517472326425,0.0020464481721498284,-0.0189761557781154,-0.019658305168831935,0.4831389146899323,-0.011174847291556267,0.045373029550040744,0.009382654801399326,0.0516352202982544,0.044254441722737514,-0.007455517847510085,0.05441174950647554,0.11975527683028853
2022-02-27,316.02,0.008448832352382807,0.01085374343395995,-0.013005505980633991,0.020536674893994133,-0.25347271573418495,0.008879184861718015,-0.1959335784077183,0.023821277134356222,-0.21214788104241422,0.06398329219669696,-0.2623371556748757,0.07029829335696092,-0.1698307290524278
2022-02-28,311.35,0.01814678015095539,0.01936727155933826,-0.005106792998233578,0.014999197045125978,0.3539828685650206,0.020696964830577036,0.16768429438951848,0.03495101975268744,0.07971890571691942,0.07563353139553564,0.017827854895985373,0.08149670788501706,0.13030655807465652
2022-03-01,318.33,-0.009141456978607021,0.006062890710897495,-0.018157258191185188,-0.02192693117205402,0.1371644735390518,-0.007815788647001165,0.3036348596745049,0.007614739421352823,0.2204131752462286,0.045415135237018456,0.14316573164367274,0.05338380506602203,0.26396568925656405
2022-03-02,318.95,0.012196269007681337,0.01486126352092798,-0.010503213669854072,-0.001943878350838757,0.047120396630619954,-0.006502586612321393,0.36776070141192374,0.0021821602131970597,0.2696767592468168,0.0378821131838849,0.20018119965202863,0.04820609290902467,0.3045880179392215
2022-03-03,314.16,0.0012414056531702133,0.006859562006620745,-0.013241660300483904,0.015247007894066522,0.10620159082018521,0.010415075120957518,0.3393250749771808,0.012761013496305207,0.3655745468770373,0.047257766743060925,0.3150637632025035,0.061557804940157945,0.4213372104142217
2022-03-06,305.02,0.02675234410858307,0.029440692413612357,-0.0013769588879416483,0.029965248180447324,-0.3407465887998613,0.0352173627958825,-0.16074250381849486,0.040239984263324535,-0.10767553556925313,0.07349354140712094,-0.14660535641462424,0.0902498196839554,-0.07329555757130202
2022-03-07,301.62,0.006929248723559267,0.02450102778330354,-0.014123731848020626,0.011272462038326214,0.0019458644523500102,0.03959286519461602,-0.19433039593242663,0.04660831509846575,-0.08918560335923453,0.07855248325707831,-0.1317592950513442,0.0991567756338001,-0.07060173653243373
2022-03-08,309.42,0.005203283562794869,0.01056815978281933,-0.005397194751470491,-0.025208454527826274,0.027109410054509064,0.007097149505526756,-0.1457973160233209,0.013926055200049303,-0.06066251562303171,0.04452200891991476,-0.0792514993156298,0.06742184301812038,-0.06477518876208033
2022-03-09,309.52,-0.014603256655466468,0.002055440682346976,-0.017769449470147358,-0.0003230808994570955,0.37921280179290684,0.0010144740242961081,0.23719666973000497,0.012390152494182072,0.32647734488128877,0.03842562677694494,0.28523928933806997,0.0643275609545968,0.2768690308219328
2022-03-10,311.58,0.00908273958533945,0.02291546312343562,-0.0011874959881892355,-0.00661146415045899,-0.4624862963010572,-0.011656717375954417,-0.33876231103061527,0.003562487964565264,-0.3325671241867958,0.02417677642980931,-0.31417033956841245,0.05511158183024212,-0.3344181127637893
2022-03-13,307.68,0.004517680707228244,0.01777821112844502,-0.012282241289651608,0.01267550702028064,0.2075885022194457,-0.0008060322412893894,-0.08145321423638519,0.012730759230366484,-0.15412292295235075,0.032151911076442996,-0.15034912077510165,0.06612606170913549,-0.18533552300058753
2022-03-14,316.23,-0.015589918730038232,0.0021819561711411417,-0.018910286816557598,-0.027037282990228673,0.1711517649210692,-0.02613920247920809,0.09419177519067223,-0.01728804983714649,-0.019097009534628895,0.0008459032982321979,-0.003722434296615784,0.033593692354721094,-0.03725715276492114
2022-03-15,324.91,-0.013049767627958508,0.0016912375734818852,-0.028832907574405264,-0.02671509033270758,-0.2239353679934628,-0.0431627219845494,-0.1627701422196679,-0.04203933396940951,-0.23386347787178985,-0.027415284232557013,-0.22674545460827544,0.002149313143127163,-0.2573024945979714
2022-03-16,319.5,0.06071987480438179,0.07812206572769953,-0.003661971830985933,0.01693270735524255,-0.2549564235450793,-0.017264475743348884,-0.3484631917482003,-0.023758998435057244,-0.40233109953991963,-0.011651017214397541,-0.4123348600698863,0.016143974960876717,-0.4367482506456506
2022-03-17,323.95,-0.006420743941966345,0.0016360549467511198,-0.022966507177033524,-0.013736687760456778,-0.38389520880208416,-0.02460256212378431,-0.5295249879464059,-0.03699953696558356,-0.598193599753007,-0.027422441734835656,-0.6260809509862801,-0.001927252147964853,-0.6439095691439269
2022-03-20,324.5,-0.003482280431432949,0.0056856702619414445,-0.011032357473035437,-0.0016949152542373724,2.303249240897869,-0.018631741140215485,0.8819044459045595,-0.03561479198767581,0.5738884583732622,-0.02891063174114039,0.35342116579751015,-0.005837699024138998,0.24698015965702336
2022-03-21,327.47,-0.010596390509054365,0.003908755000457953,-0.01285613949369424,-0.009069533087000425,0.13233566058825197,-0.017259596298897395,1.0453145847844691,-0.03841267902403522,0.7516348047127779,-0.037211042232876634,0.5292792661410362,-0.01719546828717089,0.4144348797887065
2022-03-22,320.5,0.014040561622464809,0.020826833073323003,-0.0006552262090483429,0.021747269890795673,0.10083709377931904,0.011126365054602516,1.178363667234815,-0.009435257410298936,0.8803896279172028,-0.015280811232449398,0.6624960545248342,0.002462818512741105,0.5708062592106438
2022-03-23,325.29,-0.0151557072151004,0.0003842724953118104,-0.016262412001598614,-0.01472532202035115,0.28465452959102566,-0.006474223001014301,1.5697605466507918,-0.02061545082849403,1.3465501197930902,-0.02865289434043483,1.1233363371908083,-0.014816522692571166,1.0095505655944366
2022-03-24,327.71,-0.00039669219736959693,0.005492661194348658,-0.010527600622501576,-0.007384577827957539,-0.2114613992426544,-0.010277379390314367,0.6700981881147783,-0.023035610753412428,0.8162443969487867,-0.03443440847090429,0.6094043607188002,-0.025167577024400867,0.5662307344437174
2022-03-27,330.74,-0.012577855717482045,0.00045352845135138153,-0.016342141863699644,-0.00916127471730066,-0.08589424500999543,-0.01707081090887086,-0.053094788041021634,-0.02710890729878701,0.5595569882741378,-0.04249410413013266,0.45255362154224654,-0.035577795247021315,0.42088786446262727
2022-03-28,340.69,-0.004960521295018894,0.0010860312894420687,-0.010830960697408187,-0.029205436026886633,-0.10733442373991464,-0.042114532272740535,-0.18227099662441792,-0.0487539992368452,0.3394316480613795,-0.06829815961724761,0.2643698178697127,-0.06359153482638114,0.2517766040012763
2022-03-29,338.46,-0.005584116291437624,0.00663298469538498,-0.005850026591029844,0.00658866631211974,0.2912606471219661,-0.02799149087041286,0.07915685017123697,-0.035259705725937396,0.7021209438705569,-0.05782514920522386,0.6238486528747811,-0.05598790600563264,0.6073309858936766
2022-03-30,337.23,0.0008006405124099114,0.019333985707084222,0.0,0.0036473623343118433,-0.3745683244412831,-0.013794739495299746,-0.3334861802062452,-0.027722919076003882,0.0009311767659190284,-0.05140408623194892,0.006538581423110701,-0.05165020905613327,-0.002886459065204905
2022-03-31,340.64,-0.0060180836073273625,0.0019375293565053742,-0.012593940817285043,-0.01001056834194447,0.3168689984576347,-0.016656881164865855,0.004225812994905986,-0.03225105683419671,0.2267717586408815,-0.05821688586190721,0.34059169132027245,-0.06080025833724689,0.3112360960680529
2022-04-03,344.47,-0.007199465846082442,0.00084187302232408,-0.01283130606438887,-0.011118529915522535,-0.09803412227630859,-0.020083026098063672,-0.07037530706726114,-0.038165878015504306,-0.12978016292633976,-0.06484454379191251,0.21290144203489203,-0.06952709960228709,0.1818599067064972
2022-04-04,342.82,-0.0038504171285221878,0.007219532115979366,-0.0038504171285221878,0.0048130214106529845,-0.2422234756521242,-0.0073566303016158185,-0.27377054058251793,-0.027711335394669967,-0.3396864899330505,-0.054589872236158854,-0.0905495745150452,-0.06278416272873955,-0.10555265086800014
2022-04-05,340.26,-0.005789690236877587,0.00490801152060194,-0.016825368835596155,0.007523658378886688,0.3302475351529146,0.0013636630811733053,0.038726208957093666,-0.015884911538237678,-0.07658165824063823,-0.04142273555516385,0.21318059770502917,-0.053606065949567516,0.1936638557673891
2022-04-06,341.77,-0.008134125288936978,0.008894870819557088,-0.011586739620212394,-0.004418175966293125,-0.006097363270822109,-0.0020071978230973286,0.08231941900393891,-0.014451239137433847,-0.06226167043716935,-0.0411460924013225,0.1943934433458374,-0.05514429782212171,0.18792522631302178
2022-04-07,338.92,0.010356426295290877,0.015873952555175208,-0.0019178567213502529,0.008409064085919793,0.06596930200707019,0.00906408591998109,0.11321058867389966,-0.0013011920217183004,0.04028029764343333,-0.028325268499941103,0.27927362430696334,-0.04468114402612178,0.24366782658572594
2022-04-10,327.27,0.026980780395392312,0.03101414734011687,-0.007363950255140916,0.03559751886821294,-0.11264380318821576,0.04393314388731029,-0.005668829737597525,0.037675313960947365,-0.06234265120879934,0.010440920341002968,0.10159979193953816,-0.009002760208186356,0.09836020167579718
2022-04-11,326.73,0.009181893306399846,0.022097756557402093,-0.0014691029290240243,0.0016527407951518747,0.3326817364122423,0.03512992379028557,0.3390730902097516,0.03832828329201221,0.27472314397058506,0.015108805435680717,0.4487029279354151,-0.0062171619787995125,0.4460726980163441
2022-04-12,325.59,-0.003839184250130523,0.005405571424183853,-0.0072176663902453475,0.0035013360361191292,-0.11380385816063177,0.028870665560981834,0.06852417435517011,0.03767621855707848,0.1109142461402941,0.02027549986178956,0.2630597105027277,-0.0011630168821723519,0.2703892482008645
2022-04-13,319.47,0.023194666165837097,0.02757692428083991,-0.0005634331862146569,0.019156728331298556,-0.3016117787646706,0.03939650045387677,-0.2691626352803723,0.05352615269039096,-0.21237828687415705,0.03992706670422885,-0.14154523601612357,0.018728936467691693,-0.11446352234837753
2022-04-17,313.6,0.01568877551020398,0.023596938775510168,-0.00883290816326543,0.018718112244898055,0.19577558857906152,0.04463010204081641,-0.07351190548211162,0.06758290816326284,-0.04962221399457789,0.05938775510204097,-0.007696376529273019,0.03785289115646284,0.07024946970680812
2022-04-18,320.57,-0.024518825841469916,0.0007174720029947679,-0.02626571419658741,-0.021742521134229587,0.4102264260404165,0.006120348129893705,0.34176090183654795,0.035935989019556525,0.3623814263532381,0.03473968244065273,0.2547137396982122,0.015229123124435029,0.5199526975658679
2022-04-19,323.67,0.001112243952173353,0.014551858374270088,-0.003254858343374578,-0.009577656254827538,-0.22669845158481094,-0.007655945870794212,-0.02286886742038563,0.01863008619890394,0.028932119114273958,0.024222201625112127,-0.041434939512626445,0.007107032883286735,0.158521341563985
2022-04-20,322.31,0.012038099965871352,0.024851850702739542,-0.0030095249914678934,0.004219540194223104,0.19024161179931243,-0.005367503335298229,0.20894748386698248,0.01698675188482901,0.18360072934274863,0.027954453786727118,0.14748805499700834,0.01363697475515302,0.36794507558406675
2022-04-21,310.8,0.03288288288288288,0.04195624195624181,-0.00159266409266412,0.03703346203346203,0.0017851814208973416,0.029356499356499643,0.19428060178025164,0.04887387387387121,0.16532285089906762,0.06631435006435016,0.15144193781338355,0.05255791505791518,0.3543788077358563
2022-04-24,316.82,-0.023451802285209267,0.0009784735812132794,-0.03339435641689281,-0.01900132567388413,-0.06972719834944197,0.004324221955684715,0.0077686291518253014,0.019168613092605424,0.06424496677856739,0.04376617637775415,0.08277678875911021,0.03269259095595811,0.2576300174673327
2022-04-25,303.1,0.028109534806994407,0.0396238865061036,-0.0032992411745298433,0.04526558891454946,-0.024631059917877396,0.051910260640052996,-0.05794994320704372,0.05801055757175577,0.03230945808527563,0.08921643022104919,0.06171628932382833,0.08001429671175608,0.19870176425363617
2022-04-26,303.1,-0.0003959089409435457,0.020488287693830376,-0.002375453645661607,0.0,0.1538809568650792,0.04038271197624543,0.12471356038389247,0.05003629165291712,0.17227673029185087,0.08465687891784901,0.22830839335199826,0.07951061255911118,0.3638471758328625
2022-04-27,313.84,-0.01809839408615843,0.007328575070099541,-0.026191690033137816,-0.03422125924037711,-0.17788192214060305,-0.00832908488401729,-0.11619369106049249,0.006573413204178147,-0.03687033951593932,0.04154983431047721,0.0007461288556271928,0.04117384654601075,0.10809104496409305
2022-04-28,300.36,0.032094819549873366,0.0386869090424824,-0.0018644293514449295,0.04487947795978142,-0.2546316748926428,0.030536689306166043,-0.32070856559140726,0.04783593021707011,-0.27724580253148545,0.08419563190837698,-0.2457697767462549,0.08667265947529645,-0.1881705763185424
2022-05-01,304.6,-0.013591595535128231,0.004760341431385484,-0.024130006565988293,-0.013919894944189104,0.1752380952380952,0.00933683519369688,-0.11742317387822887,0.026976362442544977,-0.15030592049981706,0.06305154300722271,-0.10926124736795284,0.06945173998686816,-0.06817599045707834
2022-05-02,304.82,0.0061019618135294,0.009202152089757831,-0.006922117971261743,-0.0007217374188044356,0.19194234391172293,0.0005905124335676692,0.09715179074734981,0.0232825930057059,0.015118415371940364,0.0563726133455813,0.07204604927029679,0.06656387376156436,0.03154079495344275
2022-05-03,314.86,-0.037191132566855245,0.0032395350314424753,-0.04462300705075273,-0.03188718795655221,0.1165864625566797,-0.03022295623451665,0.22719003532348991,-0.014349234580450898,0.15259721327556952,0.016391412056152133,0.19187975488276732,0.030470685383980234,0.14884242593925823
2022-05-04,298.7,0.040207566119852656,0.04517910947438897,-0.013692668228992178,0.05410110478741226,-0.14865071933259555,0.030117174422497728,0.05183863293203639,0.03602611315701121,-0.03546992961248785,0.06669902912621373,-0.011238457299288185,0.08481307889744483,-0.02376615754078304
2022-05-05,295.74,-0.000304321363359783,0.004463379995942374,-0.020389531345100576,0.010008791506052495,-0.09893350267885948,0.030188679245283456,-0.05088076764230087,0.038412118752956026,-0.1179060285742316,0.07034895516331918,-0.11041450762559502,0.0932136335970788,-0.11504110975686732
2022-05-08,287.49,0.011026470485929973,0.017391909283801077,-0.005669762426519176,0.028696650318271955,-0.041472680280122076,0.05653761869978102,-0.12856151653207093,0.06297262513478463,-0.13242447542894997,0.09305888900483517,-0.14413760917962093,0.12115899683467268,-0.13824247398605627
2022-05-09,287.59,0.008379985395876144,0.01672519906811787,-0.013352341875586649,-0.0003477172363433034,-0.019146717740775365,0.044271358531242644,-0.14105373750808003,0.05240446468931226,-0.1287507453684673,0.08373726485621913,-0.1526641774870825,0.1161074214448814,-0.14499773463655308
2022-05-10,280.94,0.017049903894069907,0.026874065636790734,-0.0017085498682993805,0.02367053463372959,0.09837549340541885,0.05672385562753646,-0.013786918898907485,0.07179468925749011,-0.02081562187843433,0.10232789919555785,-0.06536402355338622,0.13740656367907755,-0.05185096863384031
2022-05-11,281.21,-0.011414956793855069,0.0016002275879238859,-0.022829913587710138,-0.0009601365527540651,0.04991416448029029,0.03158493652430616,0.0790776686705168,0.06288538814408917,0.0533329656544117,0.09312791152519484,-0.006376449814891161,0.12923200929317402,-0.001962646739636309
2022-05-12,286.77,-0.01300693935906816,0.00662551870837258,-0.0201555253338912,-0.01938836000976396,-0.03748318461929301,-0.0006137322593013916,0.04306860843850879,0.03089932698678144,0.016770385212829142,0.06419604561146586,-0.039113112689698304,0.10068347456149573,-0.03146561306430973
2022-05-15,286.17,-0.005206695320963073,0.009784393891742793,-0.014397036726421342,0.002096655833944805,0.4853227468794137,-0.004787364154173912,0.5363504893877851,0.0283118426110327,0.47277838721365284,0.06071391131145809,0.4087264090432079,0.09711360380193623,0.4306789602363428
2022-05-16,291.07,0.012402514858968594,0.012402514858968594,-0.0098601710928643,-0.01683443845123156,-1.5018388138998695e-05,-0.022448208334764463,0.41290855491192024,0.004668979970451348,0.4145031948491935,0.0381454632906173,0.38112682966206735,0.07240640853861091,0.42038908889071047
2022-05-17,274.16,0.04635978990370582,0.047727604318645866,-0.0063648964108550254,0.06167931135103566,-0.39509685204819567,0.040385176539247336,-0.22380070050378287,0.061620951269329094,-0.16418391460712778,0.09679749051648656,-0.16758307647059045,0.13205913821612714,-0.14987987416217574
2022-05-18,273.61,-0.01264573663243318,0.016044735207046523,-0.014290413362084808,0.0020101604473521384,-0.014102835382704071,0.037520558459120945,-0.21659708546377954,0.04887979240524554,-0.14829327329458886,0.08995468001900497,-0.17245213190162867,0.1259700547007303,-0.16704962140535984
2022-05-19,276.65,-0.0038677028736671115,0.006325682270016175,-0.030652448942707244,-0.010988613771913847,-0.10914610306711914,0.020625338875836396,-0.2758382581358979,0.028284836435927385,-0.22637052246348277,0.06917585396710613,-0.24998628613147234,0.105566600397615,-0.253745398789323
2022-05-22,283.39,-0.007445569709587541,0.0019055012526907333,-0.025512544549913363,-0.023783478598398022,0.41290443801435495,-0.010790783019866024,0.0827644583067153,-0.002907653763367435,0.11800331629777161,0.03772186739122718,0.08555860358498357,0.07161273627627485,0.06526497501033401
2022-05-23,279.31,0.0018259281801582539,0.006158032293867022,-0.022412373348609016,0.014607425441265809,0.019255877330021542,0.001668397121478371,0.15444689205189355,0.010189395295547188,0.11773380170357939,0.04689592209373061,0.10835671753338638,0.08063919420476684,0.08512168003009268
2022-05-24,279.64,-0.004684594478615356,0.0060792447432411745,-0.015734515806036242,-0.0011800886854527182,0.15228522170884773,-0.007924474324130681,0.38438573891455774,0.006036332427403979,0.25782928073925926,0.04140680875411218,0.27678910419971037,0.07364707004243609,0.2438086200951659
2022-05-25,291.55,-0.03124678442805695,0.004561824729891972,-0.03580860915794892,-0.040850625964671705,-0.33912372938208224,-0.044692162579317185,-0.14555608219457772,-0.035506774138229336,-0.1900962169493502,-0.00515863488252466,-0.15635741005410608,0.024404047333219214,-0.17826807060527838
2022-05-26,304.15,-0.035212888377445295,6.575702778244263e-05,-0.035212888377445295,-0.0414269275028768,-0.00591141217874136,-0.07247082031892127,-0.14602891554038133,-0.07206312674667348,-0.178278369160623,-0.05003616636528052,-0.1517858916229019,-0.021764480245492712,-0.17500534600426954
2022-05-30,298.46,0.013201098974736869,0.016283589090665407,-0.005896937613080411,0.019064531260470474,-0.33415369437585307,-0.03635998123701645,-0.4433967291099943,-0.048549219325875304,-0.443556441290208,-0.03129062520940851,-0.43779016310045316,-0.004825883982219503,-0.45233580873537305
2022-05-31,298.65,0.018349238238741128,0.026988113175958395,-0.004252469445839568,-0.0006361962163067281,1.321968659028951,-0.026880964339527358,0.5182209670143705,-0.045039343713379254,0.4346947855639891,-0.032934873597857295,0.3506765514284995,-0.007148836430604155,0.30274524417248294
2022-06-01,306.62,-0.021720696627747782,0.00045659122040309086,-0.028504337616593878,-0.025993085904376878,0.3534586453620039,-0.039560367882068626,1.0087224938226287,-0.06738960276564065,0.9559465067704596,-0.05907801187137218,0.8153008823516028,-0.03533907333724695,0.7638785953767426
2022-06-02,304.95,-0.008689949171995281,0.006132152811936464,-0.009936055090998486,0.00547630759140838,-0.23096951050582526,-0.0166060009837673,0.48713153788950314,-0.051637973438271034,0.4270012977355244,-0.05527627479914776,0.37905988539099744,-0.031919986883095386,0.33790775870868006
2022-06-05,304.73,0.017293997965411867,0.024907294982443373,-0.003133921832441988,0.0007219505792011027,0.22374727435592723,-0.007101368424506482,0.6730920134613807,-0.0406687887638264,0.6774062217844539,-0.053568732976733924,0.6691558086999345,-0.033120029753114566,0.6326052101586079
2022-06-06,306.53,-0.0199001729031415,0.0011581248164944657,-0.019965419371676285,-0.0058721821681400055,-0.3937759535390275,-0.012553420546112415,-0.10325329788702442,-0.037141552213489026,-0.05264386974000701,-0.05765993540599623,-0.01139530466215033,-0.03945780184647463,-0.017570168215639725
2022-06-07,302.64,0.00779804388051808,0.015761300555115154,-0.0029999339148822912,0.01285355537932853,0.6176964477330491,0.005471847739889624,0.19411131029085782,-0.01711934972244511,0.5452895312105173,-0.04240186360031739,0.5897057125077958,-0.028244779275706566,0.5953716024434479
2022-06-08,295.43,0.017669160207155477,0.024337406492231706,-0.002301729682158249,0.024405104424059854,-0.42807507771388076,0.03271164065937837,-0.34555564674162165,0.014764918931723825,-0.14263308439537303,-0.016484446400162667,-0.11494684630766483,-0.0045808933870400415,-0.0965460141569704
2022-06-09,286.01,0.017062340477605575,0.018216146288591473,-0.00010489143736225337,0.03293591133177176,0.15118667469780678,0.058900038460194315,-0.13790413970865756,0.05370791231075556,0.018572580046795073,0.01844166287892035,0.021149741899002095,0.027310233907905657,0.05043960046460172
2022-06-12,276.5,0.0005786618444847402,0.017396021699819242,-0.005931283905967422,0.03439421338155513,-0.10121098451931332,0.08162025316455757,-0.18743460658743105,0.08794575045207664,-0.10824712931720781,0.05433815551537058,-0.08457763414813979,0.059288728149488046,-0.056503456859056334
2022-06-13,275.12,-0.0017083454492585748,0.007742076184937385,-0.009123291654550725,0.0050159930212270165,0.17618796136787052,0.06652369874963693,0.05445251662288464,0.08335271881360562,0.03206896450926444,0.057760250072695474,0.0776992943556245,0.061711253271300004,0.10066991719088181
2022-06-14,281.19,-0.014972082933247921,0.01657242433941475,-0.01810163946086263,-0.021586827412070075,-0.1906265945222959,0.0211600697037595,-0.1669411118024815,0.05166613321952829,-0.247127079927414,0.03296169849567887,-0.11877650308001564,0.03529760422964334,-0.11540792562852276
2022-06-15,270.9,0.016426725729051572,0.01661129568106312,-0.00668143226282758,0.037984496124030986,-0.07504125069480616,0.04411221853082403,-0.14867581987123668,0.08516795865632787,-0.27621574660475057,0.07037467700258371,-0.16779916419016605,0.07171527008736378,-0.1767514220730243
2022-06-16,275.38,-0.010058827801583181,0.011656619943350988,-0.016159488706514624,-0.01626842907981707,-0.38333059310221973,0.009310770571574256,-0.46404628598971187,0.05454281356670476,-0.5216531713095778,0.052369453119325726,-0.4856830833875194,0.04895901421066684,-0.4860179838631501
2022-06-20,282.73,-0.016199200650797718,0.005598627665970968,-0.017896933470095133,-0.025996533795494048,0.7434525882216387,-0.024447352597884664,0.11292440341185372,0.016669614119475096,-0.05891156974756173,0.025324514554521782,-0.06867798513666545,0.01894033176528853,-0.07495527092071319
2022-06-21,286.4,-0.025523743016759748,0.013826815642458135,-0.025523743016759748,-0.012814245810055747,-0.13277909666019527,-0.03259776536312797,-0.02560343546482191,-0.004039804469276431,-0.14479087920544675,0.013247206703910663,-0.2001210628639325,0.004369180633147174,-0.19695233308429294
2022-06-22,285.83,-0.03439107161599542,0.0015743623832347176,-0.037889654689850505,0.0019941923520974125,-0.15551351883797926,-0.02277577581079604,-0.12613050419267924,-0.009096315992025872,-0.259708926203735,0.015794353286918694,-0.31285727660080387,0.006244970786831505,-0.3184248139291316
2022-06-23,299.37,-0.04663125897718534,0.0008016835354243135,-0.04810101212546336,-0.04522831279019279,-0.2508378250047816,-0.06387413568493783,-0.30461981128848314,-0.059528342853327865,-0.4012219971097539,-0.029059357985102396,-0.4702287111124306,-0.03946175858191092,-0.48331155716225194
2022-06-26,292.62,0.02159797689836651,0.028637823798783435,-0.003349053379810063,0.023067459503793408,1.2054926080208324,-0.02282140660241916,0.7145608964610457,-0.03648759483289166,0.42262253574992403,-0.0032909575558749404,0.23567687487514766,-0.015205157997858265,0.17513063346693625
2022-06-27,283.8,0.03273431994362208,0.04485553206483428,-0.0010923185341790154,0.03107822410147998,-0.02779261662178112,0.01969696969696977,0.4511433598402754,-0.004214235377028808,0.3802055510500828,0.02787350246652509,0.1866812533272071,0.016740662438337273,0.13974717377685653
2022-06-28,279.81,-0.004967656624137784,0.004788963939816204,-0.016296772810121207,0.014259676208856042,-0.09894491292403729,0.03500232300489636,0.2757670819316702,0.012594260390976997,0.233395045999768,0.03889424966941801,0.05697524246884478,0.030885243558128828,0.024123001906940944
2022-06-29,277.65,-0.0011525301638753982,0.01084098685395296,-0.008391860255717587,0.007779578606158966,-0.06106648869738973,0.038307221321808305,0.15611199575371537,0.022160994057264016,0.17186001311352572,0.04361786421753977,-0.04148481406893956,0.03814154511075096,-0.027908132467424407
2022-06-30,280.65,-0.010938891858186306,0.006128629966150045,-0.015570995902369544,-0.010689470871191875,0.06752705231809153,0.021378941742384194,0.15752765227709453,0.009973276322819524,0.2520844408965388,0.02872082665241371,0.039441346507988806,0.02545044242532213,0.05112510367347123
2022-07-04,275.17,0.004033869971290294,0.004506305193153315,-0.019951302830977236,0.019914961660064456,-0.2459373724660907,0.028113529817931138,-0.2683957188506232,0.03363011956244977,-0.06658225931258688,0.04448886143111497,-0.19920508379419655,0.04665842933459308,-0.20991648175067978
2022-07-05,275.94,0.007320431977966058,0.011850402261361026,-0.003533376821048151,-0.0027904616945712,0.40812711546858504,0.012596941364065195,0.12534970069893703,0.03066971080669445,0.25849127136261063,0.03617815467130492,0.16010268829025232,0.0439262158440239,0.11996099862283005
2022-07-06,279.4,-0.007659269863994234,0.0012884753042234909,-0.01785969935576215,-0.012383679312813145,0.042092951637708875,-0.005569076592698008,0.18126611246546998,0.015476020042946681,0.2981076727606671,0.018194345025053238,0.22874436178962232,0.030913863039847556,0.15561695759770755
2022-07-07,279.07,-0.0050883290930591185,0.002651664456946312,-0.013939155050704088,0.0011824990145841152,0.09132914939711267,-0.004686996094169338,0.2653380304507642,0.014168488192924045,0.377847476506866,0.014537571218690148,0.33739307466987856,0.03165633473083229,0.2618334555912101
2022-07-10,274.87,0.00691235856950545,0.011532724560701535,-0.0056390293593335805,0.015279950522064878,0.07156269762241196,0.011554553061447814,0.2939288777661746,0.02720558809618856,0.39587586792124263,0.025752173754865382,0.4481680857292425,0.0473908878136331,0.3503175526530353
2022-07-11,273.67,0.003398253370848092,0.020548470785983097,-0.004497387364343908,0.004384843059158872,-0.18661343085922766,0.011765995542076801,0.004639759342577321,0.022757335477031848,0.012901176099139766,0.026493587167025323,0.16382039273467153,0.05140254077295059,0.09894756229115687
2022-07-12,272.17,-0.014586471690487657,0.010765330491971925,-0.017796230297240867,0.005511261344012919,0.04357257099448342,0.016239850093692,-0.034191666228111206,0.021431458279749238,0.06494969579513121,0.029883896094352158,0.21706016140362117,0.0550072871122218,0.13977895285186803
2022-07-13,268.67,-0.0005955261100979437,0.004950310790188706,-0.02568206349797164,0.013027133658391366,0.1637637435060353,0.026672125656009626,0.11595996176183165,0.03040905199687094,0.2402802889697795,0.04249450999367177,0.41027184781422,0.06478331534348247,0.31624607344249145
2022-07-14,271.52,0.0021361225692400065,0.004898350029463927,-0.017162639952857828,-0.010496464348850765,0.07844415446573594,0.007992044784915331,0.1700252250844856,0.015490571596933345,0.307243883835959,0.030364245727754202,0.5158771862314229,0.04994966607739215,0.37611596493606037
2022-07-17,268.65,0.016192071468453362,0.024753396612693157,-0.0024567280848686313,0.010683044853899037,-0.150217725947408,0.013139772938768557,-0.029792777218671906,0.024057323655311214,0.07079685451650786,0.03957193374278756,0.26876735682359265,0.05780011166945909,0.16869221916476396
2022-07-18,280.04,-0.027317526067704767,0.0016426224825023539,-0.029638623053849456,-0.04067276103413808,0.054985330448510394,-0.03250964147978819,0.043537004445662,-0.021879017283247704,0.11158863673576991,-0.0031120554206547357,0.3206930526363485,0.010256868066467195,0.24548901422742242
2022-07-19,281.66,-0.005893630618476253,0.0071007597812966505,-0.007846339558332915,-0.005751615422850298,-0.10024480008302072,-0.033551089966626035,-0.09241823936667004,-0.025775758006109206,-0.05732954798155754,-0.008018532983029902,0.1302975775725319,0.0014982603138540274,0.12414990190700692
2022-07-20,288.01,-0.02371445435922359,0.0007638623658901,-0.025172737057741035,-0.022047845560917878,0.3954869796330287,-0.04826915732092596,0.263065008414314,-0.045269261483978696,0.30889402360662777,-0.030075344606090626,0.5646545799663687,-0.023252664838025905,0.5850598462558618
2022-07-21,288.01,-0.001770771848199737,0.010676712614145378,-0.007673344675532046,0.0,0.029551954876658293,-0.03483906808791315,0.25633588507765404,-0.04227978195201798,0.3061492800380199,-0.029795840422207953,0.5645047727891448,-0.025396108931402317,0.6149431132523193
2022-07-24,289.29,-0.003629575858135503,0.00093331950637765,-0.013273877424038294,-0.004424625808012839,0.10900560345050314,-0.02770921912267932,0.3580354631760072,-0.04342701095786505,0.4127085607820471,-0.03371184624425361,0.6619741920910962,-0.031394102803414814,0.7927952367348958
2022-07-25,285.18,0.009572901325478611,0.012378147135142514,-0.005329967038361638,0.01441195034714915,-0.2081254325583135,0.0007784557121823799,-0.005764131797010852,-0.024584472964446213,0.08945159789379176,-0.021553054211375655,0.2198207571874824,-0.018152278093367613,0.39739329059189576
2022-07-26,297.53,-0.029207138775921737,0.006654791113501313,-0.032198433771384316,-0.04150841931906013,-0.06082106349572336,-0.037307162302960384,-0.09163795469767333,-0.061203912210536005,-0.00808398388177034,-0.06341713440661456,0.1347398629730887,-0.05900021286368817,0.30400038795012274
2022-07-27,303.68,-0.022062697576396118,0.0027002107481559623,-0.029354254478398345,-0.020251580611169717,-0.01301074150172954,-0.0463514225500522,-0.13997188916920245,-0.07186512118019228,-0.040694491404197786,-0.0801238145416231,0.11059691084293477,-0.07574859501229303,0.27632946673949044
2022-07-28,306.26,-0.005648795141383167,0.004897799255534574,-0.01090576634232343,-0.008424214719519263,-0.01204463259052746,-0.04415202768889126,-0.11834188769905762,-0.068252465225628,-0.05397017856033992,-0.08397603343564308,0.08222538773010601,-0.08042621737521449,0.2572621461643825
2022-07-31,304.74,-0.007252083743519155,0.006694231147863716,-0.012141497670145052,0.004987858502329745,0.31016803769924617,-0.027406969875959364,0.20641473519281295,-0.052205158495769455,0.24836019640751816,-0.07471286998753068,0.3935534934153264,-0.07309728511736746,0.6316084436623555
2022-08-01,302.48,-0.00033060037027243805,0.01355461518116896,-0.010149431367363126,0.007471568368156545,-0.19541438266108235,-0.009924623115577402,-0.021310576229638722,-0.03319227717535289,-0.030748612103339235,-0.06381744247553589,0.09374171183890811,-0.06244269593581919,0.2880154460286235
2022-08-02,308.17,-0.019761819774799738,0.004023753123276075,-0.021254502385047225,-0.018463834896323417,0.30324335216500486,-0.016977642210467825,0.2844946851149388,-0.04376156017782651,0.250667394242833,-0.07667196677158739,0.37353243131538805,-0.07682231668667683,0.6130472939216502
2022-08-03,310.61,-0.004571649335179173,0.0006358455941533059,-0.01033450307459527,-0.007855510125237442,-0.16299634855875178,-0.01784874923537516,0.018277765603571083,-0.04273848234120203,-0.002352631229055935,-0.0787370013843729,0.12193139205349879,-0.0813442366096816,0.32570141896533467
2022-08-04,309.35,-0.014481978341684187,0.0007758202683043613,-0.016292225634394808,0.004073056408598674,0.07978890277297745,-0.009368029739776684,0.07014848589583389,-0.03153386132212943,0.08241930981309653,-0.06994019718765176,0.19335146757769905,-0.07499380421313462,0.4023198317957444
2022-08-07,310.33,0.0005478039506332522,0.00799149292688428,-0.005832500886153502,-0.003157928656591258,-0.06243145153249452,-0.01050494634743604,-0.04197073105071092,-0.027715657525861803,0.014976219913454436,-0.06799858215448085,0.10379674382315995,-0.07538856486106116,0.2736913058940049
2022-08-08,309.79,-0.0054553084347460645,0.004164111172084262,-0.006359146518609471,0.0017431163045933395,-0.08882345125356728,-0.005171245036960093,-0.10675053686999403,-0.019229155234193218,-0.06098190143396243,-0.06065076342038167,-0.0013485061329802095,-0.07259756609315937,0.10295569029197482
2022-08-09,316.48,-0.004676440849342822,0.0040760869565217295,-0.0066670879676441475,-0.021138776541961612,0.19416645590090997,-0.02158114256825039,0.06520059588508409,-0.032185288169870874,0.1247601508291738,-0.07480093528817,0.17495058588359913,-0.09039328446241934,0.3092843389402675
2022-08-10,314.42,0.01059092933019512,0.017317600661535426,-0.0020036893327396443,0.006551746072132714,-0.060777066055964335,-0.009884867374848616,0.015110424438961934,-0.019817441638574795,0.0343169784500712,-0.06169295846320233,0.08091865185254998,-0.08096919195131713,0.2149995053752758
2022-08-11,320.44,-0.011484209212333063,0.0015603545125453255,-0.018724254150543018,-0.01878666833104481,-0.11505680617369463,-0.026107851703906504,-0.10781106727075063,-0.03488016477343858,-0.10020576352017374,-0.07218199975034345,-0.052113204314552686,-0.0946344609495271,0.059508696152862806
2022-08-14,320.33,-0.008272718758779884,0.0019667218181249613,-0.008552118128180242,0.0003433958730059139,0.5767750156845111,-0.018849311647363032,0.45474063239238105,-0.030122061623952257,0.41044783944747865,-0.06422751537477,0.49608127153843284,-0.08987086233987784,0.6472689696683176
2022-08-15,320.78,-0.00807406945570166,0.006546542801920463,-0.008292287549098942,-0.0014028306004114643,-0.29493150212871266,-0.013990897188103313,-0.03438082498190831,-0.02662260739447797,-0.024365380458448604,-0.057484880603529076,0.025905822867293038,-0.08702433651308172,0.1348121020737849
2022-08-16,318.45,-0.003234416705919174,0.005903595540901252,-0.00887109436332234,0.007316690218244659,0.059809530639510555,0.00012560841576436665,0.0014463825164479083,-0.013754121526144192,0.02229528727114327,-0.04419218087611898,0.07577435449984193,-0.07557020987072716,0.1675589633395398
2022-08-17,319.46,-0.0014399298816752948,0.004382395292055419,-0.009516058348462919,-0.003161585174982773,0.08637383406793964,-0.0018030426344449735,0.09244411100611005,-0.013654291617105851,0.12114129689878306,-0.041455894321668074,0.14515690037006856,-0.07405726329848183,0.2502635204836139
2022-08-18,315.29,0.005106409971771919,0.007802340702210531,-0.00545148910526827,0.01322591899521064,-0.17118721185448083,0.014596086142916409,-0.11656878214031396,0.00219797646610842,-0.08503350275537513,-0.023790795775318396,-0.05567854813222217,-0.05757556535253172,0.020631503172702237
2022-08-21,310.0,-0.0021612903225807223,0.00919354838709685,-0.004806451612903273,0.01706451612903237,0.014826037519249269,0.028587096774194132,-0.11582669645425014,0.021216129032255893,-0.061272945924857214,-0.0027322580645163796,-0.03651519251702251,-0.03759892473118187,0.02939143368318775
2022-08-22,306.7,0.0044995109227257135,0.014900554287577306,-0.0006521030322790278,0.01075970003260518,0.35300472697957663,0.03291816106944956,0.2821282737083721,0.032096511248774995,0.27366584736732347,0.011374307140527895,0.31564324028785484,-0.023425714596238545,0.3871138497710396
2022-08-23,306.26,0.001371383791549663,0.005616143146346397,-0.007836478808855185,0.0014366877816234247,-0.2815529743164481,0.025207340168484915,-0.12343852662546695,0.03257036504930233,-0.11696603089858815,0.016340690916214706,-0.06930799029420542,-0.01842769759898899,-0.02431721480971183
2022-08-24,309.77,-0.008554734157600774,0.0029699454433935735,-0.012557704103044132,-0.011330987506859902,-0.01588759117139349,0.005720373180102101,-0.11536450564006007,0.017571101139552958,-0.11818511609225157,0.006233657229557155,-0.0877528507929285,-0.02588156804510766,-0.04929349788200277
2022-08-25,298.13,0.0392446248280951,0.03951296414315908,-0.0004360513869787752,0.03904337034179717,0.01246084682514037,0.038486566263040256,-0.06477677548261973,0.055740784221645745,-0.09822683865659798,0.04654177707711349,-0.07999074427761288,0.01674660942094719,-0.040480239767284654
2022-08-28,295.14,-0.0004743511553838564,0.00924984752998581,-0.006573151724605264,0.010130785389984354,0.023367282196542494,0.03737887104425086,-0.0394228993952952,0.05887714305075309,-0.08152802961279049,0.05576675476045212,-0.06349631193261951,0.030052404508595698,-0.018850188989021466
2022-08-29,292.5,0.017230769230769383,0.018803418803418737,-0.009675213675213623,0.009025641025641074,0.0010372819480430895,0.03658119658119707,-0.03665885644932909,0.05982222222221956,-0.04821783763738119,0.06365470085470037,-0.05539142794532681,0.042368091168091926,-0.025580689257700295
2022-08-30,288.46,0.021458781113499192,0.025872217985162482,-0.0035706857103237066,0.01400540802884298,-0.32340411145548165,0.04125355335228531,-0.3121217836103074,0.06486167926228692,-0.3533789835860309,0.0768217430492959,-0.36314306918453165,0.05840671150246224,-0.3445278012102707
2022-08-31,288.79,-0.003428096540738945,0.0008310537068456636,-0.016136292807922836,-0.0011426988469130928,0.21454289462800524,0.027736417465979324,-0.0893893850315528,0.05326015443747778,-0.1676988204051505,0.0721787458014469,-0.19941752433495663,0.057982155430128524,-0.1990107049403409
2022-09-01,284.07,0.029922202274087484,0.03199915513781826,-0.004400323863836375,0.016615622909846195,0.06984976167011925,0.030041891083184336,0.005815820700561636,0.05996409335726849,-0.07594667719559356,0.08615306086527919,-0.1329961183403391,0.07565271470647006,-0.13468870331537697
2022-09-05,283.46,0.001693360615254491,0.009736823537712658,-0.007443731037888757,0.002151979115219138,-0.19755111401802472,0.022338248782897585,-0.17693647166750193,0.05123121428067212,-0.24928461610335784,0.08403125661468946,-0.2961005971442404,0.07750417460429548,-0.3001527545366257
2022-09-06,286.76,-0.016041288882689186,0.004463662993444029,-0.025700934579439227,-0.01150788115497281,0.23966872528733818,0.0024271167526856985,0.09316706417526177,0.0298786441623633,-0.03216818562335144,0.0668712512205325,-0.10765843744899517,0.06442669828428027,-0.11487403452796507
2022-09-07,287.96,-0.013057369079038761,0.00118071954438137,-0.019447145436866098,-0.004167245450756973,0.060688897985488044,-0.005736907903875044,0.18612140683559164,0.018662314210304398,0.06461125720894634,0.05842651757188455,-0.04964440426055916,0.06017386674075165,-0.05764630896183165
2022-09-08,290.55,-0.003958010669420142,0.005300292548614527,-0.005661676131474946,-0.008914128377215724,-0.10696525973038251,-0.014944071588366414,-0.007020767159550689,0.0032834279814120126,-0.044518603965714054,0.04408363448631869,-0.14342276861880265,0.04962542304824202,-0.15895881428550762
2022-09-11,295.26,-0.004707715234031018,0.005239788660841294,-0.00877192982456132,-0.015952042267831645,-0.00985680692983748,-0.0294655557813448,-0.018411750937485594,-0.01923050870419518,-0.03999737296664163,0.023386168123009643,-0.14112756518449965,0.03139944455733956,-0.16462200841638275
2022-09-12,281.52,0.023373117362887275,0.029909065075305552,-0.0041915316851378615,0.04880647911338443,0.13181388850076847,0.025852514919011638,0.12614357971216994,0.027617931230460746,0.10462160122956554,0.06886189258311992,-0.020909654883331075,0.08043596665719455,-0.05158185459456932
2022-09-13,278.53,0.008652568843571684,0.014534161490683317,-0.008975693821132391,0.01073492981007429,-0.25373632336521645,0.03547194198111581,-0.20675439009914454,0.03375937960004061,-0.1703868142079762,0.07336911643269994,-0.2554946569731287,0.08925549611651706,-0.28717719429882493
2022-09-14,273.86,0.01230555758416707,0.024209450083984452,-0.008142846709997875,0.017052508581026693,0.09046606112785582,0.04711896589498332,-0.08966759039306349,0.04628642372014613,-0.06183618251305423,0.08395895713138057,-0.16991380827697056,0.10491492003213376,-0.21320798367643712
2022-09-15,272.68,0.0014302479096375276,0.005244242335338045,-0.009351620947630979,0.004327416752237134,-0.427260607399365,0.041308493472202334,-0.4573584160561657,0.045459879712480555,-0.46935401690682077,0.08047344873111295,-0.5155543714853432,0.10550217593271771,-0.5420887380595882
2022-09-18,274.98,-0.016728489344679742,0.0013091861226268708,-0.017401265546585276,-0.008364244672339871,0.7729940731223279,0.019601425558223085,0.13148597764385261,0.03085678958469429,0.024775207703970903,0.06293003127500119,-0.08444235022660507,0.09165757509637107,-0.1540362238619829
2022-09-19,270.24,0.005069567791592622,0.006142687981053774,-0.009658081705151034,0.01753996447602124,-0.09410475096699156,0.022476317347543517,0.03673283420043538,0.045574304322081316,-0.060120996843287755,0.07411560094730563,-0.16029435452660823,0.10656576869942813,-0.22443119559691993
2022-09-20,265.42,0.01725567025845831,0.03586768141059449,-0.0006781704468390437,0.018159897520910295,-0.12818321486098472,0.032544646221084106,-0.052323050166911855,0.05958104136839415,-0.17929899969652396,0.08613141436214233,-0.25439755643485773,0.12162610202697643,-0.314296319964828
2022-09-21,262.32,0.006747483989020919,0.03484293992070753,-0.0014486123818236996,0.011817627325404256,-0.2083094975380667,0.03475144861238255,-0.22986806833175033,0.06396767307105522,-0.3259372629355093,0.09109865812747753,-0.38771701643319856,0.12924290942360495,-0.4476974838352158
2022-09-22,259.98,-0.003231017770597866,0.0014616508962228547,-0.014539579967689953,0.00900069236095069,0.11703135170983825,0.035187322101700946,-0.05817862416849939,0.06368182167858749,-0.19310858489902638,0.09246865143472527,-0.2875545866318636,0.1324627535451448,-0.361683652041632
2022-09-25,257.54,0.0019414459889726121,0.01871553933369574,-0.001863788149413792,0.009474256426186267,0.31930132461322547,0.035132406616448675,0.1796642122921861,0.06188941523646485,0.11113145784056466,0.093152519996893,-0.03076406342959337,0.1361458414226917,-0.13616594987356467
2022-09-26,256.34,0.012210345634704023,0.026761332605133914,-0.0080752126082545,0.0046812826714521805,-0.05853972608996494,0.026371225715847046,0.12539883947019326,0.052145587891078815,0.059096112108958376,0.09035265662791558,-0.07451836570671677,0.13328522015032163,-0.17904936398431204
2022-09-27,261.93,-0.01882182262436527,0.006795708777154186,-0.02250983087084346,-0.02134157981140017,-0.022226183224199003,-0.006146680410796135,0.10867364107707034,0.020077883403959662,0.06324041736773145,0.059676249379604585,-0.07876938415342405,0.10095572608457748,-0.17939813227874912
2022-09-28,258.27,0.002516746040964968,0.01099624424052359,-0.009989545824137469,0.014171216169125422,-0.0025375523756046015,0.005234831765207781,0.09109742692814304,0.028106245402095276,0.06660117640209151,0.0687749254655976,-0.06368740668321127,0.10896219718382616,-0.16902023933122812
2022-09-29,257.3,0.005479984453944597,0.02623396813058676,-0.0013602798289934492,0.003769918383210058,-0.12488685616584738,0.00587640886125218,-0.10697574695447754,0.025923047026813473,-0.054277375507587045,0.06693742712786577,-0.1788404017952554,0.10534654748024375,-0.2607939018308755
2022-10-02,264.89,-0.01744120200838084,0.008343085809203954,-0.0234814451281663,-0.028653403299482738,0.5440752127979185,-0.02496885499641288,0.36033809010139217,-0.009279323492773717,0.41197851243945816,0.030422061987994464,0.29177154102072245,0.0658524922294792,0.16846125672520285
2022-10-03,274.31,-0.01425394626517451,0.002296671648864379,-0.016003791330975847,-0.03434070941635381,-0.39754977944897707,-0.0530932157048587,-0.20946694629319362,-0.04697969450621875,-0.15798276371569075,-0.008459407239984285,-0.22169982221682172,0.023125903782825086,-0.2937128882784297
2022-10-04,274.34,-0.010898884595756941,0.009459065393307764,-0.017350732667492874,-0.00010935335714801209,0.7057745993591917,-0.04009623095428949,0.4187688993670593,-0.04560034993074591,0.4771802809029917,-0.010235474229059016,0.34901496756620376,0.018677553400889613,0.23181698892467018
2022-10-05,269.47,0.015289271533009074,0.023156566593683703,-0.001001966823765299,0.018072512710134436,-0.21133791214669317,-0.013537685085537765,0.05819106917431571,-0.025041748617659954,0.12654333825448782,0.005347534048316671,0.0627113849840597,0.03308469712151019,-0.01959934669890384
2022-10-06,259.71,0.026067536868045194,0.027511455084517467,-0.005486889222594216,0.03758037811405046,0.19762366373365836,0.032158946517270026,0.2445282202743999,0.014350621847442069,0.2914639877534222,0.03956913480420443,0.2867243582154724,0.0671864772245967,0.18510761623768301
2022-10-09,257.85,0.014116734535582598,0.014116734535582598,-0.0074461896451425424,0.007213496218731574,0.277969933725301,0.041473725033935205,0.46299796899059276,0.021562924180722032,0.5752059663603015,0.04108784176846969,0.6426300098177462,0.06841316010600451,0.5195179501890739
2022-10-10,252.98,0.01272827891532935,0.017115977547632166,-0.006779192030990644,0.01925053363902296,-0.3213562323402618,0.055956992647640647,-0.039779786925270955,0.041351094948214095,0.03242342390794639,0.053735473159933544,0.10368704888077751,0.08367328115529538,0.02862121030962017
2022-10-11,250.07,0.009237413524213256,0.015435678010157217,-0.0005598432438916889,0.01163674171232043,0.32387735095191417,0.05118566801295721,0.16601354110642585,0.052125404886628424,0.352320088406737,0.06029111848682356,0.4746971316062323,0.09066394742805328,0.3732825787024341
2022-10-12,257.46,-0.053561718325176755,0.006622387943758357,-0.05635826924570808,-0.02870348792045363,-0.5052758565879941,0.0021595587664111626,-0.4315038185405763,0.01731919521478753,-0.35581380590041234,0.024329993008622486,-0.28059440793553103,0.053864678008234135,-0.32023185084567607
2022-10-13,252.72,0.03327793605571383,0.03588952200063322,-0.0026115859449192813,0.01875593542260212,0.9935164384285082,0.011451408673631702,0.2607761354792768,0.0360794555238968,0.33502910696657895,0.04029756251978456,0.4700229002273193,0.06954204917167828,0.3740875164744095
2022-10-16,262.22,-0.016436579971016663,0.0024597666081915825,-0.01754252154679281,-0.03622912058576777,-0.3202300869315483,-0.030523987491418825,-0.16096025512965562,-0.003203416978113327,-0.1398763564808898,-0.001197467775150951,-0.04245653028086682,0.02620827295146544,-0.06985854884751408
2022-10-17,264.05,0.018822192766521306,0.021586820677901963,-0.007915167581897475,-0.006930505586063229,0.19871921885780464,-0.033932967241052325,0.10111200592817626,-0.011122893391406152,0.061356056117167546,-0.010535883355425213,0.15656591856702318,0.016337814807801276,0.12515302396412586
2022-10-18,264.06,-0.007119594031659404,0.0023479512232069677,-0.016208437476331272,-3.787018101941708e-05,-0.12350670764006955,-0.025585094296750155,-0.04608828071699589,-0.015045822919036667,-0.1123821303129956,-0.011745436643187057,0.00801275541713542,0.013849125198818202,-0.017125337772210814
2022-10-19,261.78,0.009550003820001596,0.030101612040644987,-0.0043930017572005875,0.008709603483841422,0.22457119334963305,-0.006409962563984406,0.24053280492057327,-0.010394224157692755,0.11586425991167304,-0.0033978913591563575,0.22603524962477994,0.01978888124888578,0.21228436159120045
2022-10-20,269.57,-0.0298252772934674,0.0011870757131728915,-0.0329784471565826,-0.028897874392551204,-0.38559457874909564,-0.031917498237933994,-0.32917689544195783,-0.041844418889345314,-0.32584175336177434,-0.032297733427310016,-0.2699932483846019,-0.012918104141163234,-0.25329978835582834
2022-10-23,275.31,-0.009225963459373099,0.005920598597944027,-0.018851476517380394,-0.020849224510551823,0.4562774785723336,-0.03986052086738545,0.11165039240343644,-0.058239802404565166,0.03877480025595581,-0.05073190221931634,0.0655112098723718,-0.0360381630404516,0.10559122859523007
2022-10-24,280.61,-0.01824596414953139,0.001924379031395862,-0.01824596414953139,-0.01888742382666342,0.2941430576419892,-0.048665407505078084,0.39950078402885025,-0.06980506753145244,0.38400163858503356,-0.06549481486760977,0.3745784228677824,-0.05661475594835097,0.4342577703488988
2022-10-25,279.87,-0.006681673634187368,0.013434809018472826,-0.006699539071711835,0.002644084753635756,-0.04014541097385749,-0.03431593239718411,0.29669965153492184,-0.057473112516528535,0.29750591070561216,-0.05868796226819584,0.29698631582094626,-0.05422874906206476,0.37502821136115383
2022-10-26,278.84,0.008391909338689052,0.014201692727012105,-0.0013986515564481383,0.0036938746234400632,-0.08046920875878483,-0.01940898006024927,0.1259577456898071,-0.04330440395926283,0.19689447212199052,-0.051993975039449136,0.17238719526745094,-0.05057500119542879,0.2535740864853575
2022-10-27,287.78,-0.030300924317186673,0.0015289457224270109,-0.030300924317186673,-0.031065397178400178,-0.1641383855596169,-0.03801515046215842,-0.06253383109816113,-0.06559524636875669,-0.06491846282589941,-0.07787024810619214,-0.03373514401793354,-0.07949243635184278,0.04389843516266234
2022-10-30,283.9,-0.0014793941528705723,0.014195139133497792,-0.0022190912293060805,0.013666784078901095,-0.02463872924041155,-0.012039450510742844,-0.16178349551926985,-0.04047551954913975,-0.06329429875199288,-0.05989961253962661,-0.07061197173270417,-0.06513913349771061,-0.003427148840310701
2022-10-31,281.47,0.01986002060610348,0.02387465804526223,-0.003233026610296008,0.008633246882438383,0.5382348521367137,0.002593526841226712,0.3105327423876054,-0.024489288378870988,0.429794879901535,-0.048406579742068856,0.4449253413843508,-0.05601188995866979,0.537285873790629
2022-11-01,272.45,0.02686731510368867,0.03949348504312722,-0.001302991374564022,0.033106992108643984,-0.11002131159215134,0.03641769131950845,0.14732487701399188,0.014200770783626915,0.23905480975597326,-0.015588181317673255,0.23944705652811527,-0.023385330641708113,0.3516908489455268
2022-11-02,256.88,0.03799439426969786,0.04488477109934608,-0.00334786670819065,0.06061195889131099,-0.4645313798191987,0.0934599813142325,-0.388458600463784,0.0789395826845185,-0.3577733101028012,0.043711071317346306,-0.3381093054401607,0.03672142634693221,-0.28669401007758666
2022-11-03,261.16,-0.004709756471128923,0.011487210905192224,-0.01926022361770574,-0.016388420891407685,0.29215805665940264,0.05872262214734292,-0.10580806947827193,0.0593812222392367,-0.11984905781310096,0.024195895236636122,-0.1269306018459172,0.019036861183437725,-0.08146443564927563
2022-11-06,269.07,-0.02348831159177911,0.00014866019994808077,-0.02861708848998401,-0.029397554539710713,0.15038053083071623,0.0078120935072663045,0.04617347044578457,0.0251124242762073,-0.02022520789218407,-0.005643512840525,0.016921536685568395,-0.010774147991229222,0.04739047785824391
2022-11-07,269.03,0.00765713860907713,0.02181912797829244,-0.010835222837601632,0.00014868230308895392,-0.1121206045777039,-0.0030628554436304967,-0.08704666901252844,0.02294539642418747,-0.13138534054549467,-0.0034104003271016037,-0.0839383270186006,-0.009198478484432004,-0.0724961334195301
2022-11-08,266.44,-0.00045038282540166286,0.01032127308211983,-0.00401591352649755,0.009720762648250947,0.3343480993065706,-0.002709803332832661,0.31721617081262976,0.028543011559822196,0.19957502125166715,0.00928914577390727,0.22764643995673772,0.002020467397287451,0.23666833913784568
2022-11-09,287.02,-0.030799247439202704,0.0010103825517386866,-0.03362135042854153,-0.07170232039579116,-0.4132039765579022,-0.07840568601491149,-0.22037398046320977,-0.049885025433770824,-0.294204286355483,-0.06022751027802975,-0.27750425851534877,-0.0693029521752262,-0.28202795995249563
2022-11-10,290.09,-0.00992795339377428,0.005670998655589621,-0.032627805163914614,-0.010582922541280237,0.19113769283430648,-0.06737908924816416,-0.07931428719709199,-0.05712020407460061,-0.11375039400667197,-0.06507807921679509,-0.14539334649614533,-0.07584887448722843,-0.1376447394162621
2022-11-13,288.91,-0.009553148039181947,0.013550932816447814,-0.013596967913883318,0.0040843169153022,0.051164839255471994,-0.04354297185974865,-0.022243981256031997,-0.052469627219552506,-0.055801933603480514,-0.05479214980443792,-0.08366912532160542,-0.06829116333806418,-0.09758538905393122
2022-11-14,292.65,0.0011959678797199835,0.012984794122672172,-0.008952673842474002,-0.012779771057577105,0.27145621441984913,-0.04220741500085401,0.2761177815836475,-0.06286690586024557,0.20705472598247376,-0.06231163505894455,0.16400594375314292,-0.07746227006093775,0.15756452326380432
2022-11-15,291.51,0.004253713423210126,0.005368597989777291,-0.004819731741621092,0.003910672018112571,0.2194276125896124,-0.022256526362731788,0.4960167224641876,-0.05536688278275492,0.49825567184962716,-0.05373915131556439,0.41463420853450206,-0.07175740111831541,0.38704129265328135
2022-11-16,287.14,-0.004631886884446601,0.008880685379954123,-0.013199136309813952,0.015219056906038864,0.03290607597099715,0.010085672494253739,0.5165008964631621,-0.03435258062269586,0.5398915507624273,-0.03455805530403344,0.4353366763604174,-0.05563720368693592,0.42764939500246135
2022-11-17,286.5,0.014345549738219887,0.015374869109947564,-0.012076788830715501,0.0022338568935427183,0.17669562535574745,0.012425828970331843,0.5479042934601439,-0.02163350785340623,0.6858257383860991,-0.027975567190227424,0.6733259179133415,-0.05147178592204815,0.660250829163892
2022-11-20,287.02,-0.005295798202215818,0.0063061807539543935,-0.006724270085708306,-0.0018117204376001395,0.011320913378844333,0.008090028569437857,0.36703564684927104,-0.01457738136715514,0.615208812714527,-0.026787331893248223,0.6202678673811837,-0.05007897242933168,0.6630354990533416
2022-11-21,292.89,-0.013793574379459717,0.0029362559322612114,-0.019563658711461485,-0.020041653863225095,-0.06059243768689626,-0.013404349755880784,0.11402543943054289,-0.02819829970296328,0.4554438686548643,-0.04429307931305326,0.4899969766259433,-0.06579717072393554,0.5570324685956893
2022-11-22,294.53,-0.004923097816860733,0.006315146165076557,-0.007231860930974721,-0.0055681933928631855,0.13293255129578863,-0.018734933623060335,0.1696526799756244,-0.025508437171089304,0.5633661948568747,-0.04752996299188583,0.6754965230571712,-0.06648219196686289,0.7407616323203132
2022-11-24,296.4,-0.007085020242914908,0.0037786774628880693,-0.007085020242914908,-0.006309041835357632,0.8130306642042471,-0.022887989203778658,1.0088632354069187,-0.022179487179490476,1.7455530413438676,-0.05106612685560097,1.9976384520978754,-0.06737179487179523,2.1329286665368583
2022-11-27,290.6,0.00915347556779067,0.015037852718513545,-0.0028217481073642414,0.019958706125257963,-0.4590007469499544,0.0029869236063317928,-0.053458952865542586,0.00056434962146934,0.29034758709627995,-0.029105299380592586,0.571850400926984,-0.044291121816930845,0.621569509971037
2022-11-28,287.98,0.004618376276130265,0.00916730328495019,-0.004739912493923248,0.009097854017640072,0.1877169336692428,0.01495937217862342,0.11098681953203937,0.009844433641221562,0.4029602500744045,-0.01978262379331963,0.8170001592347633,-0.031211658217006222,0.911115313139585
2022-11-29,300.93,-0.04755258698036091,0.0001329212773735211,-0.04884856943475224,-0.04303326354966264,-0.6187261962711963,-0.02807961984514662,-0.5947003445047108,-0.033921509985714304,-0.5170515918661762,-0.061286677964975556,-0.3308873065210156,-0.07004840549851066,-0.2891677908633915
2022-11-30,302.83,-0.001254829442261296,0.00759502030842385,-0.009347158471749828,-0.006274147211306591,0.5658731937201218,-0.02886768153749597,-0.20977247211357375,-0.03724862133870821,-0.1981290403628857,-0.06396327972790039,0.08254605674163407,-0.07182357538332884,0.12538119371408563
2022-12-01,300.13,-0.0035984406757071374,0.006730416819378249,-0.012211375070802721,0.008996101689267899,0.012960302838885163,-0.014600339852730349,-0.13784523071173327,-0.02481591310432485,-0.1786069594705364,-0.05048145803485182,0.09772085536852315,-0.05916769399926736,0.12763376167487706
2022-12-04,292.74,0.010350481656076882,0.015235362437657995,-0.007378561180569898,0.02524424403907899,-0.03096100254569112,0.012823666051786642,-0.04604306956018922,0.004239256678277625,-0.1936017779288639,-0.019124479059916988,0.02259993767695012,-0.031050306301382946,0.08854364955708238
2022-12-05,285.41,0.020531866437756063,0.02477138152132019,-0.01098419817105234,0.02568235170456523,-0.0624688517606794,0.040334956728916405,-0.04864306942887209,0.03221681090360873,-0.21911638726771931,0.01159910304474221,-0.05940391708800874,-0.003459350875349654,-0.0038688825552327666
2022-12-06,286.69,-0.005546060204401848,0.001290592626181697,-0.015696396804911195,-0.004464752868952426,0.03152283743139539,0.03389724092225088,0.07430089961650665,0.027046635738948055,-0.16161757999023407,0.00993233108932956,-0.03646148871034194,-0.006734335577337269,0.02248804907253077
2022-12-07,292.15,-0.014205031661817524,0.006537737463631732,-0.0181755947287352,-0.018689029608077945,-0.09013813830252593,0.0048262878658227315,-0.11105785796921108,0.005729933253462605,-0.21426070372674777,-0.00591990415882282,-0.13754695152915974,-0.02460379941810764,-0.0670687208281423
2022-12-08,288.41,0.003397940432023683,0.011650081481224595,-0.001837661662217105,0.012967650220172544,0.11972690828989307,0.010450400471551102,0.0258913926856299,0.017946673138930613,-0.07547964810026131,0.011428175167296217,-0.02842206077521925,-0.01053592686337812,0.04961509027806277
2022-12-11,292.34,-0.021208182253540375,0.002086611479783951,-0.026886502018197866,-0.013443251009098822,-0.2480765970334986,-0.011151399055893574,-0.2218045750160078,0.0015290415269857416,-0.25753649692107383,-0.0019309707874395343,-0.29607603573233343,-0.02274634557934896,-0.2121488369872777
2022-12-12,295.35,0.025766040291179904,0.029050279329608797,-0.008193668528864162,-0.0101912984594551,-0.30900885069492423,-0.02149991535466389,-0.4264587040553506,-0.008088708312175452,-0.45349702825250104,-0.011721686135094278,-0.5163024420593121,-0.03219118559900769,-0.4544287975820346
2022-12-13,291.45,0.008920912677989445,0.02003774232286859,-0.012334877337450534,0.013381369016984168,0.3779202755851523,-0.0015851775604734941,-0.08459754208260817,0.00771315834619668,-0.15050845491924358,0.002607651398181199,-0.313445982003274,-0.017931034482759234,-0.23319796215771593
2022-12-14,281.12,0.02244593056346056,0.025860842344906043,-0.006545247581104308,0.03674587364826398,-0.1108292264181312,0.03848890153671025,-0.1379265751149159,0.04137023335230139,-0.2521444681890298,0.03923591348890154,-0.3792321665350922,0.019339309428950235,-0.30639438509846495
2022-12-15,264.48,0.038528433151845176,0.039776164549304216,-0.004669540229885083,0.06291591046581968,-0.5606123831674841,0.09548548094373865,-0.5959771559500735,0.09868042952207712,-0.6545141307299558,0.1026561554748937,-0.7175795566326764,0.08456468037910803,-0.6894053534032122
2022-12-18,255.4,0.030383711824588877,0.034690681284260005,-0.004855129209083819,0.03555207517619419,0.5750957755559611,0.11569303054032876,-0.13671919925872644,0.12378230227094345,-0.34038040659613833,0.13742169146436933,-0.49517255995661913,0.12411511354737614,-0.4842051326069605
2022-12-19,261.9,-0.03115693012600218,0.002023673157693917,-0.032073310423825774,-0.024818633066055695,0.336817744485469,0.05979381443298992,0.264759636227089,0.08163421153111483,-0.04255462959530831,0.10325505918289402,-0.27961714561069595,0.09548300878197735,-0.29273632802952054
2022-12-20,268.92,-0.01651048639000441,0.00663766175814362,-0.01677078685110811,-0.026104417670682833,-0.13341409403696636,0.007251227130745441,0.07287836957602578,0.04465640339133947,-0.1372692398363855,0.06978469433288681,-0.3506661361450051,0.06599732262382796,-0.37841316855691787
2022-12-21,264.76,-0.001208641788789877,0.004419096540262846,-0.015580148058619181,0.01571234325426807,0.5721536441522741,0.00605831696630954,0.7770051949534738,0.05435866445081983,0.4318127884560492,0.08206677745883018,0.06888593937318044,0.08273278944452778,-0.006139940248520381
2022-12-22,266.09,-0.0011274380848583787,0.002330038708707516,-0.010455484986282682,-0.004998308842872667,0.8769101177308378,-0.011266864594685733,2.237502101747665,0.03879514449997745,1.7064411560106687,0.07106430155210619,1.0493963451020214,0.07711050145940557,0.8776280362698456
2022-12-26,265.31,0.0022991971655799137,0.007199125551242025,-0.006058949907655209,0.0029399570313970447,0.2017833458635072,-0.007146357091703859,1.8369803568474676,0.03343635746861784,2.191742565842845,0.06850099883155525,1.4894444427935651,0.077647531818124,1.1935006862705282
2022-12-27,263.12,0.01132563089084826,0.022879294618425083,-0.0017292490118576698,0.008323198540589827,-0.27214047280880727,0.008650045606567458,0.6124608696279101,0.03176497415627488,1.220726804755485,0.07258855275159593,0.8031869173702084,0.0834777541299272,0.5578457327286841
2022-12-28,268.38,-0.010395707578806257,0.0092868321037336,-0.010395707578806257,-0.019599075937104082,-0.08554305832091669,-0.010209404575601821,0.24832909189203445,-0.00046575750801458593,0.8903460620525061,0.04693531559728692,0.659880503434908,0.05903942171547727,0.40027846270828116
2022-12-29,266.84,-0.004871833308349394,0.00018737820416725448,-0.015889671713386067,0.005771248688352548,0.13237325210717676,-0.004901813821016288,0.10549082846200375,-0.0033428271623479056,1.063273458905388,0.04687827911857245,0.8329298155240505,0.062119622245539796,0.5745903728091462
2023-01-02,270.26,-0.003922149041663547,0.011692444312884076,-0.011877451343150991,-0.0126544808702731,-0.404696139349111,-0.01595500629023905,-0.42524944879272164,-0.021238807074672184,0.16023685580079827,0.026972174942647476,0.08164605315144802,0.045636300846098266,-0.06661686060955685
2023-01-03,269.34,0.015185267691393944,0.02094007574069967,-0.0086507759708917,0.0034157570357169487,0.09628000863358,-0.009497289671047682,-0.26888349587882976,-0.015749610158167893,0.06328755229722915,0.024935026360733525,0.1981015624733551,0.04711888319595969,0.034510413809310414
2023-01-04,262.98,0.016883413187314567,0.019602251121758174,-0.005989048596851676,0.024184348619666673,-0.17142488045424364,0.017522245037645323,-0.3100122119345925,0.013354627728340729,-0.2035618478978315,0.04527340482165898,-0.0021931221576974025,0.07026770096585189,-0.1330133335486402
2023-01-05,269.21,-0.01942721295642791,0.004754652501764545,-0.029122246573306976,-0.023141785223431355,0.5606988313747037,-0.006129044240555825,0.21422197076042537,-0.009695033616882398,0.20359647774269063,0.016918019390067096,0.5748177567031509,0.04252318512189901,0.37765568019435936
2023-01-08,273.75,-0.006684931506849234,0.017315068493150676,-0.008200913242009111,-0.016584474885844802,-0.2724564046099587,-0.022005479452055,-0.1101478864910902,-0.026012785388131343,-0.2156868227828257,-0.003139726027397316,0.13945927139476844,0.022350076103499816,0.005279226551787586
2023-01-09,274.93,-0.005783290292074472,0.004946713708944062,-0.013312479540246724,-0.004292001600407436,0.17732664349292127,-0.021176299421671207,0.1385356071019379,-0.02692321681883003,-0.08177040074820863,-0.010764558251191159,0.34517328769821676,0.015442718752651352,0.2006757120188125
2023-01-10,281.08,-0.021879891845737798,0.000391347659029595,-0.022680375693752697,-0.021879891845737798,-0.22225034439164193,-0.039269958730610566,-0.14783975568130792,-0.04506901949623232,-0.2589975831723653,-0.03480681656467888,0.04674813281387058,-0.009321189696884113,-0.04973481213971087
2023-01-11,283.84,-0.0038754227733933666,0.014550098647125198,-0.005178974069898423,-0.009723788049605386,-0.04034173643517014,-0.040339627959413704,-0.15563162230148453,-0.04879861894025139,-0.2335903875550579,-0.04617566234498305,0.003561708118254403,-0.02007234122510404,-0.0729064984569362
2023-01-12,282.14,-0.006450698234918839,0.001843056638548335,-0.011185936060111978,0.006025377472176796,0.11488610500864915,-0.01977032678811952,-0.05812874867297646,-0.03572339973063343,-0.09634033414945653,-0.042468278159778716,0.09563586654858924,-0.014657026062711798,0.05497329187451472
2023-01-16,284.88,-0.006458859870822731,0.010074417298511662,-0.008916034821679353,-0.009618084807638372,-0.22241067260023462,-0.020120752597585057,-0.2229399166884043,-0.04016778994664749,-0.2725305696427742,-0.05331192080876157,-0.15372763344853368,-0.026332724890012926,-0.1859539284803462
2023-01-17,277.9,0.02403742353364513,0.03375314861460965,-0.00331054336092107,0.025116948542641238,0.3060126510117618,0.01250089960417422,0.07707184260572553,-0.009568189996405074,0.01959812287078555,-0.028857502698812265,0.10509066406410339,-0.00403022670025277,0.07982393172527757
2023-01-18,272.89,0.01608706804939719,0.022206749972516482,-0.0010993440580454594,0.01835904576935765,-0.008976435106489267,0.03326615119645271,0.09811454638065853,0.011414855802701185,0.00785371407290425,-0.008569386932463452,-0.002903522644019052,0.011539448129282093,0.07688256482315525
2023-01-19,280.47,-0.021285699005241243,0.0021392662316823685,-0.027329126109744473,-0.027026063393589483,-0.33085351318607237,-0.0004991621207263153,-0.27547651529975137,-0.01465397368702881,-0.32075572869301816,-0.0322458729988947,-0.3620547143146179,-0.018157616382026398,-0.27525168929493726
2023-01-22,279.34,-0.0027922961265840485,0.012636929906207683,-0.006826090069449342,0.004045249516718252,0.27503000982911074,0.0011312379179493348,-0.012667329138705385,-0.004406816066445773,-0.10195818714025318,-0.025007159733657525,-0.182666041212856,-0.014775303692036834,-0.058105224570180414
2023-01-23,274.87,0.00669407356204732,0.011823771237312153,-0.006894168152217328,0.01626223305562613,0.17596348746412005,0.015374540691963201,0.19430836133443963,0.015469130861858416,0.10168931695438643,-0.007256157456251744,-0.06121894371210779,0.0003553194843612939,0.11869443046278527
2023-01-24,273.16,-0.008859276614438527,0.002159906282032331,-0.02745643578854884,0.006260067359789012,-0.1440990037833566,0.014401815785619831,-0.02890029605503175,0.022236052130615747,-0.05614193874905493,0.0008090496412360704,-0.1978924126389262,0.004508956899496264,-0.04044772307754407
2023-01-25,274.26,0.010610369722161561,0.011193757748122257,-0.01237876467585497,-0.004010792678480146,0.3263187913710839,0.0068766863560123515,0.32750512063279125,0.017490702253332602,0.289104570039292,-0.001916065047764537,0.09893865587443007,-0.0013733926444501332,0.2855297446264027
2023-01-26,277.27,-0.014462437335449163,0.007754174631225963,-0.015616547048003748,-0.010855844483716237,-0.07542588223647606,-0.003065603923973148,0.20168187371526192,0.003985285101161251,0.17093944198040179,-0.011137158726151064,0.03825441707212729,-0.014387901083180776,0.18083451802516337
2023-01-29,274.32,-0.002734033245844314,0.01141003207932334,-0.0036818314377369266,0.010753864100320643,0.2124610990986937,0.005322251385243337,0.31786991850214297,0.01238699329250137,0.3977034258183687,0.0020760425780113057,0.2794463304613173,-0.005985710119569165,0.40448500775276996
2023-01-30,279.05,-0.014728543271815164,0.0,-0.018419638057695753,-0.016950367317685067,-0.05914082410261812,-0.015316251567819572,0.14650391072493107,-0.007575703278985824,0.2882290057105379,-0.01384518903422316,0.2096465091228532,-0.02488084572657323,0.30659495285014726
2023-01-31,283.6,-0.024682651622002783,0.0058885754583919425,-0.027856135401974735,-0.016043723554301836,0.024911384516078883,-0.028166431593794283,0.13462041411392867,-0.025553596614954044,0.26345925913560264,-0.027514104372355463,0.2537582981375446,-0.04076868829337177,0.3200668302644831
2023-02-01,294.1,-0.015912954777286714,0.005729343760625616,-0.024617477048622938,-0.035702142128527736,-0.33832942622374396,-0.055763345800748376,-0.3066527883581267,-0.05840530431826263,-0.17857251999179669,-0.05996599795987745,-0.17876399720322866,-0.07284823756092129,-0.18467005327832087
2023-02-02,289.22,-0.0034575755480257264,0.0015904847520917809,-0.008505635848143456,0.016872968674365607,0.2527659209388955,-0.02611161053869049,-0.06005505550292112,-0.03518428877671331,0.052276805194110265,-0.03982435516216021,0.04411951785844437,-0.052744162459950505,-0.0005915299273582253
2023-02-05,284.48,0.005343082114735553,0.011670416197975264,-0.003655793025871823,0.01666197975253092,0.7172651368073195,-0.0014834083239597673,0.6247305874441273,-0.016032761529812145,0.7168528494561055,-0.019214004499437443,0.7807885183715402,-0.03375984251968578,0.6915756875350338
2023-02-06,287.82,-0.01778889583767629,0.0035612535612536966,-0.018483774581335544,-0.011604475019109106,-0.09897269659649544,-0.006010701132652452,0.396772922697453,-0.025665346397057087,0.4519483365021726,-0.0279428114793967,0.5929522946963337,-0.04317050008107004,0.46901867331266445
2023-02-07,284.71,0.004109444698114029,0.015700186154332663,-0.0025640125039512185,0.010923395736012198,0.013934559095961419,0.01100769203751173,0.35245200768803264,-0.010473815461349956,0.413990207600037,-0.014853710793438668,0.586912868481382,-0.03001884958964174,0.468356697503705
2023-02-08,285.16,0.007925375227942233,0.014798709496423035,-0.0025950343666714115,-0.0015780614391921466,-0.21123088207174268,0.01019077009398206,0.01937367112739774,-0.00798499088231508,0.04712170118524739,-0.01469350540047687,0.2382637111113013,-0.029372983588162094,0.16140249036076826
2023-02-09,283.96,-0.007958867446119178,0.0021481898858994875,-0.010353570925482503,0.004225947316523593,0.3000402191722271,0.008163121566417963,0.1821542635290765,4.578109592578983e-05,0.3471511914373233,-0.00981124101986175,0.5863992042243489,-0.022941024557450285,0.5282330426471635
2023-02-12,288.35,-0.013802670365874903,0.00020808045777709339,-0.013802670365874903,-0.015224553494017856,0.04911212661440367,-0.010834055834922918,0.11248036246720594,-0.012859372290622506,0.3546536087129144,-0.024865614704352446,0.6201310985340942,-0.03540720189584523,0.6022650307894717
2023-02-13,284.77,0.0024581241001511156,0.01183411173929838,-0.004986480317448971,0.012571548969343871,-0.2946584183805142,0.00431927520455111,-0.21289858144267393,0.00447729746812886,-0.06912828515670899,-0.011516311409207391,0.11687591220033977,-0.020943217333287523,0.1258931647069117
2023-02-14,287.65,-0.019641925951677353,0.0006257604727968324,-0.019746219363810047,-0.010012167564748764,-0.03653264204846052,-0.007856770380670897,-0.19721352237858425,-0.0035911698244428525,-0.10423124537086015,-0.021432296193290346,0.04849542376468108,-0.02866794136392703,0.0932555814199556
2023-02-15,281.22,0.00643624208804483,0.015077163786359371,-0.009174311926605672,0.022864661119408103,-0.004864067758954094,0.01691913804139089,-0.147596000713895,0.020631534030292942,-0.10368635160170969,0.0026758409785931914,0.035432330282783475,-0.004397506104356075,0.08162269666640154
2023-02-16,277.05,0.006244360223786272,0.008482223425374302,-0.007724237502255815,0.015051434759068893,-0.3023557589360648,0.029380978162786286,-0.39449139018021806,0.031344522649337625,-0.4046829794681426,0.019270889731095364,-0.283387104534668,0.012017084762075525,-0.24728547867816375
2023-02-20,269.15,0.010588890953000307,0.014861601337544217,-0.0013746981237228173,0.02935166264164968,0.11301716222723868,0.05446033810143036,-0.21363608490932418,0.057094556938506624,-0.3147277435158242,0.04855285156975686,-0.21433265908643084,0.04346399157842473,-0.1588696307912263
2023-02-21,269.63,0.0037087861143048073,0.010607128286911793,-0.0054519155880279335,-0.0017802173348663297,0.3412063359778932,0.03834143084968278,0.1820599055853762,0.04952712977042251,-0.016007116735293536,0.04479657308163043,0.049708531858081884,0.04159898132007944,0.14382900097046392
2023-02-22,271.23,-0.0016959775836007385,0.0039449913357667565,-0.012609224643291728,-0.005899052464697907,-0.03272835654986095,0.021052243483390187,0.14366195689182426,0.0366294288979796,-0.02579272606548011,0.03766729344099096,0.00523970848257993,0.03494819894554313,0.10007049989516936
2023-02-23,266.53,0.0032641728886053656,0.0032641728886053656,-0.008591903350467,0.017634037444190342,0.08680518531369574,0.026736202303680567,0.2424054036451202,0.04985179904700798,0.08780525620800739,0.05560349679210619,0.07258689884649772,0.05273577708575505,0.19618909453362599
2023-02-26,266.25,0.009990610328638683,0.014046948356807532,-0.002929577464788613,0.001051643192488072,0.14682154360921085,0.01678122065727683,0.4030753732837935,0.043958685446005674,0.24639625556149736,0.05526197183098569,0.22320278783784575,0.052021283255084816,0.3575491492806877
2023-02-27,265.55,-0.003238561476181512,0.011071361325550644,-0.010562982489173423,0.002636038410845476,-0.2997413473083549,0.011327433628318229,-0.12947983406976216,0.040041423460738024,-0.11955169952592692,0.055968744115985736,-0.15705592322995554,0.052586455783592445,-0.06432691206888519
2023-02-28,263.59,0.005387154292651575,0.009029174096134351,-0.006980537956675081,0.007435790432110512,0.27033741387958043,0.016115937630410748,0.07224877710033262,0.03912515649303483,0.16996938267307438,0.062157137979438115,0.08339187885252342,0.058315312922845974,0.18731982846770467
2023-03-01,265.26,-0.005202442886224845,0.0035059941189776733,-0.013722385583955332,-0.006295709869561961,-0.2535259178886454,0.005164744024730439,-0.21040920487106018,0.02459850712508138,-0.13193617794539014,0.05255598280931917,-0.19437459618517894,0.048977104224784185,-0.1307128677641065
2023-03-02,269.2,-0.004791976225854255,0.0019316493313523697,-0.011942793462109913,-0.014635958395245119,0.427422538052747,-0.013982169390787558,0.17628668846181328,0.0012852897473960567,0.2634080249411994,0.03374442793462107,0.16504178377694267,0.03205918771669025,0.24262697092991936
2023-03-05,269.63,0.002114008085153607,0.008975262396617723,-0.002039832362867644,-0.0015947780291510893,-0.03218209171165454,-0.01357415717835564,0.12158588652194124,-0.004769498942999717,0.2043536446417451,0.027478396320884224,0.09359393068052757,0.02995710170727639,0.19017570901805603
2023-03-06,264.2,0.019000757002271218,0.02210446631339913,-0.0018546555639666895,0.02055261165783495,-0.25695087752181645,0.009258137774413422,-0.15432507055859335,0.012876608629821984,-0.15347431234658238,0.04488834216502635,-0.19909472333461897,0.0497577592732763,-0.14053338872288046
2023-03-07,263.66,-0.0008723355837063629,0.007302586664643673,-0.004437533186679832,0.0020480922400059054,0.5173279443011805,0.010301145414548962,0.29123416310937666,0.013073655465367873,0.2689549087866201,0.043182507775164636,0.24794763058512737,0.0499936787276527,0.2955724160310944
2023-03-08,259.76,0.02336772405297194,0.0267169695103171,-0.004003695719125178,0.015013858946720138,-0.24986320112946891,0.025523560209424367,-0.055803272198212905,0.025985525100088225,-0.06663107588273098,0.05419425623652607,-0.06228953871984977,0.06431962837490901,-0.040836920190316706
2023-03-09,252.95,0.02842458983988938,0.02921525993279306,-0.00533702312710016,0.026922316663372303,-0.3332575390260899,0.048784344732160756,-0.39291700489163917,0.049072939316066044,-0.3754826159772576,0.07764380312314678,-0.3650768896204655,0.09120774856690916,-0.36762706602174255
2023-03-12,251.31,0.007162468664199562,0.0157307707612111,-0.008256734710118896,0.0065258047829372945,-0.09514747182103078,0.042696271537145725,-0.3684725360438029,0.050515299828892246,-0.39809802206546874,0.07826787632804089,-0.4073479421640792,0.09550223495549859,-0.41766871104903946
2023-03-13,252.48,0.015407160963244682,0.016833016476552665,-0.010000792141951709,-0.004634030418250945,0.10475658234294838,0.023352344740177555,-0.19410246681911247,0.039729879594419204,-0.2762796389153789,0.06680529150823822,-0.31305711932130864,0.08699831009716807,-0.3437795620088665
2023-03-14,246.17,0.0072713978145184655,0.0073120201486778225,-0.013689726611690989,0.025632692854531403,-0.35101058612087277,0.040061745947922445,-0.4456500009538644,0.061071617175118664,-0.5133387075092204,0.08686476824958334,-0.5359791684875126,0.11190369798648492,-0.5653006957886663
2023-03-15,252.92,-0.031511940534556415,0.00347936106278679,-0.037146133164636996,-0.026688280879329396,0.09424404916937301,-0.001526174284358528,-0.24556786518692175,0.025865886446302833,-0.39933060968478673,0.05022734461489797,-0.4596385578725152,0.07789551373293135,-0.5027608517312305
2023-03-16,250.0,0.017320000000000002,0.02292000000000005,-0.006320000000000103,0.011679999999999913,-0.3633437796376344,0.0046640000000000015,-0.45262319481355595,0.03291199999999539,-0.589122604707343,0.05554799999999993,-0.6387481727724669,0.08639466666666529,-0.6714650639143933
2023-03-19,252.55,-0.007246089883191531,0.0053058800237575365,-0.010057414373391471,-0.010097010492971736,1.0334896217965839,-0.007816274005147505,0.33597127728108345,0.014880221738265309,-0.011293213707713412,0.038709166501682546,-0.19356889210125228,0.06960469873952202,-0.29259488081957163
2023-03-20,257.62,-0.010635820200295076,0.0034158838599487318,-0.01428460523251307,-0.019680149056750196,0.12387348648890151,-0.026379939445695166,0.4979337878296102,-0.011722692337555629,0.16532402726130035,0.013512149677820107,-0.0855590830444023,0.043810004399242874,-0.19302680322510357
2023-03-21,253.27,0.015753938484621033,0.031784261854937323,-0.0009476053223832492,0.017175346468196073,-0.0745634233609399,-0.005598768113080799,0.3800838229761765,0.002653294902668746,0.09843584483042078,0.028643345046788005,-0.14744742924024923,0.05820270857187837,-0.23610404124624718
2023-03-22,271.66,-0.04494588824265644,0.010840756828388365,-0.04549804903187815,-0.0676949127585954,-0.4078523156626329,-0.06768755061473886,-0.23885293538161878,-0.06904586615622865,-0.3186587283799942,-0.04400169329308701,-0.4832052864622949,-0.017671599303051733,-0.5369618247685537
2023-03-23,272.0,-0.005698529411764741,0.0002941176470587781,-0.026397058823529385,-0.0012499999999998623,0.2530023654191913,-0.055073529411764355,0.004506906859133686,-0.06583455882353328,-0.0682651393860968,-0.04511764705882371,-0.31266828209066777,-0.020498774509805195,-0.3892159373412081
2023-03-26,273.96,-0.011790042341947582,0.0014600671630895512,-0.012118557453642875,-0.00715432909913849,0.1014543930555396,-0.04577310556285552,-0.018978722199413878,-0.06556431595853784,0.05829007246990403,-0.05095086873996213,-0.21103431816293827,-0.029107655618826334,-0.3061329502604466
2023-03-27,275.0,-0.003927272727272668,0.004218181818181899,-0.008727272727272695,-0.0037818181818182195,0.30469045950409535,-0.03381090909090867,0.31907308092141284,-0.060861818181822014,0.39857189306849383,-0.05313818181818186,0.06822919480056022,-0.03399151515151666,-0.06688328094838658
2023-03-28,279.94,-0.014074444523826557,0.0011431020933057034,-0.014074444523826557,-0.017646638565406825,0.1801447695819367,-0.03844395227548736,0.5598270168006745,-0.06938986925770174,0.6482072837195911,-0.0681592484103738,0.27524563532048774,-0.05262794408325733,0.12294104341031065
2023-03-29,282.66,-0.0058727800183967505,0.0013443713295124837,-0.006651100261798826,-0.009622868463878942,0.060097401040281495,-0.028826151560178204,0.5987996215572831,-0.06639779240076793,0.656724900920383,-0.07423406212410688,0.36781534349780487,-0.06231396966909741,0.19929650928739706
2023-03-30,285.81,-0.009411847031244536,0.0005248241838982093,-0.01119624925649898,-0.01102130786186617,-0.23784380119426984,-0.03183233616738357,0.02758158684375811,-0.06628179559847813,0.202002379235521,-0.08139323326685588,0.04274378025965575,-0.07323046779329068,-0.0814803541383523
2023-04-02,285.84,-0.008571228659389862,0.002151553316540822,-0.0093758746151692,-0.00010495382031894263,0.24482421139802746,-0.022271200671704183,0.18697980480710275,-0.0538518052057132,0.3530969519827458,-0.07858417296389597,0.3272631588091197,-0.07279247131262367,0.15869957165221793
2023-04-03,285.84,-0.004897844948222652,0.005562552476910287,-0.005667506297229008,0.0,0.036745514880638375,-0.013958858102434801,0.11684330965228051,-0.04220542961097484,0.3700254993734513,-0.07574867058494261,0.39250963409728534,-0.07176742233417421,0.1969146015433425
2023-04-04,281.33,0.017452813421960034,0.019798812782142017,-0.00149290868375207,0.016030995627910327,-0.04560295116200164,0.009554615576014003,0.02190148249804258,-0.0168201045036116,0.28710041293511357,-0.05708598443109514,0.33130710396559326,-0.05490941835803875,0.14077148618031
2023-04-05,281.7,-0.0036918707845223775,0.00191693290734829,-0.010081647142349937,-0.0013134540291089847,0.14958248817006692,0.009215477458288879,0.17586961830380132,-0.008150514731988023,0.45063013773396965,-0.05518814341498046,0.5535147499516546,-0.05476629984617343,0.32112504307176293
2023-04-09,281.68,-0.013099971598977578,0.00017750639023006443,-0.0188866799204771,7.100255609193695e-05,0.348675393308052,0.008605509798352617,0.5645091200763519,-0.004515762567456227,0.763422097338349,-0.05122656915648971,1.1007518732580985,-0.0534601912335525,0.7868400657247916
2023-04-10,286.33,-0.011595012747529054,0.004644990046450026,-0.013201550658331174,-0.016240002793978858,-0.49531460370450553,-0.01065902979080069,-0.3022338739740488,-0.017301714804599744,-0.19161970595054933,-0.061617713826703335,0.038621804931227466,-0.06706830114436857,-0.09990649490509862
2023-04-11,283.76,0.016316605582182175,0.017232872850295955,-0.0028897659994361335,0.00905694953481806,0.17562579889721586,-0.0013532562729065,-0.12660375262847778,-0.004042148294337022,-0.07303928268207338,-0.04694812517620528,0.21896656821052662,-0.056259984963820675,0.07837404924564018
2023-04-12,285.27,-0.00795737371612848,0.0005258176464404407,-0.019455252918287758,-0.0052932309741647865,-0.1606493831132202,-0.008097591755179101,-0.24642466068145918,-0.006243208188737137,-0.2287006491366177,-0.04651032355312501,0.01887999678923702,-0.05912761010037404,-0.08964564786253049
2023-04-13,279.25,0.014467323187108416,0.020411817367949725,-0.005264100268576599,0.021557743957027586,0.1019099474806231,0.016107430617726237,-0.11940563470722232,0.01708863025962004,-0.12457587869493414,-0.018954341987466483,0.09931984586144393,-0.036256639809013835,0.020118278289321223
2023-04-16,279.98,-0.004286020430030901,0.006571897992713627,-0.004286020430030901,-0.00260732909493544,-0.009425576236440691,0.01170797914136723,-0.07621446781972019,0.013218801342949282,-0.11288635807807246,-0.01681012929494985,0.06743336643639397,-0.037103840750531414,0.017326399512664237
2023-04-17,279.96,0.0050007143877697224,0.005179311330190117,-0.005536505215030574,7.143877696824674e-05,0.5307698237862202,0.010565795113587795,0.5538366574508033,0.01120874410629713,0.3521403648467978,-0.011385555079297283,0.5396930093207648,-0.03575153593370606,0.5802257780856772
2023-04-18,279.9,-0.003929974991068064,0.00035727045373357136,-0.008538763844230024,0.00021436227224014281,-0.1410087716314219,0.006230796713112108,0.2232774124254271,0.009324758842440106,0.13772450119538937,-0.006277241872097439,0.2933656231332673,-0.03431463617958941,0.36109955258133186
2023-04-19,275.55,0.006278352386136721,0.007330792959535426,-0.005625113409544635,0.01578660860097969,-0.17920470693527624,0.01931409907457815,-0.029541350049644866,0.023102885138809315,-0.07089292608296327,0.013453093812374917,0.04992286153906855,-0.017170507469910112,0.11700154760898696
2023-04-20,276.33,-0.002171316903701981,0.00542829225925523,-0.003383635508269145,-0.002822711974812653,0.6780683664678575,0.009401802193030218,0.568737243838153,0.018123258422896305,0.5742759560366515,0.01462381934643342,0.7501766730368082,-0.0185104766040618,0.8998804270889493
2023-04-23,277.25,-0.005229936880072117,0.0013345356176734935,-0.008620378719567112,-0.00331830477908035,0.177178707638181,0.003945897204688853,0.6597405157033449,0.012807935076641908,0.8146218415707316,0.01209918845807012,0.9291400629810542,-0.019775172828375376,1.2279374121483912
2023-04-24,270.7,0.0190616919098634,0.022201699298115996,-0.0004063538973033687,0.02419652752124124,-0.2974327231693531,0.02622090875507954,0.007019296943944431,0.035677872183224935,0.2637289995639227,0.037558182489840775,0.2839505413767234,0.006935106513974665,0.5383257829243644
2023-04-25,271.21,0.002359794992810249,0.008701744035986891,-0.0037240514730282337,-0.001880461634895414,-0.03681283243622002,0.0174624829467942,-0.02591141271459063,0.027967257844471183,0.15813383842405315,0.03500608384646542,0.1916882235962034,0.00742475080810534,0.46018562017602527
2023-04-26,275.45,-0.005808676710836735,0.0037756398620441,-0.016772554002541296,-0.015392993283717571,0.012937663800199894,-0.004508985296787116,-0.03300034329043633,0.007587583953526877,0.14052258785538263,0.01838627700127038,0.1854283039688105,-0.0058159375567267135,0.4636815017536713
2023-04-27,280.29,-0.023440008562560233,0.0004994826786541839,-0.023440008562560233,-0.01726782974776131,-0.04832031240630086,-0.02177030932248758,-0.14711371982738974,-0.013314781119558528,0.028773474248787956,-4.440892098500626e-16,0.11740890348362765,-0.019501230868031016,0.35259012104624765
2023-04-30,279.42,-0.0011810178226326906,0.001753632524515103,-0.007044234485720446,0.0031135924414860128,0.7883055123973819,-0.015890057977238525,0.6082281451155576,-0.009870445923702897,0.7722225892216001,0.0026894996779038838,0.9892970112619239,-0.01318326056354957,1.3606414901280504
2023-05-01,276.74,0.011274120112741315,0.01315314013153146,-0.009792585097926021,0.00968418009684191,-0.32561035089861035,-0.004791501047914926,0.06210469737461022,-0.00048420900484580365,0.09487772153407414,0.011245212112451775,0.28822381625453963,-8.311050083242844e-05,0.48967621716768184
2023-05-02,275.18,0.010683915982266035,0.01597136419797951,-0.0013264045352133769,0.005669016643651492,-0.11420482761907735,0.005240206410349613,-0.08041477405801778,0.004011919470887859,-0.0386416062475432,0.01532451486299835,0.12344396947362979,0.008515638248902446,0.2947130982099677
2023-05-03,266.5,0.025440900562851754,0.02731707317073151,-0.003076923076923088,0.03257035647279549,-0.24551820885342013,0.040960600375234746,-0.3106887475654313,0.03494183864915157,-0.2844742858888394,0.0463939962476545,-0.15974013093407402,0.04355972482801618,-0.03450719791982049
2023-05-04,265.65,0.013438735177865757,0.017805383022774457,-0.004743083003952542,0.0031996988518727676,-0.0025085904953578986,0.037553171466215174,-0.2659454597559061,0.03484660267268569,-0.2901220777948471,0.04695087521174446,-0.15909128777783388,0.04855888073279235,-0.04301499870212078
2023-05-07,264.82,0.004531379805150726,0.008232006646023748,-0.005116683029982694,0.003134204365229154,0.40675082133546026,0.029748508420814224,0.08778281475935068,0.0340570953855408,0.052445287257160134,0.04720187297031897,0.1956281622432563,0.05108878986984733,0.299682769634507
2023-05-08,263.48,-0.002011537877637859,0.0038333080309700396,-0.006831638074996205,0.005085775011385962,-0.3204165770958556,0.023903142553514556,-0.2108032906994709,0.034598451495365445,-0.26695631685316445,0.04932822225595812,-0.18254521466943108,0.05552603613177309,-0.14478738439834404
2023-05-09,268.89,-0.011305738406039545,0.0037933727546581864,-0.016623898248354196,-0.020119751571274436,-0.03151323523740002,-0.006560303469820172,-0.16542146921062817,0.011097474803819285,-0.26232471220447307,0.023967049722934508,-0.2156348607196782,0.03298994632253449,-0.1840195810948444
2023-05-10,272.27,-0.007198736548279183,0.0006243802108201191,-0.015010834833070086,-0.012414147721012236,-0.03962493869585948,-0.023513424174532394,-0.1402555053690424,-0.002306533955268919,-0.2644322464923743,0.008524626290079107,-0.24424173208632993,0.019418224556505104,-0.2171439758464544
2023-05-11,277.19,-0.014646993037266909,0.0003968397128324419,-0.01691980230167034,-0.017749558064865334,0.09433625189861883,-0.036682420000721305,-0.03440952066046221,-0.021162379595227376,-0.16006053061115733,-0.011721202063566749,-0.17761086113126345,0.00040164989116830974,-0.1372329564056748
2023-05-14,277.51,-0.004324168498432424,0.0036755432236674768,-0.01041403913372485,-0.0011531115995819796,-0.035561458032448146,-0.02947641526431466,-0.06355338761392004,-0.02340816547151836,-0.1689369243365686,-0.01323195560520396,-0.21060737355946146,-0.0014089582357404984,-0.16343997125498577
2023-05-15,279.19,-0.007521759375335835,0.005408503169884282,-0.010136466205809658,-0.00601740750026869,0.32872865997945366,-0.026225867688670634,0.3327454126410645,-0.02996883842544873,0.18106952123709585,-0.0196120921236439,0.04560980900272793,-0.00840884940960307,0.10760641633865453
2023-05-16,284.63,-0.012085865860942291,0.006113199592453489,-0.015458665636088886,-0.019112532059164522,-0.16383197430036212,-0.03379826441344891,0.06350051396058509,-0.04764782349014873,0.0016803856876053125,-0.03848505076766395,-0.121967371143888,-0.028139455901815325,-0.07839014246654974
2023-05-17,287.48,-0.010226798385974623,0.0015305412550439268,-0.01120077918463902,-0.009913733129261249,0.32978520299159575,-0.03242660358981475,0.3806768793067028,-0.05380200361764642,0.3606490704073202,-0.047194587449562286,0.1751313034619406,-0.037914521589909156,0.22830175864549274
2023-05-18,289.91,-0.004518643717015602,0.004967058742368247,-0.00883032665309924,-0.008381911627746597,-0.1551491531182454,-0.030043806698630382,0.0719567558970875,-0.054496222965751406,0.11718283501167481,-0.053123383118899636,-0.025627299737585818,-0.04527152104676313,0.02909705705879362
2023-05-21,290.95,-0.005430486337858698,0.0028183536690151723,-0.007148994672624087,-0.003574497336311988,0.082776036718468,-0.024767142120638908,0.1165481626578817,-0.04953772125795142,0.19109825673379,-0.054174256745145755,0.0700120199951666,-0.04774359855645438,0.11571612329635195
2023-05-22,288.1,0.0036792780284622406,0.010204790003470965,-0.0034189517528636637,0.009892398472752362,-0.07917223012067509,-0.005789656369315832,-0.03659365252693436,-0.031065602221454602,0.10585369962934332,-0.04244012495661298,0.0007104778533986167,-0.03725095452967864,0.03441336418234786
2023-05-23,286.82,-0.0027543407014852805,0.00512516560909293,-0.00669409385677433,0.0044627292378496275,-0.21151496379817913,0.004860191060595875,-0.23037663817501897,-0.018157729586503857,-0.14553245660896352,-0.035133533226414326,-0.2059036993202924,-0.03274876228993928,-0.1950675611035967
2023-05-24,291.76,-0.01113929256923496,0.004764189744995928,-0.022552783109404895,-0.016931724705237183,-0.23696155818418552,-0.010652591170824954,-0.39492723927723883,-0.028636550589529186,-0.3475998122303928,-0.04879524266520474,-0.3831525698525705,-0.04877639155470381,-0.3843662287905447
2023-05-25,303.6,-0.031620553359683834,0.016469038208168696,-0.03280632411067208,-0.03899868247694349,-0.19420608520917704,-0.04641633728590222,-0.43295260646014855,-0.06009881422925234,-0.45739971385972056,-0.08320487483531025,-0.4843203120069065,-0.08516029863856078,-0.5001021794373128
2023-05-29,308.43,-0.007197743410174207,0.03397853645884008,-0.011120837791395166,-0.015659955257270597,-0.26575381785731755,-0.05247219790552127,-0.507781092676497,-0.06625490386797983,-0.570898831090632,-0.09378303018513157,-0.6013645908416323,-0.0968550400415018,-0.6238268078113303
