date,price,c_open,c_high,c_low,p_price,p_volume,p_5_SMA,vol_5_SMA,p_10_SMA,vol_10_SMA,p_20_SMA,vol_20_SMA,p_30_SMA,vol_30_SMA
2014-01-01,80.54,0.009808790663024425,0.010181276384405136,-0.002731561956791806,,,,,,,,,,
2014-01-02,80.45,0.0038533250466128433,0.0049720323182098625,-0.0032939714108142226,0.0011187072715972413,0.008598110006891257,,,,,,,,
2014-01-05,80.64,-0.00037202380952383596,0.004216269841269993,-0.004216269841269882,-0.002356150793650813,-0.03937823345524316,,,,,,,,
2014-01-06,81.42,-0.008720216163105032,0.0019651191353475816,-0.009825595676737908,-0.009579955784819516,0.007208623302703998,,,,,,,,
2014-01-07,80.24,0.009097706879362066,0.011340977068793778,-0.0023678963110668194,0.014705882352941346,-0.46829740912037343,,,,,,,,
2014-01-08,80.42,0.0014921661278288756,0.004725192738124884,-0.004849539915443901,-0.0022382491917434244,0.24195920377999713,0.002959462820193881,-0.22984736472138023,,,,,,
2014-01-09,80.3,0.0036114570361145404,0.007347447073474456,-0.001245330012453194,0.001494396014944055,0.2824935143111067,0.004159402241594057,0.07892267052321844,,,,,,
2014-01-12,80.01,0.0,0.006124234470691103,-0.003999500062492278,0.003624546931633388,-0.09762677542389075,0.007424071991001258,0.006182204221281573,,,,,,
2014-01-13,80.87,-0.01001607518239156,0.0006182762458266655,-0.01051069617905287,-0.010634351428218114,0.07203811256464387,-0.004847285767280773,0.12803788183466036,,,,,,
2014-01-14,80.79,-0.0011139992573339086,0.004765441267483572,-0.0066839955440030074,0.0009902215620745114,0.06246618038570584,-0.005223418739943031,0.236905738457434,,,,,,
2014-01-15,80.56,0.0011171797418074725,0.0033515392254219734,-0.003723932472691094,0.0028550148957300348,-0.29555285175167434,-0.001017874875868796,-0.21842531939111653,9.930486593834331e-05,-0.25164194410732554,,,,
2014-01-16,79.88,0.006760140210315457,0.009514271407110808,-0.0010015022533800266,0.008512769153730781,-0.1437296271496541,0.007836755132699214,-0.31852825586580036,0.008637956935403146,-0.3248141308044722,,,,
2014-01-20,80.18,0.005113494637066562,0.006734846595160882,-0.007982040409079572,-0.003741581441756181,0.031523490086745154,0.0030182090296830832,-0.2186439722596677,0.004153155400349107,-0.2527802033154116,,,,
2014-01-21,79.23,0.004291303799065949,0.008203963145273052,-0.0022718667171526263,0.011990407673860837,0.5630319150823284,0.0154739366401615,0.31234595261448606,0.015612772939543218,0.23896702011186832,,,,
2014-01-22,78.24,0.0060071574642126535,0.009330265848670916,-0.0015337423312882237,0.012653374233128956,-0.33285190751764315,0.02413087934560343,-0.1289125157299692,0.025664621676891874,-0.1631876748048301,,,,
2014-01-23,79.18,0.0018944177822681763,0.03182621874210656,-0.0016418287446325897,-0.01187168476888123,-0.37226532883062713,0.005531699924223421,-0.4090994226109882,0.010962364233392474,-0.47860783195311796,,,,
2014-01-26,78.47,0.009812667261373642,0.010513572065757648,-0.00063718618580344,0.009048043838409736,0.9420478273958663,0.011112527080413104,0.3113996289303518,0.01852937428316581,0.10251004860069823,,,,
2014-01-27,79.11,-0.005561875869043109,0.005182657059790152,-0.008595626343066542,-0.008090001264062674,0.033283615256823884,-0.0006320313487546692,0.2907135193282335,0.007976235621287131,0.15853076127094368,,,,
2014-01-28,77.64,0.01494075218959301,0.01494075218959301,-0.003348789283874387,0.01893353941267395,-0.25151828363635287,0.01553323029366327,-0.08086139531908265,0.025901597114889707,-0.12768993190290623,,,,
2014-01-29,76.87,0.0153505919084167,0.0153505919084167,-0.0013008976193574773,0.010016911669051609,0.4206604552710296,0.021568882528945066,0.4111934259882073,0.03197606348380422,0.2889865329347867,,,,
2014-01-30,76.62,-0.0077003393369877715,0.007452362307491578,-0.017749934742886997,0.003262855651265939,-0.27182589289046577,0.021326024536674426,-0.021841479502278105,0.03022709475332852,-0.0518595239584807,0.040877055599060075,-0.18978846070530908,,
2014-02-02,75.7,0.013077939233817615,0.014002642007926003,-0.0013210039630120463,0.012153236459709449,-0.09155822212516118,0.026974900924702894,-0.2120131390365816,0.037542932628798376,-0.1294346800044236,0.050937912813738384,-0.2429648146006942,,
2014-02-03,76.09,-0.0011828098304639267,0.003942699434879682,-0.009068208700223401,-0.0051255092653437195,-0.0829305313268166,0.014430279931659795,-0.22725522377524776,0.0267315021684853,-0.19732808554393355,0.04243001708503091,-0.28209379065510454,,
2014-02-04,76.45,-0.006671026814911829,0.00457815565729236,-0.010202746893394399,-0.0047089601046435,0.6023944014140283,0.0017527795945060376,0.35198984884417817,0.01654676258992871,0.3106610044442124,0.03454545454545421,0.19345535724741958,,
2014-02-05,76.9,-0.004811443433029972,0.0011703511053313687,-0.00546163849154746,-0.0058517555266580645,0.24445101825027993,-0.007204161248374752,0.5876575034091676,0.006983094928479039,0.647397175584493,0.025260078023406685,0.5016630549796728,,
2014-02-06,77.31,-0.004139179924977476,0.001034794981244369,-0.0072435648687103615,-0.005303324278877253,0.07131645266928244,-0.01239166990040097,0.6559501389358917,-9.054456085844098e-05,0.6984245714859367,0.017662656836114232,0.5701288859969686,,
2014-02-09,78.03,-0.0076893502499038036,0.0007689350249904248,-0.010765090349865503,-0.009227220299884653,-0.1855025395704929,-0.01973599897475342,0.22174274371778124,-0.011713443547353264,0.23957497723243715,0.006279636037421321,0.2591289839888591,,
2014-02-10,78.84,-0.0093860984271944,0.003424657534246478,-0.015169964485032938,-0.010273972602739767,-0.14760165776567524,-0.023896499238965196,-0.06014683545555555,-0.022425164890917948,0.042990961324189,-0.005498477929985035,0.07571390496316077,,
2014-02-11,77.49,0.00825913021034963,0.013421086591818288,-0.0055491031100786126,0.017421602787456525,-0.04702243158655617,0.00020647825525887953,-0.19643521640112172,-0.0057426764743833125,-0.0019324135515057517,0.011072396438249976,0.030341061169203654,,
2014-02-12,77.8,-0.00912596401028265,0.0015424164524422412,-0.010282776349614386,-0.003984575835475623,0.4867323174468541,-0.0011053984575835063,0.22974724804390156,-0.009897172236503438,0.45142456139594556,0.004871465295629651,0.547322328427869,,
2014-02-13,79.4,-0.02153652392947114,0.004408060453400475,-0.027078085642317395,-0.02015113350125952,-0.3009117198452228,-0.018967254408060685,-0.14782280208460374,-0.02867758186397973,-0.004538133679668488,-0.01726070528967283,0.07794310898303758,-0.006603694374475166,-0.00710349730414539
2014-02-17,77.97,0.019366422983198683,0.021290239835834335,-0.005258432730537388,0.018340387328459773,-0.3264484551097795,0.004386302424008948,-0.38394060429455323,-0.007297678594330836,-0.34458560179772,1.9238168526225508e-05,-0.2772999348894898,0.01112821170535705,-0.32355256409215416
2014-02-18,78.14,-0.006398771435884298,0.010468390069106714,-0.007550550294343483,-0.0021755822882006948,0.8036122660527996,0.00204760685948302,0.26672241659820917,-0.006552341950345375,0.19880769591612113,-0.003378551318147016,0.3156575864223097,0.007870488866138059,0.25375479869690554
2014-02-19,77.92,0.0005133470225870962,0.006673511293634471,-0.005390143737166397,0.0028234086242300283,0.05615969699371837,0.0030800821355234653,0.29492497829731046,-0.0011165297741271285,0.18325829632436674,-0.0018737166324437338,0.36249602439594986,0.009646646132785985,0.3303290736770059
2014-02-20,77.97,0.0010260356547389105,0.01179941002949847,-0.0007695267410542384,-0.0006412722842118468,0.04074547081457114,0.003539823008849474,0.27825974644987683,0.00012825445684239156,0.21312211492570254,-0.003353854046428295,0.4168763696340998,0.00750288572527924,0.38921694501090043
2014-02-23,77.86,0.0021834061135370675,0.01168636013357327,-0.0032108913434368835,0.0014127921911122332,0.014341254815785964,0.005394297456974062,0.31007978887272625,0.002915489339840871,0.23216788792231924,-0.002119188286668461,0.40706905276816885,0.00795444815480817,0.38570347416946826
2014-02-24,78.12,-0.004992319508448584,0.002432155657962065,-0.009216589861751112,-0.0033282130056324633,-0.04197740434058106,-0.0018945212493599595,0.18716629117224537,0.00028161802355386456,0.1870134658593383,-0.006285202252944377,0.27252406800084805,0.0035074244751664985,0.3153093892751788
2014-02-25,77.86,0.004752119188286663,0.011687644490110394,-0.0005137426149499635,0.00333932699717443,0.05272498921871449,0.0018237862830721152,0.054682088450798805,0.003737477523760857,0.2395383963005011,-0.00319162599537659,0.32537304791831123,0.005925164825755669,0.3835015496918628
2014-02-26,78.19,-0.0053715308863026,0.0005115743701240572,-0.008121243125719269,-0.004220488553523416,0.18666824019323225,-0.003120603657756793,0.22201619134408723,-0.0017521422176745016,0.42902680180878194,-0.008197979281238221,0.5553023392365515,0.0007630984354352055,0.6336444763288831
2014-02-27,78.66,-0.005339435545385185,0.003178235443681565,-0.008320620391558564,-0.005975082634121498,-0.2285121430213669,-0.008390541571319576,-0.09787480636370838,-0.00682684973302794,0.0496427386861753,-0.013774472412916516,0.15930119677593213,-0.006352233240104921,0.25174871003365795
2014-03-02,77.48,0.010067114093959662,0.011982447083118242,-0.001677852348993425,0.01522973670624661,-0.013896849784890253,0.008492514197212087,-0.09789879965755277,0.009408879710893547,0.047452743637390604,0.0024006195147130427,0.13754251118464755,0.007864395112717304,0.2353845982901872
2014-03-03,78.45,-0.004588910133843216,0.0034416826003824674,-0.007074569789675023,-0.012364563416188634,0.036349789583435044,-0.004945825366475698,-0.04655325365084362,-0.005519439133205628,0.06135676495093878,-0.009445506692160932,0.15249908941060974,-0.005906097301890734,0.2679957259473802
2014-03-04,77.82,0.006425083526085951,0.007581598560781444,-0.003469545104086258,0.008095605242868231,-0.02753732591569369,0.003957851452068839,-0.06987616496620241,0.00314829092778246,-0.05514758823508059,0.00034052942688211907,0.08566339644850851,0.0015291698792085917,0.21229813192987046
2014-03-05,78.06,-0.000256213169356867,0.004932103510120411,-0.002818344862925981,-0.003074558032282959,0.31909127081978106,0.000768639508070379,0.2507068276205273,-0.00034588777863131526,0.2433023035840649,-0.0016269536254168715,0.37761978626329484,-0.002557861474079659,0.5750758784912715
2014-03-06,78.38,0.0003827507017095666,0.0027430466955855604,-0.0034447563153865435,-0.0040826741515691545,0.10414746213806048,-0.003648890022965201,0.3784562397591238,-0.004248532788976078,0.3421186830917349,-0.004675937739219593,0.4933233621801194,-0.007127668622947891,0.7278666397753542
2014-03-09,78.53,-0.0030561568827198737,0.0005093594804532753,-0.00420221571373991,-0.0019100980517000599,0.12077154102224763,-0.006265121609576152,0.44463667515934757,-0.005628422259008614,0.4643519684434547,-0.005634789252515593,0.6549803898939264,-0.008964726855978378,0.893174251291895
2014-03-10,78.95,-0.00455984800506648,0.005573147561747982,-0.0048131728942369945,-0.005319822672577579,-0.20701135755314326,-0.008891703609880008,0.04326546358050898,-0.010069664344521279,0.12173514477596048,-0.010151994933502828,0.29671306439078204,-0.014511294067975244,0.42571792250483065
2014-03-11,79.24,-0.007319535588086845,0.0026501766784452485,-0.007824331145885766,-0.0036597677940433115,-0.11652560212074048,-0.011256940938919824,-0.1240314309308922,-0.012645128722866605,-0.03016379301228167,-0.013194093891974124,0.12978488855952186,-0.01791603567221889,0.24264146937553788
2014-03-12,79.19,0.00164162141684554,0.0071978785200152995,0.0,0.0006313928526329171,-0.2280233694284597,-0.007046344235383528,-0.34594626602230394,-0.010279075640863167,-0.2544352362287112,-0.012318474554868564,-0.1435742545659724,-0.01724123416256229,-0.049637920602433994
2014-03-13,78.98,0.001519371992909413,0.003165358318561573,-0.0039250443150165015,0.0026589009875916947,-0.3483978798030746,-0.0015446948594584065,-0.5307179138270691,-0.006381362370219801,-0.4931341736441174,-0.008616105343125291,-0.44652667120786793,-0.013974001857009921,-0.3891963380032828
2014-03-16,79.84,-0.010270541082164408,0.0013777555110219275,-0.010270541082164408,-0.010771543086172342,0.7569758432467675,-0.010796593186373049,0.037121728111207064,-0.016683366733466265,-0.03419772493531137,-0.018555861723447364,0.016378672188399612,-0.023714094856378987,0.09441555922235612
2014-03-17,79.77,0.0008775228782751388,0.003886172746646599,-0.003260624294847636,0.0008775228782751388,0.09718241116339454,-0.006644101792654067,0.22147863053707617,-0.012861978187287737,0.05761844556222617,-0.017418829133760028,0.10109843907188054,-0.021511846558856074,0.18111767212937435
2014-03-18,78.78,0.011424219345011588,0.014343742066514231,-0.0034272658035033876,0.012566641279512458,-0.1049889885907952,0.007920792079207706,0.118889086134361,0.001218583396801698,-0.06043768434641861,-0.003928662096979507,-0.06132602089635053,-0.007493441651856947,0.031549751478450405
2014-03-19,78.32,0.004851889683350485,0.0077885597548521535,-0.0021080183861081903,0.005873340143003114,-0.0060133894427502055,0.01266598569969335,0.13842588534754108,0.0083248212461704,-0.06534421293401271,0.0023301838610823022,-0.06773732783232855,-0.0005192373169894404,-0.0015640648139904068
2014-03-20,77.88,0.014894709809964102,0.024011299435028333,0.0,0.005649717514124353,-0.5925014222083224,0.016153055983564313,-0.5456668751176155,0.014355418592707503,-0.6088561802804399,0.008249871597328706,-0.6192006876293124,0.005927923300805382,-0.5948249389278248
2014-03-23,79.3,-0.010151324085750257,0.006683480453972379,-0.010466582597730145,-0.01790668348045399,0.8936910895013619,-0.004817150063051945,-0.02557375524030081,-0.004438839848675213,-0.12219543875945893,-0.009861286254729595,-0.21962828841018867,-0.01167297183690541,-0.19283620295611015
2014-03-24,79.81,-0.003633629870943622,0.002255356471619896,-0.0046360105249969585,-0.006390176669590297,0.2618822343523659,-0.012529758175667594,0.2918921277336961,-0.00983586016789817,0.17502302420808524,-0.015286304974314713,0.003756043924904029,-0.017157415528546216,0.03323959847430369
2014-03-25,79.5,0.006666666666666599,0.008553459119496898,-0.00213836477987428,0.003899371069182367,0.07522994659648075,-0.008578616352201474,0.4178350439677043,-0.004893081761005891,0.29114538747778873,-0.010383647798742901,0.0835624879694572,-0.012578616352200589,0.11068120762306788
2014-03-26,79.65,-0.0012554927809166339,0.009792843691148745,-0.003389830508474745,-0.0018832391713747842,0.016766047018300645,-0.008637790332705841,0.4333249940959427,-0.006440677966101371,0.32263262061334075,-0.011217827997489715,0.10478999443955228,-0.014161958568737476,0.12009826695074999
2014-03-27,79.76,0.002256770310932632,0.007021063189568633,-0.0030090270812438424,-0.0013791374122367195,0.26825788323106026,-0.006670010030090379,0.8014460587469747,-0.007234202607823259,0.6533890764298786,-0.011666248746239338,0.41350868117028683,-0.014618856569708405,0.40549379981744305
2014-03-30,80.6,-0.007444168734491274,0.002853598014888492,-0.01302729528535973,-0.01042183622828774,-0.24484400741108436,-0.012357320099255498,0.010995588954206381,-0.016612903225806108,0.149228808753896,-0.02128411910670036,0.05519548289318643,-0.02407775020678149,0.05740664558005304
2014-03-31,80.34,0.003236245954692407,0.006223549912870219,-0.0016181229773464256,0.003236245954692407,0.03293294504608424,-0.005924819517052704,-0.02207557736850463,-0.012484441125217627,0.18757256214247953,-0.016175006223550725,0.08923733054745964,-0.020421541780764274,0.08361705504512962
2014-04-01,80.13,0.0007487832272556894,0.002495944090852298,-0.0041183077499064025,0.002620741295395135,0.21961018147082667,-0.0019967552726820603,0.17279950399407884,-0.009185074254336234,0.4560690937434875,-0.012417321851991292,0.3278117966049403,-0.016868422147342965,0.2843032617383001
2014-04-02,80.1,0.0022471910112360494,0.005992509363295984,-0.0021223470661670962,0.0003745318352059712,0.1937995106768733,-4.9937578027736684e-05,0.3459470591120539,-0.007128589263420304,0.7052201962923423,-0.01060549313358361,0.5691938563510632,-0.01567207657095182,0.5214053989159244
2014-04-03,79.77,0.0087752287827505,0.009854581923028682,-0.00025072082236421434,0.004136893569010924,-0.34717253594433817,0.005214993105177257,-0.17882364446579668,-0.0007897705904471586,0.07839511103594665,-0.005233797166855458,0.019620845421514987,-0.010689064393463621,-0.016911462819379497
2014-04-06,80.49,-0.005839234687538775,0.007205864082494795,-0.006957386010684408,-0.008945210585165841,-0.3456629915932876,-0.003752018884333519,-0.42883319073920545,-0.0073797987327614,-0.38967065332668405,-0.013268729034663362,-0.3222911647790815,-0.018793224831240796,-0.35496591520027687
2014-04-07,81.35,-0.010325752919483566,0.0003687768899816035,-0.016349108789182498,-0.01057160417947145,0.11222247769267613,-0.01455439459127239,-0.2851955152400184,-0.016410571604179025,-0.3043621678151479,-0.022495390288875927,-0.21264033172908547,-0.02808850645359462,-0.26748748398086686
2014-04-08,81.49,0.0038041477481900454,0.00920358326174986,-0.0020861455393299533,-0.0017180022088599811,0.028558129972187096,-0.013768560559578091,-0.20136973594331997,-0.01621057798502834,-0.2585907677855661,-0.022702172045650615,-0.16728109396813962,-0.028437027038081375,-0.2358845221240209
2014-04-09,81.09,0.006042668639782978,0.012825255888518905,-0.002466395363176721,0.00493279072635322,-0.05299104480351624,-0.005549389567147789,-0.16478148261840309,-0.008903687261067494,-0.2709521130287693,-0.01649401899124525,-0.19466493772040339,-0.022152341020264865,-0.26604023777163033
2014-04-10,80.76,0.002724120851906875,0.011144130757800852,-0.0032194155522536905,0.004086181277860312,0.03140481813823692,0.0009658246656758518,-0.027733318773483617,-0.003070827142149124,-0.21366597687688516,-0.011298910351660196,-0.15869685767566655,-0.01695971603103763,-0.227063695285336
2014-04-13,80.81,0.0023511941591387586,0.004826135379284668,-0.0037124118302189757,-0.0006187353050364219,0.6650739223714828,0.002796683578764725,0.7084276217972307,-0.0024501918079439244,0.38555102793295304,-0.010809305778988754,0.37958810205516214,-0.016701728333951116,0.3026710565294519
2014-04-14,80.84,-0.0006185056902523467,0.0030925284512617335,-0.003958436417615174,-0.00037110341415147463,-0.21114993076518207,0.003216229589312114,0.21192701707673756,-0.0025606135576442535,0.07758907856134112,-0.010576447303316083,0.08081319632392159,-0.015693551047335497,0.02204647234735213
2014-04-15,81.65,-0.0045315370483772766,0.0028169014084504784,-0.007593386405388869,-0.009920391916717675,0.08505550101485859,-0.007985303123086318,0.24565280396065847,-0.011843233312920587,0.1787037155264315,-0.019736680955298125,0.18059617064077615,-0.024482547458664072,0.11178761250273528
2014-04-16,81.76,-0.00354696673189836,0.001590019569471579,-0.005136986301369939,-0.0013454011741682592,-0.008866257326216265,-0.008928571428571508,0.1568884251782463,-0.011313600782778432,0.18687541286543907,-0.019300391389433402,0.16830331212848093,-0.02423352902804865,0.10096949033098435
2014-04-20,81.56,0.0030652280529670506,0.0030652280529670506,-0.00331044629720445,0.0024521824423737737,0.3095898905364731,-0.004855321235900156,0.39536885679714073,-0.006853849926434119,0.5969809699415038,-0.014786660127514395,0.5277811680080877,-0.020328592447277027,0.4517178825971322
2014-04-21,81.25,0.003569230769230769,0.005169230769230815,-0.0012307692307691465,0.003815384615384554,-0.3093480129240467,0.0009107692307690485,-0.15368231772417396,-0.000861538461538025,0.07860926874132002,-0.008763076923077873,-0.025038272494545932,-0.015286153846152839,0.004540441926144112
2014-04-22,80.36,0.004479840716774541,0.004479840716774541,-0.012195121951219523,0.011075161772025943,-0.033433028368464957,0.013091090094574431,-0.13699600819757252,0.011149825783972611,0.0012164220737438391,0.003428322548530538,-0.06786872507080499,-0.003252032520324244,-0.015033708611817409
2014-04-23,81.15,-0.010967344423906344,0.002834257547750907,-0.014048059149722736,-0.009735058533579921,0.0054700705086347945,0.002045594577941845,-0.12024575700390039,8.62600123232582e-05,-0.017503931780434967,-0.006001232285891334,-0.05915940601727698,-0.012376257958512049,0.000782679498833927
2014-04-24,81.41,-0.002579535683576828,0.0020881955533718077,-0.0054047414322564435,-0.003193710846333242,0.2709243941817978,-0.0023829996314951307,0.1508350044448119,-0.003525365434221439,0.22163226299949113,-0.008162387913033697,0.20412769314591994,-0.01474839290832286,0.2810712363646306
2014-04-27,82.94,-0.016879672052085737,0.0004822763443452782,-0.01724137931034475,-0.01844707017120817,-0.3533976419447543,-0.02163009404388727,-0.27101856426688453,-0.021521581866409067,-0.2506726600491771,-0.02539787798408566,-0.2241538570203806,-0.032031187203599765,-0.17792107612958996
2014-04-28,82.44,0.0037603105288694927,0.006186317321688506,-0.0009704027171275609,0.006065016982047533,0.6069937679830353,-0.012348374575449017,0.31558663933838926,-0.012942746239689162,0.20088820135483698,-0.017558224163028546,0.28268552020301896,-0.024559275432636807,0.30603645596646056
2014-04-29,82.55,-0.001938219261053864,0.0024227740763174133,-0.0032707450030283747,-0.0013325257419745107,0.15384133188709015,-0.010781344639612556,0.45257151940139195,-0.012283464566928748,0.3873889311855885,-0.017752877044216353,0.4697992529875141,-0.02480920654148877,0.500365473334716
2014-04-30,82.34,0.0006072382803010701,0.0015788195287831375,-0.007043964051493767,0.002550400777264983,0.17707547675897084,-0.0029390332766580096,0.5845225069385689,-0.007687636628612826,0.5812175929542351,-0.013905756618898035,0.7115336472355367,-0.02119666423771238,0.7569437733579663
2014-05-01,81.92,0.003662109375,0.00830078125,-0.0020751953125,0.005126953125,-0.19863184891962948,0.005078124999999822,0.14259536609754142,-0.0017578124999995115,0.222051952091332,-0.007501220703125977,0.36078981303503976,-0.01472981770833226,0.39139279988282727
2014-05-04,81.7,-0.0007343941248469932,0.002252141982864053,-0.0028151774785801775,0.0026927784577723823,0.45259738623528256,0.009033047735618194,0.6216946634632765,0.0011260709914324707,0.7368844730894417,-0.0037148102815186546,0.9874395447767981,-0.010607915136677804,1.006307253019977
2014-05-05,81.13,0.007765314926660993,0.007765314926660993,-0.0001232589670897566,0.007025761124121788,-0.006050269878493664,0.013065450511524634,0.3056206247103468,0.008332306175274695,0.6864796145040961,0.0044743005053611284,0.9309134467961295,-0.002087185176053774,0.8730332975005315
2014-05-06,82.09,-0.0077963211109757236,0.0006090875867950096,-0.008161773663052818,-0.011694481666463696,-0.30848097609432756,-0.001973443781215778,-0.17616800205541738,-0.0036057985138258086,0.09591856282230715,-0.006882689730784097,0.2702875325262868,-0.013014171437851885,0.2619551555162385
2014-05-07,82.16,-0.0012171372930865898,0.0019474196689386325,-0.00413826679649465,-0.000851996105160624,0.4337486445273886,-0.0039435248296009195,0.19786212117482505,-0.0023490749756567286,0.5077708364912443,-0.007278481012659044,0.7646297870153604,-0.012930055176889499,0.7931119247185663
2014-05-08,82.39,-0.002306105109843415,0.004976332079135837,-0.003034348828741318,-0.002791600922442128,-0.3659071295752305,-0.007161063235829768,-0.25910508683061173,-0.003908241291418424,-0.11098878199181972,-0.009643160577740839,0.07152959943743609,-0.014609378160779118,0.12038969364809415
2014-05-11,81.73,0.010767160161507361,0.011990701088951283,-0.0002447081854889399,0.008075370121130465,-0.07068513292771283,0.002006607121007864,-0.29431916647347567,0.0053346384436563365,-0.17629457272808013,-0.0008503609445743576,-0.035381895996480006,-0.005534483461804185,0.03767225915400907
2014-05-12,81.61,0.004043622105134093,0.0045337581178777064,-0.002328146060531777,0.0014704080382306195,0.20166243113275684,0.0035534860923902567,-0.051240210504073236,0.005330229138586606,-0.06730687165621274,0.0012130866315396283,0.12877677953965727,-0.0032675734182893157,0.25429904016140337
2014-05-13,81.17,0.0070222988788961604,0.009116668719970411,-0.0006159911297276555,0.005420721941604034,-0.04845608921521172,0.010176173463101845,-0.04051315827186053,0.009757299494887794,-0.12232468064731694,0.0071331772822462725,0.06996722271227873,0.0025502032770738925,0.1840496330007786
2014-05-14,80.53,0.00894076741586991,0.010430895318514821,-0.0011175959269837943,0.007947348814106636,-0.2689636798157029,0.015919533093256888,-0.29361669224575926,0.016068545883522134,-0.3517941845587367,0.015342108530981502,-0.22916558979218715,0.010861376712613113,-0.1391995534383229
2014-05-15,80.33,0.003734594796464652,0.0053529192082659716,-0.0041080542761110506,0.002489729864309842,-0.18661816936079323,0.014390638615709772,-0.3428934274731269,0.016345076559193927,-0.43738291893051584,0.017172911739075758,-0.3682568436697218,0.013544130461845771,-0.292169011582632
2014-05-18,79.93,0.0010008757662955947,0.001501313649443059,-0.004879269360690608,0.0050043788314775295,0.9031154088171462,0.01431252345802525,0.39067955583346436,0.0194420117602907,0.15188961428318826,0.021368697610408383,0.22848629669911014,0.018712206514033936,0.37952875602835157
2014-05-19,80.23,-0.0026174747600649084,0.004362457933441366,-0.003240683036270786,-0.0037392496572353773,-0.1393533493580933,0.006032656113672763,0.1462901981632927,0.013423906269475872,0.012766209483022983,0.01653371556774208,0.05501209933613049,0.014969462794466759,0.17511648273710922
2014-05-20,80.49,-0.001863585538576129,0.002236302646291488,-0.005839234687538775,-0.0032302149335320385,0.11317578065234568,-0.0006460429867068962,0.29233541906878524,0.009032177910299977,0.166278910201912,0.012616474096160513,0.15703857637908536,0.011583219447551363,0.275707412378869
2014-05-21,80.65,-0.0034717916924984493,0.0002479851208927464,-0.007439553626782502,-0.001983880967142082,0.13996925625784762,-0.004314941103534253,0.4540382133674683,0.005046497210167811,0.32412560233766063,0.010688158710476792,0.28985040251142813,0.009220913411862819,0.42102248265757214
2014-05-22,80.52,-0.00012419274714348116,0.004098360655737654,-0.0014903129657226621,0.0016145057128664764,0.24327405110619038,-0.002409339294585755,0.6360464853735608,0.004793840039742259,0.6670464887268386,0.012009438648782345,0.5592926148525619,0.010502566650108847,0.7220466917864439
2014-05-26,80.08,0.0058691308691307675,0.006243756243756282,-0.0003746253746254036,0.005494505494505475,-0.36141471544118886,0.003546453546452888,-0.15756476096637295,0.007979520479520996,0.02414446487137467,0.01701423576423511,-0.025845456489544394,0.01581751581751689,0.062890170148175
2014-05-27,80.1,-0.0008739076154805625,0.0022471910112360494,-0.0009987515605492936,-0.00024968789013724013,0.6672693981024076,0.0036704119850181627,0.4488836060302339,0.005667915106118082,0.6871906915480424,0.014975031210985534,0.5695499912053732,0.015280898876405491,0.7338300611530031
2014-05-28,80.4,-0.003731343283582267,0.0,-0.003980099502487677,-0.003731343283582267,0.080923329686029,-0.0003980099502496337,0.4191773935401808,3.731343283641664e-05,0.7635504126822248,0.009732587064675613,0.6577911666631078,0.011198175787728859,0.8492302455768612
2014-05-29,80.79,-0.0066839955440030074,0.000742666171555717,-0.007674217106077519,-0.004827330115113271,-0.47704847254641347,-0.005446218591410701,-0.32384556196291503,-0.005743285060031633,-0.11792928691565352,0.0035276643148896003,-0.14897567459242722,0.00613524776168739,-0.055907993960120805
2014-06-01,80.36,0.0037332005973120808,0.003857640617222602,-0.0008710801393727596,0.005350920856147523,0.7158214987665641,0.00022399203583800542,0.2465512504957521,-9.955201592770635e-05,0.4680072634898824,0.00793305126928745,0.4846749112724913,0.011162269785963908,0.6132059898705744
2014-06-02,79.93,0.0013762041786562484,0.004629050419116654,-0.004128612535969078,0.005379707243838183,-0.3786247470706383,0.005204553984735849,-0.22948147221599835,0.005317152508445444,-0.19149295240466857,0.012379582134366851,-0.09393963605713362,0.016018182576421625,-0.016930634119574406
2014-06-03,79.86,0.001753067868770275,0.004507888805409532,-0.0027535687453041913,0.0008765339343852485,0.28430402828841905,0.005709992486851334,-0.01165795610866227,0.0061983471074387175,0.05490094392370648,0.012158777861256409,0.1858323659882386,0.01622839969947476,0.26609394187430424
2014-06-04,80.11,0.0,0.002496567220072521,-0.001747597054050698,-0.00312070902509054,-0.06236130191499445,0.0019722881038566342,-0.030914081162487506,0.0025964299088758747,-0.03902874072200824,0.008207464735987324,0.11910615513318734,0.0124786751549959,0.16507146846987064
2014-06-05,80.03,0.0007497188554292933,0.0025927777083594172,-0.0026240159940023045,0.000999625140572169,0.048368800491125574,0.0022491565662872137,0.08485515238110763,0.003123828564288944,-0.0025221069864052037,0.007978258153191753,0.16553125582894634,0.01338664667416456,0.1985356781316947
2014-06-08,80.09,-0.002247471594456374,0.001872892995380182,-0.0029966287926084245,-0.0007491571981521616,-0.13080359124483754,-0.00039955050568163397,-0.11719535602516351,0.0015982020227249816,-0.1336167162442472,0.0058933699587953026,0.020086310323018663,0.012161318516669573,0.020740040226626455
2014-06-09,80.15,-0.0014971927635684112,0.0018714909544603753,-0.0018714909544604863,-0.0007485963817841501,0.12273478353842271,-0.0018215845290084909,0.06259492339856254,0.0003119151590771363,0.005938895574983505,0.003705552089830366,0.13688578795477957,0.010854647535871065,0.13927829646555967
2014-06-10,80.06,-0.00012490632025985438,0.0029977516862351727,-0.0022483137646766016,0.0011241568823383563,-0.24096086391204208,-0.0001498875843121139,-0.22866907950855508,0.001523857107170068,-0.2545138301555514,0.0038471146640011167,-0.15181957798383938,0.010829377966526055,-0.16178848450841676
2014-06-11,79.76,0.0007522567703108773,0.003385155466399059,-0.0008776328986961346,0.0037612838515546088,0.14210108717283743,0.004112337011032752,-0.05696149570028752,0.005240722166499845,-0.09873638352904734,0.006651203610831491,-0.02428677598093054,0.013636743564026332,-0.04145540387289459
2014-06-12,79.64,0.0011300853842290959,0.003766951280763431,-0.0017579105976895937,0.0015067805123054612,0.2521796564882861,0.004746358613761492,0.20917627324397814,0.0059517830236068825,0.17919686507001664,0.00728277247614173,0.21844888722800326,0.013996316758748462,0.20202122437787784
2014-06-15,79.69,-0.0021332664073284713,0.0031371564813653663,-0.0072782030367674055,-0.0006274312962730733,-0.02286783503307188,0.003137156481364922,0.1699307670361565,0.0038775254109681967,0.11061997000042356,0.006092357886810618,0.15131976391735535,0.012230727402017028,0.17390909750962025
2014-06-16,79.58,0.00037697914048751,0.0026388539834130142,-0.0028901734104046506,0.0013822568484542774,-0.0005685887589533811,0.003518471977883353,0.13111244624869123,0.00442322191505462,0.1287779538186027,0.007080924855490389,0.092357502008795,0.012695819720198509,0.16515593164220488
2014-06-17,79.79,-0.004386514600827285,0.001879934828925789,-0.00827171324727427,-0.0026319087604963487,-0.4450340900336206,-0.0005514475498189508,-0.37894044077030153,0.0013410201779675557,-0.3905505152883485,0.004211054016793225,-0.39760573878270655,0.00914483853448722,-0.35069624376629305
2014-06-18,80.24,-0.004860418743768746,0.004112662013958213,-0.0054835493519441725,-0.005608175473579169,-0.23012000600330185,-0.006829511465603733,-0.48722563810095554,-0.004361914257227872,-0.4972576276952324,-0.0016949152542381496,-0.5259798929411176,0.0029287138584255246,-0.4867026224423433
2014-06-19,79.93,0.006380583010133778,0.0071312398348553074,-0.0013136494432629542,0.003878393594394902,0.07096602689381126,-0.001776554485175219,-0.34855263728638974,-0.0003377955711243441,-0.4041101521214311,0.002020517953208012,-0.46596644094281103,0.006046957754702653,-0.4335507933538878
2014-06-22,79.52,0.0067907444668009465,0.0067907444668009465,-0.002012072434607548,0.0051559356136823276,0.6789947292516458,0.004099597585512704,0.2795205662816036,0.004690643863179522,0.08891661797005668,0.006734154929576519,-0.05943399906157065,0.010299295774648387,-0.015187489145213728
2014-06-23,79.01,0.005189216554866372,0.005442349069737951,-0.001202379445639723,0.006454879129224045,-0.14835024408481223,0.010150613846347856,0.12924819426270462,0.010454372864194594,-0.06533376644469713,0.012599670927729623,-0.18380087092157715,0.015609838417078636,-0.1627389513188956
2014-06-24,79.32,-0.0035300050428641594,0.0004412506303581587,-0.008446797781139548,-0.003908219868885343,-0.350962907779097,0.004765506807866249,-0.2222013125816068,0.005068078668684084,-0.3734812753611382,0.007967725668178716,-0.46566952370465864,0.010497562615566336,-0.4557941485748861
2014-06-25,78.62,0.007886034088018246,0.008522004578987552,-0.00038158229458151727,0.008903586873568958,0.7307564038835701,0.012515899262273589,0.4274541576533346,0.013075553294327413,0.15477707751855796,0.016446196896463094,-0.017592225149021146,0.018523700500297613,-0.030439405393174024
2014-06-26,79.02,-0.005315110098709219,0.002151354087572832,-0.006327512022272885,-0.0050620096178182195,-0.19093760639122737,0.003290306251581221,0.03835407089599463,0.006504682358896785,-0.05752403216290347,0.01017463933181384,-0.18636852651157976,0.012292246688602848,-0.21412031796902897
2014-06-29,78.59,0.0053441913729481705,0.011070110701106861,-0.002035882427789737,0.0054714340246850846,-0.12879820345949344,0.006463926708231815,-0.1475802937255989,0.011222801883191469,-0.14238577364777572,0.014575645756456534,-0.28367152728265865,0.017190482249650696,-0.31671809650148364
2014-06-30,79.28,-0.005171543895055475,0.0016397578203835028,-0.009775479313824498,-0.008703329969727558,0.22263472366069004,-0.004641775983855401,0.12183500142871106,0.0010343087790114502,0.10750837528491153,0.004629162462158609,-0.08876158513836663,0.00760595358224081,-0.1695640587863202
2014-07-01,79.56,0.0,0.0037707390648566985,-0.0015082956259427904,-0.0035193564605329186,0.3413119593759839,-0.007466063348417151,0.5132985907844068,-0.002865761689290869,0.5346866660745726,0.000685017596781412,0.23384110170233385,0.0037874979051457647,0.1263587682279803
2014-07-02,79.98,-0.0006251562890722262,0.0020005001250311683,-0.004313578394598672,-0.005251312828207122,0.14210544302766603,-0.01207801950487708,0.4997852775903391,-0.008389597399349746,0.6921416179002724,-0.004757439359840854,0.4169451374427018,-0.0017629407351830162,0.28172667817476005
2014-07-06,80.19,-0.005486968449931351,0.00012470382840756855,-0.006609302905599246,-0.0026187803965580514,-0.1758734888046677,-0.011273226088041599,0.18323886661511124,-0.011310637236562893,0.2897888903304173,-0.007444818555930488,0.16558440177054323,-0.004589100885396213,0.05211601054319881
2014-07-07,80.56,-0.006578947368421018,0.0035998013902680537,-0.00806852035749761,-0.004592850049652486,-0.2705209671505625,-0.012909632571996621,-0.18715136029795465,-0.01552879841112198,-0.11366224481264997,-0.011904170804370118,-0.1434303146807484,-0.009351208209201323,-0.2284469269143684
2014-07-08,81.67,-0.012366842169707404,0.0015917717644178264,-0.014325945879759994,-0.013591281988490245,-0.2450612790565957,-0.021501163217828356,-0.4053739474926322,-0.02763560670993004,-0.312697048247795,-0.02504591649320509,-0.34180270048781847,-0.02279906942573695,-0.4046620028542358
2014-07-09,81.61,-0.0041661561083200516,0.0036760200955765487,-0.005146428133807168,0.0007352040191153097,0.3794230178965263,-0.014924641588041299,-0.09568922162578386,-0.023661316015194167,-0.0068203982137274854,-0.023397867908345193,-0.05529530753498235,-0.021431197157210202,-0.15936995490237293
2014-07-10,81.16,-0.0012321340561852745,0.005049285362247469,-0.0019714144898964614,0.005544603252833902,0.16854346941134013,-0.004411039921144,0.12332726505987068,-0.015426318383440107,0.11026872091620699,-0.017028092656481753,0.11278525240652981,-0.01538524724823287,0.0026394484941714147
2014-07-13,81.32,0.0004918839153960075,0.005103295622233217,-0.00024594195769789273,-0.001967535661583808,0.10476286884322228,-0.0034677816035422193,0.30031874501295186,-0.014240039350713052,0.23036021639106008,-0.018101328086572166,0.23665213569443133,-0.017010985407442836,0.12546874763549076
2014-07-14,81.26,0.003076544425301586,0.003138075313807498,-0.0020920502092049986,0.0007383706620722741,-0.2938816181924755,4.9224710803930094e-05,-0.07909533516959488,-0.010681762244646786,-0.15373159459080943,-0.016342603987202442,-0.11851073486770103,-0.01606776601854043,-0.2074513658707804
2014-07-15,80.94,-0.0004941932295526863,0.0032122559920930716,-0.0023474178403755097,0.0039535458364221565,0.07739978152787197,0.005732641462811161,0.0031086618844824443,-0.0034717074376080514,-0.09565467812134543,-0.011483815171732914,-0.026227760043698867,-0.011807099909396879,-0.1263342781531933
2014-07-16,80.4,0.007338308457711218,0.010199004975124382,-0.00012437810945276073,0.006716417910447747,0.5284041910561827,0.010671641791043962,0.42470886331985347,0.005286069651741165,0.39108009965819357,-0.00399875621890633,0.5191438767338026,-0.004751243781093484,0.3465630542165903
2014-07-17,80.55,0.0,0.0024829298572315306,-0.00484171322160154,-0.0018621973929235924,-0.10052940785087272,0.005785226567348589,0.1913406866213767,0.004456859093730614,0.24464085378905454,-0.005474860335196063,0.33750166145833105,-0.006381129733083912,0.2133733988727744
2014-07-20,80.28,0.0006228201295466196,0.001493522670652725,-0.004110612855007467,0.0033632286995515237,0.46592120859085573,0.007648231190831467,0.7008380377788259,0.008545092177379088,0.8472236450814048,-0.0019369706028906641,0.8932613238942584,-0.002856668327519185,0.7841064076417223
2014-07-21,80.1,0.0023720349563047805,0.005992509363295984,-0.0041198501872659055,0.0022471910112360494,-0.26904101415085024,0.007315855181023068,0.16529781592434967,0.010923845193508086,0.3134351903442807,0.000524344569287738,0.32440870179154535,-0.0005118601747802209,0.29816691298603626
2014-07-22,79.99,0.0042505313164145075,0.006375796974621872,-0.0021877734716839736,0.0013751718964869486,0.03087473056599843,0.005800725090635783,0.08022969296362881,0.011738967370921394,0.30176003905276017,0.0022627828478551937,0.3578789299937519,0.0008667750135444852,0.3366655877142226
2014-07-23,80.26,-0.0017443309244954408,0.0007475703962120939,-0.0051083977074509734,-0.0033640667829555326,-0.061011971644444385,4.9838026413562275e-05,-0.08306339198823898,0.006242212808372782,0.1230565960391603,-0.0004983802641422841,0.25697029449856457,-0.0025666583603281,0.2563508707283195
2014-07-24,79.56,0.005781799899446938,0.007541478129713397,-0.002388134741075909,0.008798391151332297,-0.003056298334122798,0.008496732026143095,-0.07249603205562005,0.013398692810457469,0.079703032988796,0.008886375062844953,0.203116375609929,0.006292944528239586,0.24625862846169277
2014-07-27,79.26,0.0018925056775169757,0.004542013626040786,-0.005172848851880074,0.0037850113550339515,-0.0686361241668344,0.009815796114054143,-0.14249831295061988,0.015215745647237044,-0.012544943587436519,0.013298006560685582,0.11337043608746611,0.01001766338632426,0.15956727183397068
2014-07-28,78.65,0.005594405594405494,0.010807374443738027,0.0,0.007755880483153232,0.0515669878778231,0.015054036872217846,-0.026136824654749757,0.02047043865225695,0.03761228423755969,0.021309599491416753,0.1535182122103813,0.0176901885992804,0.2273749786868151
2014-07-29,78.16,0.006908904810644989,0.01087512794268175,-0.0002558853633571889,0.006269191402251906,-0.22547067246499786,0.017707267144318584,-0.23721518590658386,0.02352865916069624,-0.23506729230146184,0.027750767656089526,-0.12993340677671927,0.023626748549983922,-0.04497778217045301
2014-07-30,77.32,0.00569063631660649,0.008923952405587299,-0.00038799793067756383,0.010863942058975784,-0.26188965692348987,0.02403000517330489,-0.3941862992342162,0.03105276771857257,-0.4411783268162043,0.0381919296430413,-0.3583755049540589,0.034135195723401734,-0.2863137177136109
2014-07-31,79.65,-0.005021971123666091,0.012806026365348444,-0.01029504080351551,-0.02925298179535485,-0.3793913757302948,-0.013308223477715875,-0.5691892231522939,-0.002975517890772106,-0.6234487792090312,0.006415568110482717,-0.5881162673262122,0.002849968612681497,-0.5540946696596221
2014-08-03,79.22,0.003029537995455689,0.003029537995455689,-0.0070689219893966815,0.005427922241858285,0.4998888242123227,-0.007725321888413017,-0.1580910757021402,0.0013001767230498285,-0.33911917804282743,0.011670032819994569,-0.330003562593956,0.008045106454600326,-0.3156815166878377
2014-08-04,79.41,-0.005289006422364961,0.004155647903286708,-0.0054149351467068785,-0.0023926457624984243,0.5100975628788853,-0.010200226671704615,0.4043758481852775,-0.0024304243798007885,0.0934871501024701,0.0086387104898622,0.04552768441730137,0.005335180287958208,0.03509752953089551
2014-08-05,81.09,-0.020841040818843193,0.002589715131335435,-0.02244419780490825,-0.02071772105068448,-0.37719899663142376,-0.028832161795536826,-0.10088994558921038,-0.023948698976445804,-0.30399741455093154,-0.01296707362190197,-0.35333785088557246,-0.015538290788012166,-0.35261763218214803
2014-08-06,80.14,0.010980783628649737,0.012977289742949871,-0.0016221612178686229,0.011854255053656226,0.6224443235009838,-0.010007486897929407,0.5735671538003619,-0.011005739955078475,0.2170228819439486,-0.001628400299476418,0.053715136281896614,-0.0030030779469250035,0.0700608998201897
2014-08-07,80.95,-0.011117974058060587,0.0009882643607164177,-0.011241507103150084,-0.01000617665225445,0.27315800726824135,-0.012946263125386714,0.8963605541933479,-0.021050030883261184,0.575836805796317,-0.012526250772082026,0.3345227869775278,-0.012641548280830861,0.3373895068740582
2014-08-10,81.48,-0.0030682376043200676,0.0047864506627393055,-0.005522827687776122,-0.006504663721158543,-0.2409477551829865,-0.016175748649976285,0.1488960432819615,-0.025711831124202056,0.19519298543835162,-0.019078301423662625,0.005012799020333247,-0.018110783832432475,0.010888350436957017
2014-08-11,81.42,0.0009825595676737908,0.0054040776222057385,-0.002579218865143784,0.0007369196757553986,0.24238018990470178,-0.009899287644314136,0.30943570212033866,-0.022267256202407104,0.5066028189254146,-0.018257184966839035,0.25909549640086516,-0.016380086792760817,0.2519256679429944
2014-08-12,81.48,0.0019636720667648433,0.0038659793814432852,-0.004540991654393811,-0.0007363770250368162,0.2044848393811527,-0.005694648993618712,0.5258394500450725,-0.0195876288659792,0.8177011945427728,-0.01888193421698614,0.4887135270104743,-0.01594665357551872,0.4853143365782193
2014-08-13,81.95,-0.004392922513727915,0.001098230628431951,-0.006284319707138497,-0.005735204392922522,-0.0773247406089016,-0.010445393532642289,0.15941866584026143,-0.02115924344112241,0.6295272781963102,-0.024179377669310886,0.3443087223223287,-0.02069554606467272,0.3538555950417268
2014-08-14,81.78,0.005502567865003805,0.005502567865003805,-0.007336757153338147,0.0020787478601125287,-0.20102799678035344,-0.003961848862803152,-0.1270787769384394,-0.013462949376375488,0.23042107992873673,-0.021203228173147903,0.07458570625103134,-0.017685660715740625,0.08011263374499444
2014-08-17,82.44,-0.00545851528384278,0.004973313925278999,-0.007641921397379847,-0.008005822416302766,-0.12166649647852534,-0.009922367782630337,-0.20471217241198558,-0.018777292576418914,-0.045751885094962086,-0.02829330422125209,-0.050740087684558954,-0.024822092835192322,-0.04371984657588357
2014-08-18,82.69,-0.004111742653283401,0.0021768049340913365,-0.006893215624621973,-0.003023340186237733,0.22952886466779598,-0.010593784012577712,-0.014532199836624016,-0.017849800459547538,0.12055243780110159,-0.029925021163381582,0.1963261933321354,-0.026863385334783718,0.18438859238902605
2014-08-19,82.81,-0.004226542688081203,0.0015698587127157548,-0.004226542688081203,-0.001449100350199295,0.49988271452059707,-0.008960270498732603,0.49041076102456227,-0.015312160367105476,0.6561977902324654,-0.02976693636034311,0.8030804622029812,-0.027416173570018798,0.7598845765412312
2014-08-20,83.28,-0.0057636887608070175,0.0022814601344860463,-0.007084534101825191,-0.005643611911623436,-0.35515596205315714,-0.011359269932757599,-0.0639486560153113,-0.018804034582132423,-0.04818974941074783,-0.03354947166186395,0.15349854908385385,-0.032448767211014085,0.09949634783939931
2014-08-21,83.39,-0.002758124475356838,0.003237798297157868,-0.0029979613862572974,-0.001319103009953193,0.018224161818074958,-0.00947355798057381,-0.013192706266324183,-0.016332893632329926,-0.04240331590658042,-0.033013550785466195,0.1804842765223098,-0.03305752088579672,0.11151094580609344
2014-08-24,83.54,0.0023940627244432022,0.003351687814220572,-0.0027531721331098824,-0.0017955470433326237,0.24927867955759964,-0.007397653818530636,0.21692164061560315,-0.015178357672971043,0.2099776515954248,-0.03245750538664127,0.4808942708900128,-0.03390391828265826,0.3853666575024963
2014-08-25,83.38,0.002758455265051696,0.005396977692492255,-0.0005996641880546827,0.0019189254017750734,0.07678801639839361,-0.002854401535140605,0.19995231814934278,-0.010817941952506627,0.25274192805437057,-0.028034300791556777,0.5833306929074884,-0.031162548972574422,0.4839122772156754
2014-08-26,83.31,0.0014404033129276073,0.00348097467290831,-0.001799303805065433,0.0008402352658742895,0.22125992814452444,-0.0003601008282324569,0.3861246530563056,-0.007634137558516385,0.49690622257873795,-0.024378826071300375,0.9190952372209855,-0.029500260072819584,0.7773238950839756
2014-08-27,83.03,-0.00012043839576059145,0.0022883295194506825,-0.003251836685535303,0.0033722750812958946,-0.008175465758758826,0.00421534385161948,0.35918355531442625,-0.002083584246657888,0.4560991262383427,-0.01798747440684134,0.8561538822490142,-0.025276004656950568,0.7262337903065403
2014-08-28,83.11,-0.00024064492840814022,0.0002406449284080292,-0.00613644567440752,-0.0009625797136325609,-0.12608885741606335,0.0026470942124889874,0.07260446268072984,-0.0017446757309590444,0.23889249656692546,-0.01549753338948412,0.5511484147060246,-0.02515942726506959,0.49789771318095943
2014-09-01,82.98,0.0027717522294528063,0.006146059291395334,-0.0032537960954448497,0.001566642564473364,-0.11352157380488404,0.003543022415039232,-0.12432671552780417,0.0014220294046756177,0.05264708302625576,-0.011870330200048684,0.25560198217668684,-0.02260384028279827,0.3181706763846375
2014-09-02,82.9,0.004342581423401715,0.006996381182147182,-0.00156815440289515,0.0009650180940892206,-0.05483900413121989,0.00316043425814172,-0.17432042047914487,0.003039806996381067,-0.05502966792978159,-0.008648974668275522,0.13079646836081782,-0.02057498994772755,0.25209342719858796
2014-09-03,83.7,-0.009318996415770608,0.0005854241338112409,-0.010991636798088456,-0.009557945041815952,-0.21417473132903886,-0.007574671445639725,-0.33338781639905346,-0.006296296296296466,-0.2711685180297171,-0.01603942652329804,-0.12580751734666396,-0.028821186778175245,-0.017073312812632246
2014-09-04,83.77,-0.003939357765309737,0.0003581234332099559,-0.008415900680434518,-0.0008356213441564897,0.26393882578969907,-0.007472842306315286,-0.04891926614445363,-0.006064223469022467,-0.030215640823078926,-0.015303808045840084,0.059127047794940824,-0.02815646014881934,0.2511481992522948
2014-09-07,83.32,0.0030004800768121953,0.00336053768602973,-0.0022803648583773484,0.005400864138262129,0.20209706074741085,-0.00033605376860335046,0.20886190319232845,-0.00010801728276521594,0.1409376463733094,-0.00780724915986597,0.2525215548251276,-0.02150344055048725,0.501386502412215
2014-09-08,82.99,0.0007229786721292264,0.00361489336064591,-0.001927943125677789,0.003976382696710523,-0.058995936354464984,0.00414507772020678,0.1374722123581762,0.003783588384142833,0.03368045599484226,-0.0024340281961686694,0.16598989494903016,-0.01610234164758717,0.4038877315572802
2014-09-09,83.64,-0.005260640841702524,0.003825920612147149,-0.00585844093735044,-0.007771401243424236,-0.22542887838124503,-0.003634624581540513,-0.12853805139965446,-0.004674796747967558,-0.2049949109694864,-0.009283835485414116,-0.11903785340200435,-0.022262075561931494,0.07972275965386055
2014-09-10,83.49,0.0014372978799856995,0.003114145406635682,-0.0014372978799854774,0.0017966223499821243,0.059426057053881376,-7.186489399979568e-05,-0.04925854539551755,-0.002575158701640823,-0.13357927135816983,-0.006174392142772156,-0.06565350664987712,-0.018513195193036514,0.14544303358585897
2014-09-11,83.26,-0.0006005284650494325,0.0014412683161180162,-0.0048042277203940165,0.0027624309392264568,-0.003482110914310055,0.002185923612778584,-0.08709765772602385,0.00039634878693250997,-0.10366755546453643,-0.0022219553206827003,-0.06205234882295796,-0.013668027864520371,0.13123884749227388
2014-09-14,83.87,-0.008227018004053899,0.004530821509478811,-0.00870394658399909,-0.007273160844163629,-0.09149820422778365,-0.006319303684274025,-0.157001514121624,-0.006605460832240451,-0.1559479069109122,-0.00869798497675045,-0.14475893049251465,-0.01848098247287433,0.004556623373707991
2014-09-15,84.08,-0.0059467174119886,0.0044005708848715575,-0.00618458610846806,-0.0024976213130351033,-0.019276857234611033,-0.007492863939106087,-0.1142303900750653,-0.008182683158896142,-0.1427339747244959,-0.009931018078021325,-0.16414527083046193,-0.01925943545829334,-0.0665968977116127
2014-09-16,84.16,-0.0016634980988593506,0.004039923954372693,-0.002732889733840227,-0.000950570342205248,-0.13664220638571956,-0.00584600760456333,-0.18840087122913063,-0.007818441064638582,-0.2403357607567791,-0.009897813688213408,-0.2862410345827805,-0.018266793409378534,-0.21398824758019763
2014-09-17,84.19,-0.00011877895236955816,0.0029694738092409523,-0.0013897137427248962,-0.0003563368571088965,0.5590181774622973,-0.00496496020905135,0.323880294539981,-0.006675377123173565,0.23004924067207178,-0.009377598289583622,0.12598293941800165,-0.01673595438888187,0.22717087251517665
2014-09-18,84.47,0.0005919261276192689,0.0035515567657156133,-0.0034331715401917373,-0.0033147863146679724,-0.5334954880848943,-0.006605895584231636,-0.4006056069648931,-0.009387948384041778,-0.44493603503779755,-0.011844441813662177,-0.47153181589217896,-0.01877195059389869,-0.44957329600663687
2014-09-21,84.81,-0.0020044806037023966,0.0016507487324608494,-0.0037731399599104654,-0.004008961207404793,0.35534935232350784,-0.007734936917816904,-0.06819443096462263,-0.012533899304327356,-0.1823000657947621,-0.015104350902016672,-0.25828990779801897,-0.021003812443500802,-0.24021481443991588
2014-09-22,84.44,0.002486972998579029,0.0056845097110374,0.0,0.004381809568924755,0.08722320707686682,-0.0011605873993373317,0.04903882157178674,-0.006442444339175735,-0.06569320129203271,-0.009947891994316005,-0.18441833284910591,-0.015190273172271729,-0.16452903146062492
2014-09-23,85.24,-0.010675739089629266,0.0018770530267482322,-0.010675739089629266,-0.00938526513374005,-0.33957217285126606,-0.009690286250586988,-0.29731462661961483,-0.014066166119192647,-0.3614378049937964,-0.01871187236039462,-0.4522321377419749,-0.023275457531674704,-0.44955783898009194
2014-09-24,84.33,0.008182141586623892,0.00948654096999868,0.0,0.01079094035337369,0.42397619341873205,0.0035574528637489777,0.0838282180800709,-0.0015297047314122292,-0.030155993256912428,-0.00702004031779957,-0.18038081763284508,-0.011225740147831509,-0.19546958193385044
2014-09-25,84.58,-0.0004729250413808561,0.0018917001655236465,-0.008512650744856964,-0.0029557815086308503,0.49789747145773733,0.000922203830692192,0.7293714191082783,-0.0034878221801842857,0.4867894710156373,-0.009352092693308611,0.2638570911641638,-0.013025143848032994,0.22176521934836946
2014-09-28,84.44,-0.003908100426338157,0.000355281856939893,-0.009237328280435775,0.001657981999052538,-0.13823609523451774,0.002842254855518034,0.3048971613253466,-0.00027238275698704406,0.26735991736504916,-0.006791804831833836,0.09857184530276974,-0.010350544765513559,0.05052612668628287
2014-09-29,83.74,0.007165034631000822,0.007403869118700834,-0.0007165034630999267,0.008359207069500885,-0.2126454824984163,0.01034153331741039,-0.02294686047131811,0.008765225698591061,-0.010135725708758647,0.0023047528063049327,-0.12599540787074714,-0.0010190271475196688,-0.1772390497307006
2014-09-30,83.14,0.010584556170315063,0.010825114265095026,-0.001323069521289355,0.007216742843396684,-0.10505156086920309,0.015949001683905895,-0.11767717376088227,0.015636276160693185,-0.10377469951252183,0.009995188838104019,-0.20368195174657522,0.006711570844359249,-0.2650396832780173
2014-10-01,83.05,0.0006020469596628164,0.011077664057796532,-0.0012040939193256328,0.0010836845273931583,0.01928074062860774,0.01199277543648325,-0.16084647913891803,0.015508729680915323,-0.07800777081612531,0.011234196267308372,-0.1703838357361589,0.007983142685129563,-0.24275785140700745
2014-10-02,83.79,-0.00417710944026739,0.001849862752118181,-0.010860484544695237,-0.008831602816565365,0.32176507319780745,-8.881784197001252e-16,0.12843178462693094,0.005179615705931617,0.27161256004697076,0.0019155030433219977,0.1071067935234693,-0.0008234872896525358,0.022161842641561957
2014-10-05,83.57,0.0,0.004427426109848032,-0.0045470862749790175,0.0026325236328827994,0.1845275442339065,0.0007418930238118904,0.3797523855644849,0.007012085676678659,0.423558224740588,0.004565035299748166,0.31857517422264814,0.002010290774201451,0.20839376999016723
2014-10-06,83.16,0.002645502645502562,0.009139009139009113,-0.00048100048100041537,0.004930254930254785,-0.23400861545526408,0.0035834535834529113,0.03780440866863333,0.010485810485810765,0.05334760352443313,0.00966810966810927,0.015150071894740824,0.007022607022607152,-0.08034527346062603
2014-10-07,84.18,-0.009978617248752708,0.001187930624851452,-0.01152292706105984,-0.012116892373485455,-0.08933556878762361,-0.009954858636256447,-0.07202793504163363,-0.003278688524590123,-0.044910464088546376,-0.0024649560465674902,-0.06210308265102782,-0.00532984873683362,-0.15510786880649896
2014-10-08,83.66,0.006574229022232814,0.014582835285680051,-0.0015539086779822187,0.006215634711929319,0.04434986344825753,-0.0013148458044472955,-0.054517821254535304,0.001649533827396743,-0.04869589255500406,0.004058092278268699,-0.011566687735373282,0.0011714080803253424,-0.10509388020811539
2014-10-09,84.69,-0.00873774943913086,0.006966584012280119,-0.00921006021962456,-0.012162002597709276,-0.4344753601694422,-0.01202030936356191,-0.48120740354122926,-0.011323650962333232,-0.46526308301081376,-0.008052898807415776,-0.4358415997161984,-0.010867083874522732,-0.48536952658562704
2014-10-12,83.37,0.01127503898284754,0.013194194554396077,-0.0007196833393307012,0.015833033465275204,0.363306305191996,0.0057814561592890445,-0.15312579352686573,0.004462036703850147,-0.18908725474994392,0.008510255487585106,-0.19431807465341921,0.005457598656591012,-0.26713152078478697
2014-10-13,83.55,0.004308797127468678,0.004308797127468678,-0.00622381807301009,-0.0021543985637342278,0.22680571693501772,0.0031358467983235716,0.14650180001444335,0.001017354877318688,0.04002921331921794,0.006038300418910403,0.007078530463361377,0.0033951725513663433,-0.07991689443142524
2014-10-14,82.95,-0.0043399638336346635,0.0075949367088608,-0.014345991561181437,0.00723327305605781,-0.3821162847378492,0.01133212778782311,-0.27918188521389664,0.008028933092223856,-0.35640060135005025,0.012995780590716821,-0.3737360914850305,0.010882057464335793,-0.4247683616652461
2014-10-15,82.24,-0.0071741245136185405,0.006809338521400754,-0.008146887159533045,0.008633268482490353,0.17493029907190683,0.017071984435796717,-0.06152484898316446,0.016500486381322732,-0.20615162023990297,0.021005593385213572,-0.2420281013984391,0.01962953955901403,-0.30221895691369405
2014-10-16,83.27,-0.003842920619670842,0.00252191665665924,-0.014891317401224846,-0.01236940074456594,-0.04039441239770891,0.001080821424281675,-0.03929679191024116,0.0029542452263719987,-0.2174134839948445,0.007205476161882718,-0.24718814923484878,0.006432888995636654,-0.3194715422047475
2014-10-19,84.18,-0.011047754811119082,0.001781895937277067,-0.01603706343549549,-0.010810168686148813,0.37727368807632744,-0.013114754098361603,0.277660627958501,-0.008505583273937023,0.13725158991219755,-0.004395343311951128,0.039197868891938104,-0.004644808743169637,-0.039757699955648707
2014-10-20,84.61,-0.0016546507505023067,0.0003545680179648514,-0.011227987235551407,-0.005082141590828426,-0.3092556297770689,-0.016215577354923627,-0.14192714662049533,-0.012823543316392794,-0.1910419862678856,-0.009827443564590865,-0.28153079120233604,-0.009364535318914569,-0.326875356795826
2014-10-21,84.23,-0.002018283271993382,0.004274011634809449,-0.0036803989077526245,0.004511456725632135,0.27009326374730236,-0.009260358542088176,0.17550053956817946,-0.00664846254303697,0.07874155704194652,-0.005259408761724482,-0.06356047033410372,-0.004254224543907781,-0.12052468764040836
2014-10-22,83.23,0.012375345428331075,0.013216388321518613,-0.011173855580920433,0.012014898474107971,-0.3174768406199885,0.005719091673674459,-0.24715156925032966,0.005346629820977888,-0.25223199939493124,0.006085546077134962,-0.36764467235432285,0.007945852857543123,-0.39266478592506926
2014-10-23,85.16,-0.0007045561296383784,0.009511507750117554,-0.002935650540159651,-0.022663222170032804,0.061329027400200076,-0.014748708313763181,-0.1566965601792274,-0.017942696101455935,-0.1579122783698147,-0.0173614372945049,-0.3062897044485319,-0.014999217159855971,-0.33574586133142836
2014-10-26,85.95,-0.011518324607329933,0.006166375799883772,-0.01303083187899945,-0.009191390343222916,0.3053332723317257,-0.01940663176265356,0.1333556144289998,-0.02642233856893539,0.09661856909614608,-0.026055846422338935,-0.05578333043187966,-0.02331588132635276,-0.10998904878978366
2014-10-27,86.47,-0.0031224702208858535,0.0020816468139239763,-0.0034694113565397755,-0.006013646351335722,0.092370136178479,-0.021209668092981082,0.27528304118347835,-0.029293396553717876,0.20048603935263776,-0.031039666936510057,0.052368561683310055,-0.02838749469951063,-0.016103196105191064
2014-10-28,86.54,0.0015021955165241963,0.0015021955165241963,-0.007279870580078729,-0.0008088745088976612,0.37231526745720034,-0.017702796394731712,0.6644907154399649,-0.026704414143748467,0.6653612015198451,-0.03024612895770784,0.45408779867878835,-0.028252831060781358,0.3613463465725235
2014-10-29,86.94,-0.00897170462387853,0.0006901311249136732,-0.014607775477340601,-0.004600874166091451,0.23752622678789903,-0.016908212560387326,0.9565259656888518,-0.02705314009661819,0.9457098657317928,-0.03275247296986472,0.7801652836089499,-0.031811210796718115,0.6763372634853821
2014-10-30,87.27,-0.0021771513693136235,0.001031282227569541,-0.006416867193766551,-0.003781368167755206,-0.40591765458580253,-0.012123295519652522,-0.02421589009615277,-0.025346625415377244,0.09448877274542866,-0.03418127649822422,0.03995191348807792,-0.03442190901799025,-0.003221424893236846
2014-11-02,87.38,-0.008239871824216038,0.00011444266422522276,-0.013504234378576285,-0.0012588693064774503,0.20267470981964197,-0.008537422751202395,0.0680473662429888,-0.021995880064087703,0.28514338750581536,-0.03340581368734297,0.2678038656624544,-0.03456931410696584,0.19014741597736395
2014-11-03,88.64,-0.012973826714801517,0.0025947653429603257,-0.013537906137184197,-0.014214801444043412,-0.26536854561103584,-0.01940433212996473,-0.26320027658582623,-0.03228790613718402,-0.06320645880382303,-0.04499661552346601,-0.058601301021821484,-0.047326263537906255,-0.1276119438438149
2014-11-04,89.0,-0.0029213483146067754,0.005505617977528132,-0.007191011235955114,-0.004044943820224689,0.2520230194722972,-0.018494382022472666,-0.05031585657061677,-0.03167415730337064,0.15167651494104328,-0.045780898876404796,0.1976100853829612,-0.0496067415730338,0.10356002818958499
2014-11-05,88.9,0.0020247469066365653,0.003374578177727683,-0.00371203599550074,0.0011248593925758943,0.2765259332818131,-0.011856017997751267,0.2599713355056721,-0.02521934758155231,0.4506431258388197,-0.04199662542182281,0.5314286826264834,-0.04712785901762284,0.3924680000891021
2014-11-06,89.09,-0.0039286115164441915,0.0012347064765967364,-0.009428667639465704,-0.0021326748232124437,0.1093000143743148,-0.009563362891459093,0.43342953582007304,-0.020933887080480496,0.48095943782539896,-0.04109888876417156,0.6892961388314502,-0.04745014404908898,0.5358307436418202
2014-11-09,89.45,-0.00592509782001116,0.0005589714924538747,-0.013303521520402484,-0.004024594745667964,0.008175485117867254,-0.009480156512018723,0.3309380365372989,-0.02048071548351027,0.3666936202367381,-0.04249860257126936,0.6376693405980318,-0.049603130240357673,0.5511593887247475
2014-11-10,89.67,-0.0032340805174529974,0.0013382402141184357,-0.005576000892160149,-0.0024534403925504655,-0.06609563438388466,-0.0072934091669462076,0.1844884145779453,-0.018980707036913125,0.20720718577403296,-0.041457566633211096,0.4967636287150514,-0.050072488011598026,0.44635016468449207
2014-11-11,89.48,0.0013410818059900187,0.004470272686633692,-0.0006705409029951204,0.002123379526151048,0.007638351755679507,-0.0028833258828796504,0.05865726434828322,-0.013321412606169036,0.16725577214459997,-0.0360024586499782,0.49339745275027025,-0.045846371628669225,0.4482227188190733
2014-11-12,88.6,0.003837471783295854,0.013995485327313872,-0.0015801354401805412,0.009932279909706576,-0.3819628587354639,0.008103837471782782,-0.3881636074400272,-0.00020316027088018718,-0.2843143224751581,-0.022742663656885376,-0.11132013610633795,-0.033984198645597985,-0.11387486418327575
2014-11-13,88.11,0.006696175235501034,0.008852570650323521,-0.002042900919305368,0.005561230280331397,0.34819253935019456,0.013029168085347376,-0.08087173373674328,0.00724094881398285,0.02613739484170763,-0.01369878560889859,0.19070975200130813,-0.02651231415276345,0.20054598444670546
2014-11-16,87.84,0.0018214936247722413,0.0038706739526412903,-0.005350637522768653,0.0030737704918031294,-0.20227554767633282,0.013911657559197765,-0.23336653159427623,0.011293260473588473,-0.20043318137689414,-0.007912112932605297,-0.07244657781435992,-0.021880692167577265,-0.03927880840825626
2014-11-17,87.95,0.0007959067652074658,0.0026151222285388798,-0.005230244457077982,-0.0012507106310403193,0.4761320182044444,0.008982376350198162,0.2422148460275173,0.010551449687322467,0.20663871542681322,-0.007072200113701577,0.3763428519268115,-0.021485692628387176,0.4379776775350528
2014-11-18,88.73,-0.005522371238589119,0.001577820353882542,-0.009016116307900335,-0.008790713400202876,-0.02292813920861414,-0.0037642285585491875,0.21594813586635087,0.0008903414854053437,0.11542784774986248,-0.01391862955032186,0.2993545444279022,-0.028288064916037303,0.4001029922388264
2014-11-19,88.47,-0.0015824573301683742,0.003730077992539771,-0.0015824573301683742,0.002938849327455584,0.18862864262308854,-0.0025319317282701537,0.45513495364176837,0.003526619192947056,0.2916050453415364,-0.008477449983045782,0.5156440375974658,-0.02371802117478594,0.654911726905262
2014-11-20,88.6,0.007449209932280043,0.00936794582392797,-0.0015801354401805412,-0.00146726862302482,-0.3847304839354895,-0.004288939051919294,-0.20852691175878046,0.0015688487584655242,-0.21757400257830017,-0.006975169300226347,-0.11624974093448792,-0.023340857787810254,0.009909796598047693
2014-11-23,88.11,0.008739076154806513,0.008852570650323521,-0.0028373623879242027,0.005561230280331397,0.6131255448253821,0.0023606855067521693,0.3279052401092031,0.00658268073998447,0.3161653091106924,0.0004993757802740362,0.3853584423582601,-0.01643021980100612,0.6006864238716785
2014-11-24,88.8,-0.004954954954954904,0.00022522522522527844,-0.008108108108108136,-0.007770270270270219,-0.13515812965597607,-0.004819819819820603,0.027091068383354733,-0.002747747747747442,0.13271522810652803,-0.006058558558559302,0.161257760671768,-0.022293543543543293,0.36102612973009784
2014-11-25,88.88,-0.0005625562556255126,0.0,-0.004837983798379741,-0.0009000900090009312,0.45691750771404704,-0.003802880288029331,0.4972960169296159,-0.00462421242124178,0.652373397210025,-0.005642439243925157,0.6578711220779774,-0.021204620462045964,0.9695437647415655
2014-11-27,90.43,-0.014818091341369022,0.0014375760256550851,-0.01614508459582009,-0.01714032953665834,-0.42308652117041246,-0.020546278889749803,-0.19231810162079865,-0.02234877806037805,-0.07124378962689859,-0.021392237089462363,-0.05961748695929325,-0.03579564303881433,0.09766979239892715
2014-11-30,90.08,0.000999111900532812,0.006549733570159866,-0.006216696269982225,0.00388543516873896,0.13589640419514026,-0.012388987566608223,-0.019279902056859255,-0.016518650088809594,0.01746294886776223,-0.015652753108348905,0.08374884991233689,-0.02901865008880955,0.22880619590980444
2014-12-01,91.07,-0.006917755572636408,0.0010980564401010806,-0.0104315361809596,-0.010870758757000054,-0.09253724355452275,-0.019874821565829093,-0.17028022737631987,-0.02504666739870387,-0.08764710820609378,-0.024810585264083418,-0.03413354349624198,-0.03708136598221112,0.0924857028770758
2014-12-02,90.0,0.009333333333333416,0.010777777777777775,-0.0040000000000000036,0.011888888888888838,0.14959126906489506,-0.0016444444444452255,0.011481430214151711,-0.009866666666666246,0.01722888855035265,-0.011166666666667546,0.10764209692773208,-0.023081481481481148,0.25011113181852984
2014-12-03,90.58,-0.0008831971737690569,0.003974387281960645,-0.005299183042614342,-0.006403179509825496,0.008522082528935382,-0.005387502759992002,0.02090942456289535,-0.013943475380878367,0.026615208070865704,-0.016747626407596417,0.08487836503793655,-0.02735335246927173,0.22996374990140822
2014-12-04,90.38,-0.0006638636866563852,0.0004425757911044048,-0.012945341889798678,0.002212878955521136,0.0042967379317258025,0.0005753485284347715,0.08767149982455269,-0.009714538614737256,0.028531051055190604,-0.013697720734676788,0.07347447710411537,-0.022859039610532816,0.2177878381539593
2014-12-07,90.76,-0.004627589246364083,0.002644336712207984,-0.004847950639048193,-0.004186866460996086,0.35130678381966085,-0.0037241075363605436,0.4156679428942658,-0.011756280299691224,0.4079802221766402,-0.017011899515205875,0.44799572572770274,-0.02432422506243548,0.5897993167909907
2014-12-08,90.71,-0.0026457942894939634,0.000771690001102554,-0.009260280013228872,0.0005512071436446497,-0.17181762130153244,-0.001675669716680317,0.10156852384569626,-0.008830338441185859,0.09137961411624129,-0.015549553522214432,0.18823132899836303,-0.02172858560246882,0.26555462309654043
2014-12-09,90.0,0.010555555555555651,0.012222222222222134,-0.0004444444444444695,0.007888888888888834,-0.09374916590300453,0.005399999999999183,-0.05663578971985772,0.001877777777778089,-0.008796132713252414,-0.0070833333333341075,0.07506159607717033,-0.012248148148147564,0.12248272704279106
2014-12-10,90.41,-0.004534896582236492,0.009622829333038485,-0.004756111049662559,-0.004534896582236492,-0.026968850701495017,0.0008406149762185677,-0.08738010894022519,-0.001338347527927941,-0.0377787602889923,-0.011403605795819893,0.04566066364338339,-0.015426022195184075,0.07597827585256245
2014-12-11,89.55,0.005136795086543966,0.015857063093243973,-0.0002233389168062594,0.009603573422668932,-0.016143994011099005,0.010072585147961277,-0.10036203222927931,0.009960915689559258,-0.022156119953842146,-0.0013902847571198862,0.03007091134993778,-0.004530057695886103,0.05651216176116525
2014-12-14,89.2,0.005605381165919354,0.015695067264573925,-0.0019058295964126115,0.00392376681614337,0.009571446887867152,0.012174887892375974,-0.08588097188558308,0.012937219730941862,-0.029486947782685347,0.003060538116591127,0.012161191678458083,0.00035127055306505284,0.0718131069582395
2014-12-15,89.36,-0.0024619516562219834,0.017905102954342,-0.010966875559534461,-0.0017905102954342,-0.2579792500645459,0.0068710832587279835,-0.28095099958959524,0.010138764547896306,-0.28250986532298816,0.001874440465531979,-0.25492039606676853,-0.0007199343479552534,-0.2155102489902624
2014-12-16,90.7,-0.012568908489525965,0.0050716648291069255,-0.01433296582138921,-0.014773980154355049,0.18356380369893444,-0.010981256890849722,-0.06609119535911812,-0.006670341786107925,-0.13268394914588877,-0.012089305402426476,-0.12286856547654923,-0.014755604557147528,-0.06704110824638576
2014-12-17,92.0,-0.01076086956521738,0.0,-0.015760869565217384,-0.01413043478260867,-0.1500342600236072,-0.02343478260869636,-0.1805057829406861,-0.019945652173912864,-0.25192509468214286,-0.024554347826087786,-0.2487617505920715,-0.02793115942028923,-0.21916443137874297
2014-12-18,92.05,0.0010863661053777118,0.007387289516567197,-0.0031504617055947426,-0.0005431830526887449,-0.37850829093331106,-0.02051059206952799,-0.45855292715981877,-0.018935361216729785,-0.5185983968428383,-0.023307984790875258,-0.525439382957239,-0.027372804635161452,-0.5140945047077826
2014-12-21,92.6,-0.005399568034557212,0.0014038876889850282,-0.00647948164146861,-0.005939524838012966,0.9613469515268911,-0.020928725701944373,0.27051092536726196,-0.022958963282937117,0.05113893698283478,-0.027176025917927227,-0.009770607246767149,-0.0320158387329007,-0.012465964762071846
2014-12-22,93.29,-0.005895594383106606,0.0020366598778003286,-0.006324364883696032,-0.007396291135170041,0.2756513321972882,-0.020881123378712285,0.643713387989683,-0.02821309893879287,0.3842541375904902,-0.03222746275056365,0.24690669227491147,-0.037921177689641206,0.26676755735283786
2014-12-23,93.14,0.0038651492377066443,0.008052394245222194,0.0,0.0016104788490445276,1.3298865514463443,-0.010865363968220465,2.566723446311261,-0.023878033068498894,2.221274095359904,-0.027888125402620423,1.9060075618527161,-0.03499749481067871,1.9470397900454293
2014-12-25,93.46,-0.003316927027605221,0.0037021185533918644,-0.004279905842071385,-0.0034239246736571527,-0.2353037934728971,-0.00903060132677136,1.4094468786140752,-0.02386047506954836,1.3398946254000292,-0.028894714316285652,1.1582003343128582,-0.037063984592338395,1.211897945241874
2014-12-28,92.64,0.005181347150259086,0.008527633851468153,-0.001511226252158937,0.008851468048359123,-0.3239000036712525,0.002892918825560642,0.38963096613409176,-0.011927892918825456,0.5107345274421826,-0.017827072538860844,0.4455150928193521,-0.02710852043753542,0.47292337537955076
2014-12-29,92.4,-0.0016233766233766378,0.004545454545454408,-0.0032467532467533866,0.0025974025974024872,-0.015290466216940413,0.006774891774890879,-0.028227808200904203,-0.00601731601731581,0.44710694425975395,-0.014080086580087414,0.3916590048026094,-0.02312409812409766,0.41140404601388925
2014-12-30,91.09,0.010429245800856357,0.0160281040728949,-0.0006586892084751161,0.014381381051707054,-0.1720888608220167,0.02081457898781336,-0.28042333913671147,0.011790536831705056,0.16687952526534833,0.0013722691843225387,0.1345358117206068,-0.007505397592124541,0.15200945249937625
2015-01-01,90.44,0.00442282176028308,0.006191950464396356,-0.005749668288367982,0.007187085360460088,-0.21256125270446347,0.023286156567889238,-0.4305480265031222,0.02097523219814268,-0.12337453094837947,0.008580274214948558,-0.11847287432407361,0.0008255933952534544,-0.11015120095315822
2015-01-04,90.01,0.002444172869681127,0.010998777913565183,-0.0017775802688591025,0.0047772469725584354,-0.15891196406212849,0.022175313854015277,-0.40865473753202797,0.025563826241528753,-0.26453428139500834,0.013642928563492251,-0.25397998920296583,0.0065289041958307426,-0.24832903511524584
2015-01-05,89.6,0.007924107142857295,0.010714285714285898,-0.003794642857142705,0.0045758928571428825,0.1071810725654081,0.019151785714284886,-0.20467441037549694,0.028035714285714386,-0.18696422202191476,0.017963169642856602,-0.1598041522163598,0.011610863095238955,-0.1589678708514234
2015-01-06,90.07,-0.0014433218607748932,0.003330742755634608,-0.005633396247363032,-0.005218163650494101,0.3013576358099306,0.0070833795936486865,0.13967963449410137,0.019951149106250954,-0.046283483870903086,0.012218274675252161,0.10515120094055574,0.006750305318086847,0.10708648156088052
2015-01-07,91.1,-0.0068057080131722625,0.0013721185510429112,-0.010647639956092192,-0.011306256860592723,-0.12364470535437355,-0.009418221734358467,0.0355615790059951,0.005642151481888069,-0.18133399943236184,0.00039517014269963013,-0.022251232724764036,-0.004094401756310817,-0.044422218374213895
2015-01-08,90.25,0.010304709141274238,0.010304709141274238,-0.001440443213296394,0.00941828254847632,0.4018880852121265,-6.648199446046554e-05,0.49764375124274185,0.012686980609418308,0.1727355628027596,0.010033240997229242,0.3822641735153838,0.0063896583564182485,0.34824772633393763
2015-01-11,89.92,0.006172153024911031,0.007784697508896876,-0.004615213523131767,0.0036699288256227813,-0.07192866721995872,0.003180604982205626,0.299183088002005,0.013189501779359736,0.13532873966338577,0.013879003558718184,0.269309601191698,0.010620551601424166,0.24132562964904047
2015-01-12,90.3,0.0053156146179402786,0.013289036544850585,-0.005869324473975701,-0.004208194905869322,-0.21989668336118395,-0.0012403100775199016,-0.08679631658889897,0.005005537098560442,-0.08310060447305301,0.009341085271317162,-0.018852560453247902,0.006751568844592715,-0.027523500682597346
2015-01-13,89.99,-0.0028892099122124204,0.0018890987887543176,-0.006209578842093499,0.003444827203022527,0.04875012094397535,0.0037559728858755914,-0.07531466856832403,0.005867318590954573,-0.006097866696290533,0.013234803867095746,0.030196294603787477,0.010171500537097478,0.015051626393296713
2015-01-14,89.86,0.007010905853549909,0.0071221900734474985,-0.005786779434676093,0.0014466948586688844,-0.05172862634781139,0.005030046739371796,-0.11040689204802323,0.004640551969730788,-0.032569728649987084,0.015140218117070336,-0.02379047866697792,0.011599525187329318,-0.03906542382864642
2015-01-15,91.25,-0.014246575342465762,0.0009863013698629963,-0.015123287671232832,-0.015232876712328758,-0.2322523914766651,-0.012997260273973299,-0.3184561698351114,-0.012010958904109525,-0.2452902326843387,-4.931506849381595e-05,-0.26190782509586097,-0.004252054794519844,-0.26475760289864414
2015-01-19,91.19,0.0006579668823336604,0.006579668823335938,-0.0075666191468362065,0.0006579668823336604,-0.10722893164597269,-0.010154622217349085,-0.31168534781282087,-0.010472639543809503,-0.31041611074547604,0.0009101875205608234,-0.3339618234424341,-0.0031399641773578457,-0.3356636739498545
2015-01-20,90.73,-0.003637165215474414,0.005069987876115789,-0.012123884051581713,0.005069987876115789,0.4157891061923087,-0.0023366031081236693,0.10709430740933024,-0.004155185715860044,-0.005797067787397747,0.005538410669017058,-0.04878423303085577,0.002138212278188778,-0.042886583137543344
2015-01-21,91.62,-0.006330495524994539,0.0007640253219820536,-0.01910063304955245,-0.009714036236629586,-0.032849434476056816,-0.01108928181619806,0.07748211188287368,-0.012595503165247601,-0.049779779359204634,-0.004949792621699034,-0.1290019691800648,-0.007469257076329061,-0.07159527435610613
2015-01-22,90.08,0.01210035523978692,0.01232238010657194,-0.001443161634102963,0.0170959147424512,0.06903262272824495,0.009436056838365126,0.1753849314721252,0.006005772646536567,0.033968544936873846,0.011517539964475576,-0.06847190777387469,0.00981719952634763,0.004786537563847615
2015-01-25,89.58,0.004130386246930184,0.004130386246930184,-0.009377093101138656,0.005581603036391991,-0.2802097674446893,0.015561509265460405,-0.15444825398126116,0.010482250502344526,-0.25667583537636685,0.015371734762223088,-0.32343864385468646,0.015219170945896199,-0.2730591804128847
2015-01-26,86.49,0.00705283847843674,0.008324661810613865,-0.005434154237484057,0.03572667360388482,-0.3499530399138884,0.047982425713954724,-0.4426360543734056,0.04580876401896217,-0.4856008050736452,0.049589547924614896,-0.536052410521806,0.05132770647859175,-0.5203383308723303
2015-01-27,85.15,0.017381092190252412,0.020669406928948808,-0.0016441573693481981,0.015736934820904214,0.02735879979648881,0.053435114503815884,-0.3626454043931645,0.058238402818555635,-0.4062088256629437,0.06201409277745085,-0.483211427272507,0.06633783519279768,-0.4883348036120877
2015-01-28,85.67,0.0012839967316446987,0.005135986926578795,-0.006069802731411222,-0.006069802731411222,0.24314530834585524,0.03401424069102266,-0.08261562941892597,0.04580366522703416,-0.1971435673283638,0.05119645149994101,-0.3160296740105526,0.058153379245944326,-0.3419016510256493
2015-01-29,84.29,0.009491042828330798,0.01108672440384395,-0.0004745521414165621,0.01637204887887056,-0.23129087392920855,0.036825246173922244,-0.23927141242322314,0.057800450824534444,-0.34967106786332003,0.0644145212955265,-0.45189520884688195,0.0740815438763005,-0.4832723997984393
2015-02-01,85.12,-0.0063439849624060685,0.0002349624060149491,-0.016917293233082664,-0.009750939849624052,0.4286139543715952,0.013110902255638157,0.24125956250290637,0.04094219924812048,0.006086741403305229,0.050041118421051856,-0.17332918493689464,0.06162280701754441,-0.2426355570333657
2015-02-02,85.95,0.0,0.0005817335660267542,-0.009656777196044186,-0.009656777196044186,-0.0409539227551482,-0.007050610820245051,0.20735633445028734,0.023757998836533067,-0.021461647949383766,0.036806282722512185,-0.1930786403911915,0.049206903238317556,-0.26474587026191765
2015-02-03,85.79,0.0011656370206316602,0.008042895442359255,-0.0027975288495163397,0.0018650192330107451,0.1633043314989442,-0.006457629094300921,0.3242273615023574,0.019559389206201594,0.1474946723849102,0.036373703228813614,-0.04995237027996646,0.048812992967323776,-0.13746192254323275
2015-02-04,86.7,-0.005305651672433798,0.0009227220299885541,-0.006920415224913601,-0.010495963091118776,0.4107126944751258,-0.015409457900808166,0.7205124004447507,0.003160322952710626,0.6530671851138932,0.02329873125720816,0.35113357253029953,0.035397923875432946,0.1921727860730491
2015-02-05,85.61,0.011096834481953088,0.011680878402055894,-0.005373204064945569,0.012732157458240856,-0.22522723436299108,-0.00046723513608315503,0.22013475045471775,0.010185725966592951,0.27268101020254787,0.03435930381964658,0.05004926480610261,0.04628353385507955,-0.07881225435064698
2015-02-08,85.05,0.0030570252792476715,0.0044679600235157935,-0.005408583186360838,0.006584362139917754,-0.04331655288349745,0.009218106995883879,0.025301320082985468,0.011581422692534149,0.23666407048038618,0.037942386831275154,0.013633070472782505,0.05016264942190918,-0.10805002729532576
2015-02-09,85.39,-0.0007026583909123252,0.0021079751727368645,-0.006675254713666812,-0.003981730881836287,0.24808473835899947,0.00503571846820372,0.23808209251611734,0.002248506850919485,0.5355233159946586,0.03076472654877538,0.29299141290842723,0.04282312526837706,0.14346230825901451
2015-02-10,85.64,0.003619803829985946,0.006539000467071565,-0.005781177020083961,-0.0029191966370855083,-0.01725191747130561,0.0007940214852864003,0.11487792924095541,-0.001961700140121314,0.4066194780090564,0.0251109294722085,0.2832761466305107,0.03663786392651458,0.14188195430325412
2015-02-11,86.03,0.0003487155643380202,0.0013483668487737077,-0.0072067883296524915,-0.004533302336394263,0.18243349782558815,-0.0040915959549004954,0.25145447429137824,-0.005916540741601639,0.5504965710755003,0.017755434150876992,0.521116022506833,0.029226238908908186,0.3640594627815288
2015-02-12,85.9,0.0015133876600696983,0.0029103608847496076,-0.00465657741559955,0.0015133876600696983,-0.03132039595600267,-0.004144353899884656,0.19772960012984475,-0.00399301513387651,0.41881828940846244,0.016990686845168135,0.47074296835626805,0.028311990686845645,0.32848743695171634
2015-02-16,85.49,0.006667446484969197,0.006667446484969197,-0.005731664522166224,0.0047958825593636956,-0.39167891224182816,0.0013100947479227631,-0.3132528919229832,0.002666978593987901,-0.21850193496413906,0.019551994385307747,-0.1077226508402529,0.03122002573400451,-0.19004659994586115
2015-02-17,86.26,-0.0057964293994898775,0.0015070716438674303,-0.008578715511245227,-0.008926501275214549,0.26780423840584033,-0.006607929515419553,-0.0924779153887828,-0.005854393693484616,-0.008831606576309214,0.0071122188731735925,0.14042217936582535,0.02010201715743154,0.039383704846978285
2015-02-18,85.21,0.010562140593826985,0.012791925830301754,-0.0018777138833470097,0.01232249735946489,0.11838900878295666,0.007675155498179986,0.04445938822808482,0.006759769980049457,0.07295136197231544,0.016629503579391525,0.2634565494134311,0.031205257598873937,0.16017147945887555
2015-02-19,84.87,0.0009426181218332719,0.0021208907741250282,-0.008012254035583921,0.004006127017791794,-0.24107204918458813,0.01069871568280778,-0.20550151760604607,0.010109579356663456,-0.20597628480939068,0.017450217980440108,-0.03957784230464878,0.033612191194376084,-0.12132128822463917
2015-02-22,85.39,-0.005035718468204831,0.001288207050005763,-0.008666120154584789,-0.006089706054573041,0.20977502932728487,0.0018269118163707354,0.04969543941306798,0.0018152008431902011,-0.0008972867637133675,0.007301791778896227,0.17685609106653843,0.02528789475738802,0.07813148547764359
2015-02-23,85.5,0.00011695906432751535,0.00280701754385948,-0.005730994152046698,-0.0012865497076023358,0.2180326557855059,-0.0006549707602349075,0.3292521649798459,0.0002690058479533075,0.209098682480388,0.0032631578947364126,0.44247784269427926,0.02174269005847984,0.31877825572316953
2015-02-24,85.46,0.002808331383103324,0.003919962555581691,-0.002575473905920722,0.0004680552305171837,0.08809230888684216,-0.00016381933068199128,0.3188993322552316,0.0012637491223965736,0.27696811010024214,0.0013456587877365145,0.5455383893000192,0.02036820344800727,0.4440393270610661
2015-02-25,85.17,0.002935305858870585,0.006927321826934341,-0.003287542561934975,0.003404954796289772,-0.2496770349871963,0.0013619819185148874,-0.06455621424360769,0.00475519549137049,-0.05547438409388683,0.004150522484442476,0.10665751143984825,0.022096982505577456,0.08652993047677704
2015-02-26,85.13,-0.0012921414307529577,0.0029366850698930858,-0.006578174556560623,0.0004698696111828937,0.03634103328776095,0.0017385175613757742,-0.0125320665169677,0.004675202631270192,-0.010994578278214595,0.004634089040290945,0.10738871105060821,0.02056854222953164,0.13136493876908206
2015-03-01,85.41,-0.004566210045662156,0.0,-0.006673691605198373,-0.003278304648167696,0.062082191583936464,-0.000936658470906071,-0.0036421644528198405,0.00032783046481710265,0.0726485121832976,0.0010244702025521413,0.15123720766194237,0.015326074230184394,0.2074388393616411
2015-03-02,85.16,0.0022310944105212727,0.0032879286049789513,-0.007280413339595948,0.002935650540159651,0.18704397837786768,0.0020432127759502094,0.1602746878953034,0.0026890558947865184,0.28909286752121255,0.0046207139502110195,0.3054661486917776,0.01656489744794154,0.4358399153339301
2015-03-03,84.35,0.008180201541197585,0.010551274451689352,-0.0016597510373443924,0.009602845287492556,-0.1729458545881506,0.010859513930052467,-0.05142263345999165,0.011926496739775194,0.008965636730060789,0.014291641967990154,0.051309866133657955,0.023920173878680506,0.17521558279874627
2015-03-04,84.63,-0.00011816140848386336,0.001536098310291889,-0.006380716058135283,-0.003308519437551727,0.24621421872170535,0.004891882311236051,0.2292891755086528,0.00632163535389374,0.2445016072059909,0.009990547087320945,0.28185345148987184,0.017838433967466427,0.4504561908499416
2015-03-05,82.66,0.020324219695136758,0.020687152189692748,-0.0035083474473747156,0.023832567142511474,-0.4784043583915212,0.02753447858698177,-0.39497020071326383,0.02960319380595222,-0.3628445694109338,0.03335954512460648,-0.3459402760171171,0.039636260988789696,-0.24656576941613118
2015-03-08,83.09,-0.0036105427849320026,0.001444217113972579,-0.004934408472740404,-0.005175111325069315,0.5475650359872279,0.016271512817426004,0.03605579709304285,0.021615116139126256,0.01002400058414854,0.02558069563124299,0.04500756458559252,0.030661531672483866,0.18476507247375706
2015-03-09,81.54,0.011405445180279417,0.01643365219524151,0.0,0.019009075300465916,-0.24321513481935153,0.029899435859699786,-0.2140501870451046,0.03821437331371125,-0.24175613342475055,0.04353078243806685,-0.21485069857096262,0.04739596108249566,-0.10138749478134967
2015-03-10,81.39,0.0017201130359996153,0.004791743457427167,-0.007113896056026414,0.0018429782528566196,-0.038242527710961594,0.02290207642216413,-0.17286470478495508,0.035262317237990226,-0.2391710940165065,0.043297702420444395,-0.24055567354757723,0.04603350124913019,-0.13472777055145635
2015-03-11,82.09,-0.006090875867949763,0.00030454379339728277,-0.007065416006821756,-0.008527226215129802,0.44817595407311783,0.006967961992933924,0.2754096365488492,0.021476428310391205,0.16066215973793385,0.03196491655500022,0.1214344295960581,0.03504283916027151,0.23220215109389142
2015-03-12,81.83,0.001833068556764017,0.005499205670292051,-0.008309910790663455,0.0031773188317243406,-0.07226207308541244,0.0039594280826098505,0.21092424077009775,0.02095808383233555,0.06326690741790153,0.03307466699254502,0.038843411777235826,0.037085013646177334,0.11165250480314648
2015-03-15,83.56,-0.017711823839157592,0.004667304930588756,-0.01878889420775498,-0.0207036859741504,-0.5202812549139322,-0.018812829104835394,-0.4683477202171529,-0.004128769746289951,-0.49116366781280263,0.00917304930588747,-0.4971111840713558,0.014081697782033054,-0.47482107951226815
2015-03-16,82.85,0.006155703077851626,0.006276403138201658,-0.005069402534701117,0.008569704284852264,1.0798123184774764,-0.009269764634882716,0.3265687787185261,0.002172601086300796,0.16991084781463228,0.016409173204586125,0.10814514557954902,0.022478374572520998,0.09641689913134632
2015-03-17,83.75,-0.010626865671641839,0.0035820895522387097,-0.020656716417910448,-0.010746268656716462,-0.40437623168860204,-0.016788059701492997,-0.24431595662473282,-0.011355223880596732,-0.29195874843028735,0.003910447761193536,-0.35106940729599845,0.010587064676617297,-0.35427060068875293
2015-03-18,83.38,0.0009594627008875367,0.0044375149916047185,-0.0031182537778843278,0.0044375149916047185,0.36192028160886824,-0.0067642120412573226,0.08408955910363125,-0.007687694890860852,0.020872794786330084,0.0068601583113452325,-0.09203578700153603,0.014192052450628045,-0.1137637148093783
2015-03-19,84.74,-0.008850601840925232,0.0005900401227285634,-0.01144677838092989,-0.016049091338210975,-0.5900311229871691,-0.0196601368893089,-0.5351292170806212,-0.02508850601840895,-0.5666680911441196,-0.01037880575879202,-0.6233655781887555,-0.0030328062308232484,-0.6366059352144702
2015-03-22,84.86,-0.005774216356351558,0.0022389818524628513,-0.005892057506481252,-0.0014140938015555493,1.2828971611613755,-0.014188074475607326,0.36633541069671116,-0.0240160263964172,0.10291004084801725,-0.011854819703040809,-0.07447045936706553,-0.0052125068740666025,-0.11632184860909
2015-03-23,83.92,0.011558627264061094,0.014180171591992252,-0.0005958055290752329,0.011201143946615755,0.3225774706775286,-4.766444232640055e-05,0.653927113964972,-0.010974737845566906,0.4929752288777993,-0.001102240228789797,0.2372644117368239,0.0056323482681923664,0.1752470264148378
2015-03-24,83.01,0.016383568244789704,0.016383568244789704,-0.0018070112034694885,0.010962534634381349,-0.11837214924955453,0.013492350319238122,0.45742319401930476,0.0027346102879173273,0.290283798692492,0.00889651849174733,0.09656299697718795,0.016202867124443188,0.03089404998914902
2015-03-25,82.15,0.005234327449786802,0.00559951308581863,-0.002434570906877709,0.010468654899574048,0.16017781305640955,0.022300669506998716,0.5780400000054704,0.015203895313451232,0.4753032194289102,0.017967133292756454,0.2893527703762704,0.025875431121931802,0.20250763510522307
2015-03-26,82.31,-0.00279431417810716,0.002794314178107271,-0.0038865265459847587,-0.0019438707325962756,0.13513070860469845,0.01732474790426397,0.7308698713840742,0.013303365326206018,0.6802620164483326,0.014153808771716125,0.4585188334898185,0.022467905884259176,0.36566508380651475
2015-03-29,82.72,-0.0010880077369439523,0.0027804642166344706,-0.0068907156673113645,-0.004956479690522153,0.003800617567240039,0.006407156673113867,0.2344223221806061,0.008861218568665619,0.6702675735123962,0.007422630560927734,0.4543716685769228,0.015901031592521653,0.3727557788819429
2015-03-30,81.94,0.010007322431047294,0.012082011227727785,0.0,0.009519160361239898,-0.25811915477273906,0.010763973639247748,-0.1645412976404519,0.017439589943861744,0.1327584524575851,0.015371003173052733,0.07423709148150626,0.024277926938410577,0.018980013238083293
2015-03-31,82.32,0.001457725947521915,0.001579203109815408,-0.010564868804664673,-0.004616132167152509,0.16960411126407227,0.001287657920310492,0.008818513236518388,0.011637512147716578,0.34029441198395727,0.008728134110786545,0.27369941289870425,0.018112244897959817,0.18431785943688817
2015-04-01,82.43,-0.003154191435157161,0.0019410408831734838,-0.006247725342715005,-0.0013344656071819783,0.19855460106075218,-0.0017226737838171857,0.1738691462282942,0.008552711391483836,0.5219358647775858,0.0061506732985554535,0.5268008818965833,0.015160338064620804,0.4154876712858626
2015-04-05,83.04,-0.013487475915221592,0.0022278420038535085,-0.01842485549132944,-0.007345857418111779,-0.1000804486925192,-0.00838150289017403,0.023087899676571766,0.0,0.3245924185712217,-0.0025650289017349337,0.37586506409059717,0.006587186897880848,0.26847073394409793
2015-04-06,82.39,0.00655419347008146,0.010923655783468877,-0.000728243718897903,0.00788930695472767,0.08305038991301372,0.0012137395314959498,0.12116757974660586,0.005825949751183446,0.1862129588955279,0.005534652263623485,0.4547301505614403,0.013788081077801273,0.3594698444575972
2015-04-07,82.77,-0.005678385888606918,0.004953485562402049,-0.006040836051709575,-0.00459103539929917,-0.02957504242218001,-0.0041802585477835885,0.0853619182949581,-0.0017760057992024514,0.09654862034026657,0.000495348556239561,0.40407172452484863,0.007925576899843412,0.3111426882351709
2015-04-08,82.89,-0.003136687175775199,0.0007238508867173366,-0.010616479671854195,-0.001447701773434673,0.054734146353293545,-0.003619254433587349,0.07602054591870555,-0.004608517312100213,0.14112257221709346,-0.00021112317529325964,0.4553942979740251,0.0053685607431539495,0.3830219702934601
2015-04-09,83.35,-0.006598680263947165,0.0033593281343731185,-0.007618476304738997,-0.005518896220755742,-0.11662828354238741,-0.007750449910018498,-0.08404560272216688,-0.010245950809837812,-0.02478471530433357,-0.004829034193161941,0.2579367303290949,-0.0012077584483098924,0.22271859159522656
2015-04-12,83.43,-0.005154021335251224,0.006232769986815212,-0.0058731871029606975,-0.0009588876902794086,-0.15462901968587217,-0.00649646410164284,-0.20560174672151654,-0.009756682248591497,-0.1793262362710336,-0.0050281673259026105,0.0637283808923117,-0.002892644532342281,0.029776334518484493
2015-04-13,83.6,-0.00251196172248791,0.0033492822966507685,-0.006578947368421018,-0.0020334928229663873,0.21930450740689,-0.007583732057416914,0.010597372481468303,-0.010430622009569013,0.02775322153746096,-0.006094497607656013,0.3028225412889567,-0.005598086124401602,0.2585419280648802
2015-04-14,83.51,0.0040713686983593345,0.008262483534905884,-0.0003592384145610916,0.0010777152436831638,-0.030513407944975257,-0.003616333373249514,-0.007051074188421436,-0.008310381990180638,0.0017548046182795929,-0.004999401269309756,0.2000850199355122,-0.005248872390531845,0.2180311531388346
2015-04-15,83.5,0.0007185628742514272,0.006826347305389113,-0.00179640718562879,0.00011976047904194154,-0.0800296109324109,-0.0017245508982041136,-0.07383584209568506,-0.006311377245508676,-0.09999057261020261,-0.004485029940120233,0.1007394789410756,-0.005788423153692324,0.12453888728264384
2015-04-16,82.53,0.005694898824669892,0.008360596146855581,-0.0060584030049678494,0.01175330182963763,-0.20118917949446757,0.011486732097418573,-0.23015347211988713,0.0067975281715744185,-0.2787487813742061,0.007064097903791922,-0.1468970312990826,0.005553536087887778,-0.10084744509431998
2015-04-19,82.87,0.002654760468203232,0.013394473271388874,-0.0008446965126102102,-0.004102811632677783,0.2853645956070896,0.0053577893085547945,0.05781793219035625,0.002787498491613638,-0.027577994356116853,0.002419452153975543,0.09841312297204974,0.0005832428301357773,0.17200652017879658
2015-04-20,83.08,0.003731343283582156,0.008666345690900412,-0.0021665864227250475,-0.0025276841598458333,-0.03631694123675289,0.0014684641309574697,-0.003072108491431358,4.8146364949763765e-05,-0.055604378986229164,-0.001239768897448812,-0.03998085518695027,-0.0018616594447115054,0.11246127341415657
2015-04-21,83.09,0.0015645685401370901,0.003008785654109891,-0.005897219882055715,-0.00012035142616451111,0.13976420277021773,9.628114093085394e-05,0.1630446628739306,0.0007582139848361091,0.09662081720532001,-0.002431098808521548,0.07794833162058024,-0.001985798531712324,0.2697708958340119
2015-04-22,80.95,0.005744286596664594,0.014206300185299447,-0.0006176652254478165,0.02643607164916606,-0.536490607827331,0.02549722050648473,-0.464395359044657,0.027609635577517277,-0.49013043721467175,0.023428042001234717,-0.5028513481097432,0.02503603047148495,-0.41814885928207657
2015-04-23,81.0,0.0004938271604939537,0.006543209876543221,-0.0012345679012345512,-0.0006172839506172201,0.6583645119422297,0.018567901234566975,0.0465250064565359,0.02458024691358074,-0.05901461595818924,0.02152469135802404,-0.1409064828400699,0.02422222222222259,-0.017993127673458176
2015-04-26,80.6,0.0038461538461538325,0.007444168734491496,-0.001612903225806428,0.00496277915632759,-0.04433459331574796,0.01982630272952779,-0.016158855682158135,0.026749379652606153,-0.08132840943083242,0.025880893300247676,-0.17097880510156915,0.02885442514474823,-0.054878572140791726
2015-04-27,80.42,0.0038547624968914285,0.004973887092762919,-0.0028599850783387337,0.0022382491917432024,0.09496245213466015,0.016463566277044706,0.11956717226758129,0.025528475503606485,0.016758532387639358,0.02711390201442354,-0.07586557804655814,0.030647434303241683,0.041624112419281545
2015-04-28,79.85,0.0018785222291797243,0.0057608015028178805,-0.0016280525986223093,0.007138384470882997,-0.2919933465867526,0.01705698184095117,-0.19555299013583005,0.028866624921728645,-0.26660925954425385,0.03300563556668701,-0.3373632034203098,0.0366938008766442,-0.28282610403582775
2015-04-29,79.51,0.0055338951075336595,0.008049301974594414,-0.0055338951075337706,0.00427619167400306,0.2601804208615739,0.013256194189409376,0.12225412370805344,0.028663061250157496,-0.02423456624818543,0.03610866557665626,-0.14790862487805811,0.03986919884291318,-0.08082685633279563
2015-04-30,80.29,-0.006601071117200208,0.00037364553493568486,-0.008220201768588953,-0.009714783908332358,0.1485551123909965,-0.00017436791630420778,0.16302012402152344,0.013700336280981773,0.14261825874327827,0.02429318719641227,-0.009030782510245805,0.028006808651970472,0.04271014100411885
2015-05-03,80.35,0.0016179215930305357,0.007655258245177432,-0.0006845052893589276,-0.0007467330429370422,0.1371466703900286,-0.0026882389545743735,0.30607531646957553,0.010155569383945684,0.28070943647416113,0.02219663970130603,0.14091459658751648,0.02595727027587702,0.18078919636542867
2015-05-04,80.07,0.005370300986636822,0.007243661795928613,-0.0036218308979641956,0.0034969401773448094,0.09340809931026106,0.00017484700886671867,0.36772559166546537,0.01054077682028276,0.3971112460068744,0.02409142000749287,0.2501289864859739,0.027717413929478907,0.21330143891624753
2015-05-05,80.4,-0.0007462686567164534,0.002238805970149249,-0.010945273631840946,-0.004104477611940438,-0.09931342545068844,-0.004800995024876409,0.18250737080083046,0.002649253731343615,0.24321897258485836,0.018445273631839676,0.1277422864586395,0.021513266998341996,0.07775929477234689
2015-05-06,80.2,0.002119700748129727,0.00436408977556102,-0.0024937655860349794,0.0024937655860348684,0.012677238552890824,-0.0009476309226941204,0.07174343105157988,0.0017955112219454339,0.2667693596905174,0.019507481296757057,0.14752254983220858,0.022597672485453524,0.09067041006892707
2015-05-07,80.96,-0.0008646245059287239,0.0030879446640317276,-0.0017292490118576698,-0.009387351778656017,0.04250696549260047,-0.008621541501977026,0.054217304898384944,-0.008535079051382954,0.2146197421137115,0.008275691699603849,0.2037987548406348,0.011841238471673732,0.13097695639383256
2015-05-10,80.27,0.00847140899464316,0.00896972717079847,-0.00012457954403877203,0.008595988538681931,0.32303700656089185,0.0015697022548888384,0.3465343351429162,-6.228977201905295e-05,0.5715564291107715,0.015454092438020872,0.5919839609916655,0.02004484863585443,0.49389288172352996
2015-05-11,79.95,0.001000625390869203,0.004252657911194557,-0.007379612257661039,0.0040025015634770345,-0.1693778661459303,0.005378361475921523,0.05607235207681893,0.0035272045028145182,0.2426446675215217,0.017542213883676494,0.2981961299358604,0.023277048155097235,0.2344979808990737
2015-05-12,79.7,0.005771643663738946,0.011166875784190733,-0.0018820577164366803,0.0031367628607277265,-0.02393894562766752,0.008230865746548632,0.02201457387407557,0.006085319949812096,0.18054701403986817,0.01844416562107809,0.2633508069371864,0.025328314512756522,0.20437180621867745
2015-05-13,80.57,-0.005709321087253194,0.001489388109718215,-0.00595755243887286,-0.010798063795457225,0.1466581048040143,-0.0043936949236697,0.1415362154011297,-0.0049646270323935315,0.2578780317939018,0.0050825369244129615,0.44378619800762764,0.013330023581978656,0.36805110068920865
2015-05-14,81.05,-0.002714373843306639,0.0008636644046886577,-0.003948180135718626,-0.0059222702035780506,-0.24428251283473734,-0.009376927822332681,-0.1799781048958441,-0.009549660703269125,-0.1000455097331544,-0.002677359654534972,0.07780358331808745,0.00660908903968771,0.025985919031929816
2015-05-17,80.74,0.002848649987614582,0.0048303195442160884,-0.0029725043349020375,0.0038394847659153353,0.3334954992692696,-0.0053505078028246444,0.11229979139617896,-0.004805548674757798,0.18689355231219706,0.00023532325984554348,0.4186559567989947,0.009904219304764705,0.3758100054355398
2015-05-18,80.83,-0.0009897315353210034,0.0014845973029815607,-0.006185822095756577,-0.001113447977236226,-0.02437278962798828,-0.005295063713968262,0.09751405293602677,-0.005431151800073586,0.12980171718650557,-0.002195966843994368,0.36814219077651367,0.007831250773228104,0.3349163117478351
2015-05-19,80.48,0.005591451292246585,0.006461232604373812,-0.0003727634194831131,0.004348906560636134,0.04437942774164383,0.0012176938369774515,0.1252524586136632,-0.0001615308151088346,0.16429057630600452,0.000745526838965338,0.4109406417226322,0.011568091451292561,0.39051352888279145
2015-05-20,80.41,-0.0029847033951000412,0.0021141649048626032,-0.007088670563362709,0.0008705384902376601,-0.09395353337740986,0.004029349583384523,-0.012617063168372078,0.0008083571695070013,0.02470233475756456,-6.2181320739096435e-06,0.26792455151241756,0.01149939891390006,0.25416450632185694
2015-05-21,79.95,0.0036272670419010833,0.0056285178236397115,-0.00037523452157595116,0.005753595997498362,0.008712615278631652,0.009405878674170864,0.01003813736680792,0.006829268292683377,0.014170704232952858,0.005409631019386296,0.2080690586647873,0.016285178236397968,0.2643751378635468
2015-05-25,79.14,0.01048774323982804,0.011689411170078268,-0.0025271670457417406,0.010235026535253988,-0.10373980220190337,0.016957290876926212,-0.13808618025751074,0.015857973212029863,-0.10486342974435536,0.01503664392216253,0.06198027990296695,0.025254822677112543,0.12824324936244325
2015-05-26,79.39,-0.0021413276231263545,0.006927824663055748,-0.003778813452575802,-0.003149011210479946,-0.17244835824502103,0.009724146617961393,-0.2593514416477726,0.01123567199899278,-0.2411806251058568,0.010920770877943742,-0.13656478016806384,0.020225049334509304,-0.07284218573205226
2015-05-27,79.33,0.0012605571662676063,0.0015126685995210387,-0.003907727215429202,0.0007563342997605194,0.3947231940033522,0.006857430984494428,0.1144642039940893,0.011294592209757148,0.08916290015327943,0.011036177990671137,0.2016574984975299,0.019227698642800606,0.30060561721656165
2015-05-28,78.39,0.010077816047965316,0.010843219798443604,-0.0025513458349279983,0.011991325424161259,-0.5376253196077216,0.01599693838499716,-0.4796547766566025,0.022949355785177206,-0.5016314473443739,0.02282816685801703,-0.46850265604831576,0.02967215206021212,-0.4018270878209601
2015-05-31,78.85,-0.0025364616360176173,0.0027901077996195234,-0.007355738744451501,-0.005833861762840731,0.6541256658386005,0.004946100190234004,0.03192522550647614,0.014216867469879935,-0.08447227682703107,0.016150919467342595,-0.10013460083551617,0.02150496723737083,0.011135489081549377
2015-06-01,78.54,-0.0010185892538835395,0.0022918258212374365,-0.004710975299210607,0.003947033358797869,0.02810196094158135,0.006111535523299461,0.10386031922203998,0.015418894830660168,-0.056944721434006196,0.019244970715558196,-0.07894318802581346,0.023975044563279813,0.03076224396228988
2015-06-02,78.56,0.004455193482688413,0.00470977596741351,-0.0036914460285133455,-0.00025458248472498557,0.23298291918981007,0.004327902240325088,0.38383295051158917,0.012359979633401519,0.1926722906661098,0.017833503054989208,0.13711723533096687,0.02187712152070609,0.27070819516948563
2015-06-03,78.15,0.0033269353806779645,0.008829174664107375,-0.001151631477927073,0.005246321177223345,-0.21249541047126874,0.007472808701215028,0.03430156219599101,0.014766474728087564,-0.057402661538584976,0.02220729366602625,-0.10848257386691096,0.025310300703774713,-0.006813774519199622
2015-06-04,77.43,0.007878083430195026,0.008911274699728855,-0.0007748934521503159,0.009298721425804013,-0.1947773905490292,0.013793103448275223,-0.12906992362530845,0.021193335916311895,-0.21860165460843406,0.03025958930646966,-0.28061780875607767,0.032717723535236054,-0.19726874145948747
2015-06-07,77.71,-0.002959722043494928,0.0035182087247460636,-0.00784969759361731,-0.003603139879037265,-0.13523449286091893,0.007669540599664959,-0.30386024001426815,0.013679063183632323,-0.29327346488160555,0.024765152490026532,-0.36775407473443433,0.02748680993437147,-0.3214885231523378
2015-06-08,78.9,-0.011787072243346075,0.005449936628643792,-0.013688212927756793,-0.015082382762991231,-0.053132591609322266,-0.010418250950570918,-0.2831120281275956,-0.004448669201520317,-0.2882119762938825,0.007249683143218499,-0.38405721709860274,0.010599915504858393,-0.3513786183273925
2015-06-09,79.54,-0.003897410108121724,0.0031430726678400855,-0.00666331405582099,-0.008046266029670623,0.21565333541966858,-0.017475484033191546,-0.04103360483107532,-0.012760875031430197,-0.08377979011663306,-0.001716117676641149,-0.21805879290176422,0.0017559299304332754,-0.20329113776343588
2015-06-10,79.41,0.006548293665785243,0.006548293665785243,-0.002140788313814368,0.0016370734164463663,0.24242201140667685,-0.01339881626999162,0.2830822446126404,-0.010955799017755341,0.15653202285108248,-0.0003400075557240534,-0.00768273844083589,0.0030264870083533957,-0.005400407471142676
2015-06-11,78.87,0.0038037276530999975,0.005705591479649996,-0.0038037276531002195,0.0068467097755799955,0.1727837109344752,-0.0034487130721446713,0.5057575826480056,-0.004082667680993746,0.3844722566712675,0.006320527450234037,0.1727830195636435,0.009707958243523107,0.1448120813109457
2015-06-14,78.12,0.0026881720430107503,0.0042882744495647,-0.002432155657962065,0.00960061443932414,-0.13539279484254363,0.009805427547362466,0.22400703395778887,0.0060931899641580856,0.11674763936274624,0.014893753200204252,0.019805057138287507,0.019128690902884493,-0.02303433876386618
2015-06-15,79.1,0.006321112515802696,0.006321112515802696,-0.0071428571428571175,-0.01238938053097327,-0.09145775850853344,-0.0016687737041723993,0.03027095081764619,-0.007294563843235902,0.013884524692554301,0.00046776232616907443,-0.07302651095396517,0.005587863463969667,-0.11506083819764545
2015-06-16,80.08,-0.01098901098901095,0.0013736263736263687,-0.011488511488511488,-0.012237762237762295,-0.1096388033065353,-0.013386613386613733,-0.15238920905858644,-0.018743756243755794,-0.08755276066130713,-0.012799700299700678,-0.16017980425042466,-0.0072385947385947835,-0.20821288643871194
2015-06-17,80.82,-0.006062855728779959,0.00494926998267764,-0.006434050977480732,-0.0091561494679534,-0.13128308443374792,-0.021083890126206817,-0.26698485412394224,-0.025847562484532793,-0.17635066076219186,-0.02230264785944125,-0.253745517058352,-0.016324342159531602,-0.303707737393069
2015-06-18,80.54,0.0021107524211569917,0.008194685870374974,-0.0007449714427614218,0.0034765333995527836,-0.31330277073028523,-0.014179289793891714,-0.4571647983786782,-0.019145766078966453,-0.41446005095732974,-0.018692575117954524,-0.47080110519726426,-0.012730734210744332,-0.5146005563678361
2015-06-21,80.45,0.005842137973896877,0.009073958980733376,-0.0014916096954630254,0.0011187072715972413,1.2582533142888659,-0.008924798011187507,0.48906861176168137,-0.014182722187693786,0.4114662140927612,-0.01751398384089553,0.26414390443139957,-0.011485394655065373,0.13656995186625198
2015-06-22,79.79,0.006767765384133151,0.008271713247274048,-0.0021305928061160495,0.008271713247274048,-0.03935250982196148,0.005113422734678075,0.41322606447923715,-0.0025943100639173045,0.3001775963047286,-0.00907381877428326,0.2206838090464951,-0.0035217445795214797,0.09174186685593955
2015-06-23,79.51,0.003647339957238094,0.00427619167400306,-0.00012577034335314874,0.003521569613885056,-0.18689695940674356,0.010388630360960605,0.12433951323913384,0.0020374795623196995,0.008126102733490015,-0.0051754496289782015,-0.004675143363834122,-0.00021380958370043057,-0.10493973721190986
2015-06-24,79.39,0.0040307343494141445,0.0064239828693790635,0.0,0.0015115253810304985,0.5102734907053599,0.010479909308476865,0.6822727297566467,0.0035142965108960755,0.5116168486613724,-0.0035961708023687367,0.5096103758157657,0.001112650627702827,0.3662328268538846
2015-06-25,79.34,0.002520796571716666,0.00504159314343311,-0.0007562389715149997,0.0006301991429291665,-0.23982634462126184,0.0075119737837152645,0.15272531795776434,0.0041215023947571705,0.12601580127381729,-0.0029304260146213457,0.14790402246932266,0.0016133098058985773,0.03595734193501143
2015-06-28,78.32,0.008043922369765255,0.013406537282941944,-0.0007660878447394159,0.01302349336057218,-0.03300665483172616,0.017568947906026366,-0.0835790828347921,0.01779877425944898,0.10384424676026671,0.010661389172624602,0.07958211036019236,0.014134320735444295,0.010421283544570503
2015-06-29,78.24,0.008691206543967267,0.009841513292433657,-0.0014059304703476494,0.0010224948875254825,-0.057420693400666245,0.013164621676891475,-0.11115902614140516,0.019095092024540516,0.04564548333527574,0.01135608384458009,0.01982732130908782,0.014008179959100309,-0.045583601085483316
2015-06-30,79.72,-0.016683391871550435,0.000564475664826869,-0.02007024586051176,-0.018564977420973405,-0.04700780973386465,-0.009533366783743391,-0.12451462605514851,-0.0009031610637225684,-0.0016398524201605147,-0.007607877571500943,-0.022076553658938125,-0.005862184311757779,-0.07969678928151802
2015-07-01,79.93,0.0010008757662955947,0.005254597773051373,-0.0020017515325911894,-0.0026272988865257974,0.34314625742932336,-0.011610158889028166,0.176646658248925,-0.003978481171024284,0.3343137624624757,-0.009489553359189995,0.33531984010834326,-0.008936986529880397,0.2519425905370427
2015-07-05,80.05,-0.005496564647095581,0.0021236727045597092,-0.006870705808869393,-0.0014990630855713505,0.00021223028121641896,-0.011742660836977059,0.19952436785370198,-0.006583385384134166,0.27233921397538685,-0.00986258588382316,0.32803791514424385,-0.010651676035811075,0.2578414266641622
2015-07-06,81.72,-0.02031326480665685,0.001346059716103687,-0.02031326480665685,-0.020435633871757286,-0.43532660251776867,-0.030200685266764782,-0.34151310764029974,-0.027484092021536344,-0.35851907230736724,-0.028493636808615497,-0.26223456033996806,-0.03101647903410021,-0.28817590507172053
2015-07-07,80.99,0.002716384738856714,0.008643042350907626,-0.0012347203358438197,0.009013458451660794,0.7383955264662518,-0.013063341153228936,0.255471461593767,-0.01715026546487164,0.18626354205313556,-0.017261390295098766,0.28828220854334297,-0.02155410132938218,0.265619104762882
2015-07-08,80.66,0.013513513513513598,0.016612943218447862,-0.0017356806347632592,0.004091247210513238,-0.3546182436851554,-0.0022067939499131883,-0.22288266298375303,-0.01164145797173255,-0.23888068832173026,-0.011945202082817574,-0.19161936105441724,-0.0167865112819241,-0.18310891418444764
2015-07-09,80.95,0.003458925262507684,0.005063619518220985,-0.0023471278567016585,-0.0035824583075974026,0.5117463437394181,-0.003458925262507906,0.21982558934106788,-0.01376158122297666,0.17348525932806003,-0.014793082149475723,0.22885682790686612,-0.01978587605517823,0.24617758774092047
2015-07-12,81.91,-0.0047613234037358065,0.0015871078012454909,-0.006958857282382991,-0.011720180686118797,-0.060137089913491426,-0.01264802832377021,0.15437686731453204,-0.02341594432914118,0.1170533754528904,-0.025399829080699043,0.14990682091111363,-0.03061490253530308,0.17618547386160754
2015-07-13,82.04,0.0,0.005119453924914419,-0.0007313505607021709,-0.0015845928815213517,0.19837936606084217,-0.009678205753291369,0.40731744541892856,-0.021830814236956986,0.33261460031400225,-0.025091418820088363,0.38476446736639547,-0.030720786608158912,0.38109248421165454
2015-07-14,82.15,-0.002921485088253295,0.0020693852708457694,-0.0037735849056603765,-0.0013390139987826677,-0.08302047885128672,-0.010225197808886533,0.12353480337854372,-0.018612294583079114,0.19431167993229592,-0.024010955569081727,0.2592492796043251,-0.03072428484479628,0.25909803809335163
2015-07-15,82.3,0.0018226002430135058,0.0030376670716889542,-0.00243013365735123,-0.0018226002430132837,0.007564551189086055,-0.009210206561360956,0.13049022156639123,-0.015650060753340855,0.1765063806132503,-0.02393681652490942,0.2566057154520962,-0.031028756581612082,0.2650636853533199
2015-07-16,82.24,-0.004255836575875471,0.0017023346303501885,-0.0077821011673151474,0.0007295719844357951,0.13664679090917042,-0.004499027237354181,0.15467414357118736,-0.011794747081711576,0.2987511684093349,-0.021875000000000644,0.4053003011480141,-0.02880593385213992,0.4415766388719524
2015-07-19,82.19,-0.0012166930283489252,0.0019467088453581916,-0.0023117167538629912,0.0006083465141744071,0.16239398585267906,-0.0007543496775763714,0.29968563282152916,-0.008383014965323676,0.49419444008931546,-0.020416109015695794,0.584789834769728,-0.026556353165429814,0.6638834266926725
2015-07-20,81.63,0.0046551512924171146,0.006125199068969689,-0.003185103515864207,0.006860222957246087,-0.3326722946800099,0.006786720568418447,-0.1944609593180361,0.0010412838417257486,-0.024021966290489583,-0.01268528727183682,-0.012888250390686418,-0.01793458287394334,0.0907122427482312
2015-07-21,80.83,0.002474328838302675,0.00581467277001102,-0.001979463070642007,0.009897315353210479,0.23020777263782444,0.015736731411604588,0.036593654729525804,0.010837560311766081,0.1322368142020136,-0.0021835951998024905,0.21930108061291453,-0.006598210235473578,0.32322078402146825
2015-07-22,80.7,0.0016109045848822223,0.0023543990086740685,-0.0069392812887236754,0.0016109045848822223,0.13483803179152942,0.014101610904584838,0.1552869176607714,0.012267657992565795,0.2734158685581416,6.815365551360308e-05,0.37363314003794046,-0.0042007434944237865,0.4680509054976074
2015-07-23,80.29,0.0027400672561963546,0.005480134512392487,-0.0007472910698717028,0.00510648897745658,-0.04945569937322314,0.01529455723004114,0.0542511551792908,0.01748661103499871,0.12142685795825692,0.005916054303150453,0.27511391927894335,0.0013658820110431513,0.37128879700134454
2015-07-26,79.97,-0.0017506564961861093,0.0012504689258470147,-0.006815055645867263,0.004001500562711202,-0.3427848357555914,0.014480430161310398,-0.3109924158809667,0.020732774790547248,-0.27728032356059684,0.01050393897711599,-0.16310668627738478,0.0057396523696386925,-0.10640104042529974
2015-07-27,80.23,-0.001121774897170691,0.00535959117537077,-0.00398853296771795,-0.003240683036270786,-0.004206913557810776,0.005658731147949458,-0.23064496643775456,0.015006855291038956,-0.2655239445519776,0.007621837217997696,-0.16136529084755258,0.002937388341850422,-0.10204920659197958
2015-07-28,80.62,-0.0044653932026792464,0.004589431902753516,-0.005705780203423605,-0.0048375093029024985,-0.030429985712090435,-0.002679235921607681,-0.22855346880562744,0.007851649714711861,-0.25951182807341655,0.003932026792358823,-0.18305260230617415,-0.0010419250806251723,-0.1251817485545359
2015-07-29,77.39,0.025972347848559396,0.02700607313606418,-0.0031011758625144603,0.041736658483008116,-0.5957256950547736,0.038402894430805024,-0.6626128347147221,0.047939010208038146,-0.6904540278191839,0.04737046129990907,-0.6686642823101985,0.04130593961321427,-0.6453732897547153
2015-07-30,76.7,0.012125162972620451,0.013559322033898091,-0.0005215123859192428,0.00899608865710566,0.8579884630986365,0.039113428943937434,-0.0921511048830187,0.050964797913951365,-0.2948353700643729,0.055273794002607346,-0.3288159133935925,0.04950456323337682,-0.3052921105010432
2015-08-02,76.4,0.0014397905759162555,0.00903141361256532,-0.005104712041884785,0.003926701570680535,0.24875344035322744,0.03379581151832456,0.26439319307885767,0.04784031413612655,-0.05581522467091515,0.05730366492146555,-0.13412848274981815,0.051828097731238865,-0.12839895894510056
2015-08-03,75.91,0.001580819391384658,0.005664602819128062,-0.0021077591885126923,0.006455012514820391,-0.2886067695526823,0.031063101040705865,-0.08709042756766205,0.04697668291397816,-0.2946700507424381,0.06172441048610189,-0.3731421321547208,0.05679971896544145,-0.39512892639089203
2015-08-04,75.77,0.003695393955391424,0.010162333377326194,-0.0002639567110993557,0.001847696977695712,0.22710815281003982,0.02156526329681885,0.2068797540436762,0.04136201662927386,-0.08072221493589204,0.05985218424178407,-0.22307007521297828,0.056755092164884946,-0.23798822759501626
2015-08-05,75.74,0.003564827039873375,0.003564827039873375,-0.006469500924214389,0.0003960918933192392,0.16488146760020328,0.009162925798785082,0.4480825138088942,0.03509374174808655,0.12204996861031803,0.05682598362820168,-0.07267356591063434,0.05540445383328918,-0.09914439239440276
2015-08-06,75.48,0.0014573396926338411,0.0031796502384737746,-0.0018547959724430907,0.003444621091679867,-0.06895607802961812,0.008267090620031281,0.09510384790806103,0.03208797032326527,0.0842187452407066,0.057207207207206734,-0.14192696414361994,0.05737502208090417,-0.15957346046416132
2015-08-09,76.38,-0.00562974600680799,0.0015710919088767206,-0.00759361089290389,-0.01178318931657496,0.09597688246192004,-0.006808064938465752,0.16025307280719714,0.01362922230950625,0.23611774950487496,0.041169154228855476,-0.042370680052984944,0.0432093916382994,-0.06367405112061386
2015-08-10,76.22,-0.0023615848858565824,0.003017580687483701,-0.005379165573340283,0.0020991865652060238,0.22352434581959768,-0.004775649435844076,0.4103876796152157,0.011046969299397302,0.5197978077036176,0.03972710574652294,0.18391384075798278,0.04410478439604626,0.15212726732417847
2015-08-11,76.39,-0.006545359340227819,0.000523628747218341,-0.013745254614478286,-0.0022254221756774495,-0.2854670857852015,-0.006178819217175335,-0.10436070593966806,0.0035475847624044654,0.07489850605568305,0.0336038748527292,-0.1475114693927302,0.040864860147488136,-0.17827555256966343
2015-08-12,75.78,0.009369226708894063,0.009633148588017892,-0.001979414093428389,0.008049617313275359,0.7626928585370347,0.003457376616521346,0.5649267417895845,0.006043811031935409,0.920998344543154,0.03812351543942971,0.5347111406849159,0.04842966481921307,0.45984243655272916
2015-08-13,75.62,0.0015868817773074806,0.002512562814070307,-0.0031737635546152942,0.0021158423697433815,0.06463647008328866,0.005686326368685268,0.544183059552775,0.006043374768580634,0.7566455309913338,0.036008992330071266,0.6278646906307734,0.04891122278056925,0.5367790760513218
2015-08-16,75.53,0.003707136237256714,0.003707136237256714,-0.010327022375215211,0.0011915795048325073,-0.3566814668931626,0.007255395207202087,-0.10928513190378986,0.00581226002912838,0.057653731350845394,0.03286111478882536,0.04585213299086455,0.04825896994571677,-0.015259712483118415
2015-08-17,75.13,0.005989617995474594,0.008917875682150855,-0.0017303340875814976,0.005324104884866232,0.16627633119391882,0.010355384001064616,0.025884962585539073,0.01000931718354936,0.2224161112219747,0.03392785837881007,0.24440503339382635,0.05183459780824329,0.15780551875270987
2015-08-18,74.12,0.010928224500809547,0.010928224500809547,-0.001349163518618579,0.013626551538046261,-0.2452240051774005,0.021181867242309194,-0.22660279719500043,0.02271991365353565,-0.13738931507390828,0.043631948192120795,-0.06108659526624638,0.06320381363554595,-0.14045480307447855
2015-08-19,73.91,-0.002164795020971444,0.011026924638073199,-0.006088485996482262,0.002841293465025041,-0.07766237857803604,0.01794073873630042,-0.29823860382913026,0.02339331619537366,-0.21400747988746038,0.042057908266810884,-0.11643244612700099,0.0631263248094529,-0.197420830222946
2015-08-20,71.84,0.023802895322939888,0.02867483296213802,-0.00013919821826291479,0.028814031180400823,-0.3214514376271047,0.042065701559019564,-0.4635764869560628,0.05033407572383153,-0.4581446716764145,0.06735801781737183,-0.38359655220952815,0.09062731997030427,-0.4548260272343848
2015-08-23,69.14,-0.008244142319930647,0.027914376627133253,-0.05958923922476145,0.03905120046282917,-0.3347473759896139,0.07182528203644734,-0.5572479015977221,0.08608620190917082,-0.615399317414209,0.10292884003471192,-0.5686182841062268,0.1288255713045996,-0.6248423562514223
2015-08-24,68.42,0.05495469161064026,0.05568547208418595,-0.0017538731365098759,0.010523238819058811,0.10331166770116074,0.06442560654779261,-0.3717174174054907,0.08693364513300295,-0.508013400264193,0.10662087109032448,-0.4889386942708893,0.13448309461171193,-0.5606891765316864
2015-08-25,70.9,-0.014104372355430161,0.0014104372355430161,-0.027503526093088926,-0.034978843441466956,0.2297246749136186,0.008265162200281617,-0.06671348717492731,0.037912552891397056,-0.3149147385604618,0.059583921015514685,-0.3348126176727416,0.08839680300893282,-0.4304575689334744
2015-08-26,71.48,-0.0011191941801902416,0.0037772803581421766,-0.020425293788472465,-0.008114157806379363,0.30005259675838425,-0.008925573587017621,0.3264548444993882,0.02181029658645861,-0.057393402612777145,0.04418718522663667,-0.10342311032784168,0.07431915687371782,-0.23278882612411855
2015-08-27,71.21,-0.0005617188597105693,0.0008425782895660205,-0.00870664232551599,0.0037916023030475365,0.34073379100669743,-0.011992697654823803,0.833065055931073,0.019646117118383266,0.33849515089718163,0.043996629686841704,0.15898892635912554,0.07332771614473632,0.05128250370596743
2015-08-30,70.67,0.004669591057025579,0.004669591057025579,-0.005235602094240899,0.007641149002405534,0.052309217841775446,-0.006226121409367624,0.8083051985231693,0.021197113343710994,0.4550663137160509,0.04808971274939866,0.20986224865081038,0.07632658836847339,0.12095160840657049
2015-08-31,68.9,0.006821480406385971,0.014223512336719812,-0.005515239477503764,0.025689404934687854,-0.3831979365334667,0.02374455732946279,-0.06826641592137583,0.040377358490566895,-0.09708878472980864,0.07085631349782284,-0.2537200268874057,0.09840348330914384,-0.2988593408267154
2015-09-01,69.81,-0.0022919352528291137,0.0005729838132071396,-0.00839707778255272,-0.01303538175046548,0.7338211289343304,0.011774817361409395,0.4797930022756407,0.017891419567398037,0.6552354786112011,0.051876521988253765,0.30552689696812596,0.07800697130306089,0.24532233900794687
2015-09-02,69.93,0.0035750035750035103,0.007579007579007424,-0.0032890032890033893,-0.001716001716001836,0.05141675343976915,0.006921206921206791,0.35368349753898176,0.009981409981410838,0.7289814447656631,0.04581009581009576,0.36089315560375534,0.07090423757090436,0.320363208708343
2015-09-03,68.76,0.0075625363583478045,0.0075625363583478045,-0.0037812681791740133,0.017015706806282838,-0.2634667251130878,0.01954624781849912,-0.08934673078378219,0.02137870855148427,0.2540725153095702,0.05938045375218137,-0.0015052649614575309,0.08390537133992648,-0.01855782296358721
2015-09-07,69.98,0.004715633038010925,0.00657330665904543,-0.006001714775650258,-0.017433552443555267,0.252148815835715,-0.005230065733066613,0.17245697549318084,-0.000828808230922462,0.5238229988881971,0.036110317233495115,0.2581681356571599,0.0595170048585314,0.2500996382602061
2015-09-08,68.48,0.028621495327102675,0.03008177570093462,-0.0016063084112148962,0.021904205607476523,-0.17057083699840458,0.014544392523364369,-0.033665615064450205,0.022283878504673726,0.1328009111597559,0.05413259345794352,0.04363364697130079,0.07786214953271076,0.03858149862980986
2015-09-09,68.32,-0.0029274004683839117,0.00917008196721314,-0.008343091334894526,0.0023419203747074846,-0.12079947203777697,0.01569086651053886,-0.2197606062988562,0.024765807962530362,-0.08668790269230553,0.05093676814988268,-0.06822533853353885,0.07465359094457535,-0.08047052012379474
2015-09-10,68.42,-0.0052616194095294055,0.0013154048523824624,-0.010084770534931287,-0.0014615609470916002,0.1151377630381516,0.009850920783396777,-0.06460430964031305,0.019497223034201427,-0.024690923640604212,0.04350336159017787,0.048386736532683994,0.06709051934132382,0.03623678543582587
2015-09-13,68.06,0.002497796062298052,0.0035263003232441914,-0.010725830149867832,0.005289450484866176,0.1625109155514668,0.010755215985894795,0.1455401440060058,0.02039377020276323,0.11174902498721861,0.04361592712312623,0.2462673961614732,0.06834165932020841,0.1676549603361306
2015-09-14,69.45,-0.020590352771778342,0.00417566594672425,-0.022318214542836556,-0.020014398848092196,-0.1204857372849818,-0.011490280777537665,-0.024797864508961154,-0.004564434845211518,-0.02497975792818241,0.017285817134629067,0.11479064328226718,0.04281257499400115,0.02043715812358582
2015-09-15,70.1,0.0002853067047077218,0.003708987161198385,-0.005706134094151105,-0.00927246790299563,0.27115863104559246,-0.022168330955777305,0.28248758661800655,-0.01553495007132566,0.2569217114681015,0.0035164051355205395,0.43065224540092806,0.029838326200666287,0.30301707231608144
2015-09-16,70.24,-0.003416856492027276,0.014664009111617249,-0.005410022779043233,-0.001993166287015957,-0.21232131041837077,-0.019504555808655955,-0.033016726742860825,-0.015788724373575258,-0.07114429691994884,-0.002064350797266634,0.13252180304376782,0.025028473804100893,0.012209133334336819
2015-09-17,69.94,-0.007148984844152162,0.012010294538175703,-0.008149842722333323,0.004289390906491164,-0.39431399175456483,-0.009808407206176595,-0.43146585105203505,-0.010952244781240128,-0.42573046486596433,-0.0005576208178440512,-0.3108516426264958,0.026789629205986598,-0.3866732826078231
2015-09-20,70.65,-0.00707714083510258,0.0032554847841470558,-0.009058740268931387,-0.01004953998584579,1.351683345325989,-0.015456475583864093,0.5157102588089202,-0.020877565463551795,0.4763082498281168,-0.013411181882519774,0.6691752238098214,0.01373437131398969,0.4804769245974454
2015-09-21,70.19,-0.0018521156859950816,0.006593531842142841,-0.0029918791850690463,0.006553640119675297,-0.24140237582559254,-0.0016241629861803997,0.11122461015182483,-0.011768058127937575,0.08314740071827287,-0.0077931329249180115,0.22694660074335182,0.018084247518640684,0.11556751261941023
2015-09-22,70.26,-0.001138627953316207,0.0032735553657841088,-0.004269854824936137,-0.000996299459151806,0.6217167718942376,-0.000512382578992332,0.7755281991937981,-0.012453743239395743,0.7728494279010425,-0.008034443495587906,0.8826136202780448,0.014133219470538805,0.814649697651779
2015-09-23,71.36,-0.021580717488789314,0.0030829596412556004,-0.022701793721973118,-0.015414798206278002,-0.5310871186967454,-0.015470852017937187,-0.20309403611665566,-0.02518217488789154,-0.2042694894372572,-0.022036154708520272,-0.17377214604653834,-0.004283445440955713,-0.1520605899513654
2015-09-24,72.67,-0.003853034264483246,0.009770194027796775,-0.0099078023943856,-0.01802669602311824,-0.10993629482783118,-0.030136232282922948,-0.25896047391020005,-0.03857162515480861,-0.28623450561008257,-0.03934911242603589,-0.27800435990912575,-0.024540158708315163,-0.23878488845091317
2015-09-27,71.77,0.007524035112163929,0.012540058520273067,-0.00027866796711717434,0.012540058520273067,0.6377773368817858,-0.010366448376759041,0.14569777274765405,-0.020593562769958718,0.21014430004557738,-0.02647345687613234,0.19141208995451064,-0.013752264177231743,0.2797619038569459
2015-09-28,72.28,-0.007055893746541253,0.0017985611510791255,-0.01286662977310471,-0.007055893746541253,0.019383801415610247,-0.014250138350857755,0.20033849863490216,-0.02237133370226818,0.22801463100515984,-0.03295517432208106,0.2100140876892791,-0.022486626083747407,0.3179316860353021
2015-09-29,71.94,0.012788434806783489,0.015568529329997194,-0.005421184320266947,0.004726160689463521,-0.18190951014836154,-0.0037809285515706392,-0.03928586630161457,-0.013817069780371782,-0.013579726569582284,-0.027265777036419636,-0.012311396459977919,-0.019372625335926985,0.07923984356326175
2015-09-30,71.95,-0.0026407227241139752,0.003196664350243239,-0.007713690062543521,-0.0001389854065323437,0.2918323709004471,0.0007505211952745228,0.352168237924781,-0.011396803335649297,0.30183038321008837,-0.02528839471855504,0.25021546376302406,-0.02098679638637846,0.4082183996327706
2015-10-01,72.42,-0.014636840651753635,0.0,-0.015603424468378813,-0.006489919911626618,-0.059211726887721694,-0.004114885390776091,0.16477148079231485,-0.015451532725765715,0.19742574553837056,-0.030136702568351548,0.1742274848215557,-0.0283393169474353,0.31999858677187665
2015-10-04,73.22,-0.0034143676591095184,0.0028680688336522042,-0.009833378858235431,-0.010925976509150503,-0.011165549451452428,-0.01567877629063097,0.021252190179701813,-0.022821633433487643,0.08474360463173691,-0.039033051078940395,0.16447490703538126,-0.03963397978694272,0.29941523376482637
2015-10-05,73.4,-0.0008174386920981602,0.005108991825613085,-0.01103542234332433,-0.0024523160762943697,0.038008141906643145,-0.014141689373296962,0.0596083366707203,-0.021716621253405566,0.14229203653295097,-0.038351498637602566,0.19568876045204697,-0.04136239782016271,0.32404048471853253
2015-10-06,73.72,0.0,0.0020347259902333548,-0.005385241454150869,-0.0043407487791643495,0.09632762599196654,-0.015382528486163727,0.15717741433073895,-0.021608790016277246,0.2355305873046365,-0.0402061855670105,0.3088190072636976,-0.04359739555073172,0.39029634305826844
2015-10-07,74.4,-0.009677419354838679,0.0005376344086021057,-0.012231182795699014,-0.009139784946236684,0.17752338461076245,-0.019596774193548328,0.2760292225780918,-0.02590053763440814,0.4808191719900077,-0.04545698924731212,0.5193125229974012,-0.04996415770609253,0.5719468481169829
2015-10-08,74.48,0.0014769065520945368,0.005773361976369351,-0.002148227712137629,-0.0010741138560687036,-0.0034412093430207236,-0.014070891514500361,0.2224884200551418,-0.022865198711063073,0.3802823951410015,-0.04240064446831382,0.4724076620211237,-0.04941818832796219,0.515142755128192
2015-10-11,74.33,0.004843266514193534,0.0057850127808423135,-0.005650477599892345,0.0020180277142474168,0.10256304247358661,-0.006538409794160871,0.2771970881335095,-0.018458226826314483,0.39042918109684055,-0.03639176644692599,0.5880777357718965,-0.04615453607785047,0.6355327023050032
2015-10-12,74.11,0.0017541492376196288,0.0022938874645797025,-0.006072055053299219,0.002968560248279628,-0.25624996424505586,-0.000593712049655637,-0.12034968812154012,-0.012090136283901765,-0.0012432947561321628,-0.029301038996087048,0.16043785147110134,-0.04191966896055355,0.20141160122399504
2015-10-13,74.21,0.0,0.005390109149710387,-0.004177334591025317,-0.0013475272874274857,-0.010474960810296308,-2.6950545748305466e-05,-0.14044434024257757,-0.01095539684678537,-0.019288091849438027,-0.027469343754211173,0.1326360188167186,-0.041665543727259835,0.18437850610060535
2015-10-14,74.27,0.004981823077958802,0.007674700417396041,-0.0032314528073245086,-0.0008078632018312382,-0.01496179162319966,0.00048471792109894274,-0.14388851843504813,-0.008697993806381366,-0.0637335125452193,-0.025488084017773138,0.1144773154462213,-0.04005655042412748,0.13971262591880929
2015-10-15,74.9,-0.0024032042723632907,0.0018691588785046953,-0.00747663551401867,-0.008411214953271129,-0.10151073112071451,-0.008277703604806508,-0.19423355109647178,-0.013938584779705887,-0.1581436347416073,-0.03099465954606162,-0.011293298859475609,-0.04614597240765406,0.022990379266363492
2015-10-18,75.16,-0.006785524215007888,0.00039914848323574503,-0.008382118147950979,-0.0034592868547098643,0.3489172441214503,-0.010590739755188983,0.1629471426125586,-0.014050026609898292,0.14256416675302197,-0.031047099521022026,0.2729299062630941,-0.04724144048252543,0.38514892269765255
2015-10-19,74.43,0.00591159478704828,0.008329974472658819,-0.0035738277576247146,0.009807873169420889,-0.16761787475836953,0.0013435442697835587,-0.011778018057210349,-0.0017734784361141953,-0.07339422252714212,-0.018514040037619472,0.05580679549092449,-0.035030677594159676,0.13580279048646604
2015-10-20,73.59,0.002174208452235371,0.01290936268514753,-0.0012229922543823823,0.011414594374235643,0.025377087233128925,0.013643158037776715,0.01671807777531953,0.011020519092268533,-0.053714043518445,-0.004429949721429849,0.07253481140320783,-0.022000271776056124,0.16202355597754248
2015-10-21,74.85,-0.013226452905811592,0.010153640614562587,-0.016566466265865,-0.016833667334669178,-0.40902935954389175,-0.005076820307281182,-0.40139056460519296,-0.006172344689377995,-0.4390151283537732,-0.018964595858383615,-0.3589656888342718,-0.03618793141839172,-0.31978633732363904
2015-10-22,77.03,-0.0035051278722575407,0.018434376217058235,-0.009347007659353479,-0.02830066207970927,-0.14407822594174813,-0.03172789822147204,-0.42110166235900826,-0.03371413734908413,-0.4759277006343564,-0.0444631961573414,-0.44932633065310257,-0.060638712190055566,-0.4147728611847965
2015-10-25,77.49,-0.006323396567298967,0.005291005291005346,-0.006323396567298967,-0.00593624983868879,0.43485813226289594,-0.03197831978319754,-0.04951222226602536,-0.03615950445218674,-0.16455480927599297,-0.04732223512711342,-0.20388776105781292,-0.06251129177958403,-0.14528164048776726
2015-10-26,77.29,-0.002199508345193446,0.0009056799068443144,-0.006275067925992972,0.0025876568766980412,0.2166740682848356,-0.02344417130288501,0.24903175692130897,-0.029576918100659322,0.07191107658791251,-0.04115668262388439,-0.019415930086277955,-0.05601845861905341,0.04611178760309409
2015-10-27,76.51,0.01150176447523199,0.013462292510783014,-0.010717553261011759,0.01019474578486479,-0.07419776902412689,-0.006012285975689147,0.17386240743564318,-0.015527382041562898,0.002527786990768277,-0.02810743693634843,-0.09025638322704765,-0.042979131268243376,-0.03681318792876431
2015-10-28,77.02,-0.0035055829654634385,0.002207218904180852,-0.010127239678005773,-0.006621656712542112,0.23664493103659412,-0.00501168527655127,0.4967821774960903,-0.01905998441963075,0.2604195439891377,-0.03157621397039756,0.11978617626562493,-0.046542023716782954,0.19715765086727077
2015-10-29,76.38,0.00785545954438338,0.009950248756219082,0.0,0.00837915684734214,-0.13791016662955502,0.009007593610893094,0.16781871277532368,-0.007240115213406284,0.08264601373766389,-0.020142707515056646,-0.036301580914320675,-0.035593960024438376,0.02228604401630019
2015-11-01,76.6,-0.0003916449086162066,0.0022193211488250597,-0.007180156657963455,-0.002872062663185404,0.3347864240449745,0.004412532637076083,0.3657639302175344,-0.00815926892950336,0.4446422767194149,-0.020372062663185586,0.28956225397660207,-0.03556135770234914,0.32416464409692725
2015-11-02,77.05,-0.009733939000648895,0.004802076573653613,-0.014146658014276503,-0.005840363400389403,-0.107357290370517,-0.0037637897469172676,0.11150740698265138,-0.012083062946138257,0.29018080777286115,-0.023900064892926953,0.13841983288568271,-0.03861994375946287,0.17954917628575862
2015-11-03,77.06,-0.00038930703348039053,0.0010381520892810414,-0.007150272514923506,-0.0001297690111602412,0.2567314731578547,-0.00451596158837253,0.3526308294632825,-0.008811315857772617,0.6132659830535374,-0.02165844796262706,0.4241135633804849,-0.035777316376848556,0.4709044166987124
2015-11-04,76.39,0.009163503076318857,0.011388925251996307,-0.005629009032596,0.008770781515905268,-0.07073395700084051,0.005655190469957105,0.14611940622609465,0.004424662913994348,0.4708049892817623,-0.010891477942139516,0.31100969020802394,-0.02435310031854021,0.3672592095790883
2015-11-05,75.57,0.004102156940585022,0.005690088659521031,-0.011578668783909007,0.010850866746063392,-0.2765208187960987,0.014900092629350548,-0.19968299075542584,0.017361386793701694,-0.0120226910548481,0.0011578668783904789,-0.05148586617035,-0.011547792333818085,-0.033878597809607336
2015-11-08,75.4,-0.0027851458885942426,0.0030503978779838903,-0.006233421750663104,0.00225464190981417,0.10187798472587128,0.015039787798408755,-0.11962378730308287,0.017718832891246983,0.007687509475896359,0.004137931034482234,0.06027247014620629,-0.00803713527851413,0.04287173445841619
2015-11-09,75.77,-0.00514715586643788,0.006202982710835414,-0.007126831199683159,-0.0048831991553384135,0.3138544017369558,0.006915665830804052,0.20108501729140404,0.009990761515112023,0.2803277154587107,-5.939025999779357e-05,0.41110871970340845,-0.011284149399497956,0.36712287602291194
2015-11-10,75.96,0.0007898894154818592,0.006187467087941156,-0.0005265929436544248,-0.0025013164823590728,0.23703285772227844,0.0010268562401263281,0.4305661486078727,0.005463401790416489,0.5295698352166684,-0.0014678778304373363,0.7282234035080566,-0.012225732841846138,0.6755526640236278
2015-11-11,74.66,0.013527993570854546,0.01808197160460767,0.0,0.017412268952585075,-0.31036469287413937,0.015510313420841193,-0.041568807409935626,0.02223412804714764,-0.008740289330644413,0.017090811679613793,0.17111712235641963,0.0067684614697745005,0.13057813389768946
2015-11-12,73.96,0.009194159004867641,0.013791238507301351,-0.0001352082206597105,0.009464575446187062,-0.09324851140082535,0.020443482963764303,-0.1116321149183922,0.028718226068145558,-0.10768834847319109,0.02698080043266593,0.05642899026524395,0.017518478456824083,0.021735866199332987
2015-11-15,75.3,-0.013944223107569709,0.00033200531208499307,-0.01713147410358551,-0.017795484727755717,0.14281218854148414,-0.0019920318725098474,-0.01216139154503404,0.007197875166003342,0.005188242726933412,0.008081009296148522,0.1998002482357264,9.296148738413557e-05,0.16487897631235282
2015-11-16,75.07,0.0034634341281472025,0.012521646463301117,-0.002664180098574498,0.00306380711336085,-0.15286655075406064,0.0007992540295727046,-0.19052760811936942,0.008552018116425142,-0.14552594487635417,0.011262821366724074,0.018152851461539,0.004080635850984171,-0.01996495948964927
2015-11-17,75.9,-0.012121212121212088,0.0007905138339918683,-0.014361001317523048,-0.010935441370224175,0.3568411364374515,-0.011989459815546777,0.16646980925056143,-0.005085638998682085,0.17078027628904224,0.0006258234519098682,0.3831414547409413,-0.006166007905137771,0.3292153808117686
2015-11-18,76.22,-0.0010495932826030119,0.009708737864077666,-0.002623983206507474,-0.0041983731304118255,-0.18383242053155846,-0.01629493571241114,-0.01881435860146885,-0.01078457097874519,-0.043548429974195724,-0.002059826817108923,0.11701256461178233,-0.009385113268607692,0.077998422176222
2015-11-19,75.82,0.009628066473226005,0.013716697441308545,-0.001846478501714377,0.00527565286204168,-0.17148263981061596,-0.006990240042204721,-0.18245212353847673,-0.005790029016090048,-0.1966783739911755,0.004108414666314619,-0.10695251878784884,-0.003358832322165717,-0.10321410755153015
2015-11-22,75.97,-0.0019744636040542884,0.0011846781624325065,-0.007502961695405985,-0.0019744636040542884,0.011995901275682286,-0.004054231933657504,-0.15002738426750484,-0.007423983151243485,-0.18650875850769755,0.001329472160062739,-0.13294743982572566,-0.00473871264972936,-0.083066248274685
2015-11-23,76.45,-0.010856769130150434,0.003139306736428926,-0.010987573577501686,-0.0062786134728580745,0.3294421460343855,-0.008554610856768896,0.1867364642038567,-0.012910398953563829,0.0929771660850911,-0.005951602354480445,0.13827500432848017,-0.010272509265314422,0.23397283835745109
2015-11-24,75.9,0.008300395256916948,0.011067193675889264,-0.0002635046113308448,0.007246376811594235,0.6607069668169481,0.002266139657444377,0.8929654591900462,-0.004861660079050867,0.8276648226560455,0.0006982872200258505,0.862960730236642,-0.002072902942467647,1.0390839875091262
2015-11-26,75.7,0.002509907529722577,0.008850726552179777,-0.0026420079260238705,0.0026420079260238705,0.7853543615434113,0.004914134742404652,2.1972034812353516,-0.0023117569352701928,2.2199952639669047,0.0029392338177012256,2.202382408733044,0.0013077939233820945,2.5817481428920876
2015-11-29,74.84,0.009887760555852498,0.012960983431320239,0.0,0.011491181186531252,-0.7325132985941031,0.015072153928380683,-0.26810023905183233,0.010542490646713532,-0.1978849043932559,0.013582308925707887,-0.1760878671319006,0.013450917512916938,-0.06512483214836995
2015-11-30,75.94,-0.01409007110877003,0.003687121411640737,-0.01409007110877003,-0.014485119831445847,0.06481972151991355,-0.00221227284698422,-0.23492906797817437,-0.0029365288385559962,-0.14033082663043428,-0.002113510666315821,-0.12632882323830008,-0.0012553770520582486,-0.007088018530543083
2015-12-01,75.79,-0.0007916611690197417,0.008840216387385968,-0.0018472093943792123,0.001979152922549021,0.03547641690040182,-0.00031666446760769684,-0.23319845360284108,-0.00011874917535215079,-0.0977272438423411,-0.0005739543475395958,-0.08769158603928784,0.0010643444605713537,0.0334400591359989
2015-12-02,75.74,0.0011882756799577177,0.006073409030895371,-0.007525745973065656,0.0006601531555321394,-0.2750320696891789,-0.0013995246897275937,-0.4258898019282963,0.0014919461315034965,-0.3516395349045245,-0.0007459730657514152,-0.3381989045316216,0.0023237391074735214,-0.25206652246488437
2015-12-03,77.83,-0.023769754593344405,0.0008993961197483191,-0.024540665553128616,-0.026853398432481135,-0.06540848113139719,-0.028626493639984374,-0.3478763897086733,-0.025607092380829033,-0.354490759242012,-0.028427341642040638,-0.36141103189160906,-0.0236712493040383,-0.29302499315840014
2015-12-06,78.37,-0.010590787291055226,0.0016587980094422416,-0.010590787291055226,-0.0068903917315300545,0.2643531631819933,-0.029883884139338845,0.026854225517965347,-0.030266683679978645,-0.14091462793294585,-0.0342031389562335,-0.16564602077485202,-0.02913104504274555,-0.11360339710731737
2015-12-07,77.75,-0.0009003215434082446,0.009646302250803762,-0.005144694533762095,0.007974276527331181,0.13803122418530056,-0.013067524115755513,0.18121275119691171,-0.01925401929260362,-0.023226652324214614,-0.02470096463022531,-0.050623366159215366,-0.020814576634512028,-0.019286034759113724
2015-12-08,77.7,-0.0012870012870014325,0.01660231660231659,-0.0033462033462033913,0.0006435006435006052,-0.17554476957436893,-0.007773487773487631,-0.027708321493912225,-0.016332046332045436,-0.20568919017963294,-0.0225611325611329,-0.21874193989571,-0.020072930072929762,-0.20186762507379286
2015-12-09,77.79,0.001542614731970593,0.009641342074816706,-0.002828127008613124,-0.0011569610489781113,0.12227828198668766,-0.004010798303123786,0.13522739377228676,-0.015863221493764512,-0.07521437767669481,-0.022451471911557053,-0.10355662530284904,-0.021030980845866853,-0.10182751443515126
2015-12-10,77.78,-0.0034713293905888065,0.007071226536384589,-0.008614039598868639,0.00012856775520697639,-0.2684107744392886,0.0013885317562356558,-0.20521984822733197,-0.013306762663922944,-0.28502678072960064,-0.021149395731550835,-0.3291546041552801,-0.020356561241107185,-0.3461492413863788
2015-12-13,78.29,-0.008430195427257758,0.00306552560991169,-0.01085706986843793,-0.006514241921062758,0.00831896862458592,-0.00526248563034859,-0.1933641860510179,-0.017077532251883354,-0.1978722660046831,-0.025533273725891426,-0.304684368881451,-0.026414612338740318,-0.3296268963618765
2015-12-14,79.68,-0.012173694779116673,0.00401606425702794,-0.015060240963855498,-0.017444779116465914,-0.13708865655422087,-0.022816265060240704,-0.26541760193600306,-0.029894578313252373,-0.2848546555848307,-0.039815512048193336,-0.3868608831483743,-0.04259956492637196,-0.4153128515341511
2015-12-15,80.99,-0.012470675392023622,0.002963328806025567,-0.014693171996542742,-0.016174836399555304,0.0007865029513360877,-0.03385603160884032,-0.18257079111546637,-0.04096802074330075,-0.2437172333276726,-0.0526423015187063,-0.3626129241891848,-0.056817714121084606,-0.3984001580758426
2015-12-16,80.29,0.008593847303524749,0.009216589861751112,-0.0011209366048076097,0.008718395815169977,0.4296440177084879,-0.017237514011707256,0.25013784577006715,-0.026130277743180108,0.1420249865986094,-0.040696226180097494,-0.061621179995474784,-0.04695894050732774,-0.11934914116212436
2015-12-17,78.13,0.02329450915141451,0.025470369896326783,0.0,0.027646230641239056,-0.5341956946530368,0.016331754767695328,-0.4093661123940665,0.006617176500705035,-0.4742451174742297,-0.01136567259695409,-0.5548308368825914,-0.019232902427577803,-0.5842984554262652
2015-12-20,78.95,-0.004053198226725896,0.00037998733375554927,-0.010132995566814351,-0.010386320455984865,1.325692076719398,0.006662444585180838,0.5690472276243599,-0.003457884737174677,0.32395814698566205,-0.020424319189360718,0.10823564185358547,-0.0286848216170571,0.0191989981363494
2015-12-21,79.6,-0.005527638190954698,0.0018216080402011503,-0.009045226130653283,-0.008165829145728498,-0.07738357644905114,0.00010050251256310538,0.38535358207332604,-0.010866834170853323,0.2179155491489777,-0.026457286432160942,0.0203055011607729,-0.035201005025125576,-0.06094792113424652
2015-12-22,79.92,0.00037537537537546406,0.006381381381381335,-0.005255255255255276,-0.004004004004004136,0.19562311861127357,-0.0041041041041040005,0.5535291457542715,-0.01251251251251162,0.47502795015744037,-0.02808433433433477,0.22261590214652616,-0.03731231231231236,0.12784977632807504
2015-12-23,79.79,-0.0016292768517359724,0.004511843589422249,-0.00238125078330631,0.0016292768517356393,2.3042423441868656,-0.005163554330116504,3.6650669164400096,-0.008121318460959204,3.800680312136623,-0.024326356686301898,3.0631972588976746,-0.034010109871746685,2.74941997746436
2015-12-27,79.92,-0.0022522522522523403,0.0005668168168166954,-0.005630630630630629,-0.0016266266266266038,-0.39802453476545563,-0.008033033033032932,1.4532589128338977,-0.00723223223223135,1.733606884249602,-0.023479729729730225,1.424631606238966,-0.033983983983984056,1.2345882796869772
2015-12-28,80.36,-0.0017421602787456303,0.0031110004977601413,-0.006346441015430582,-0.005475360876057711,-0.05814109712960858,-0.009009457441513047,0.5377502384087502,-0.01000497760079555,1.390155159728189,-0.026200846192135696,1.3036314271072906,-0.037091421934627444,1.0779687165961085
2015-12-29,80.07,0.004870738104158834,0.005370300986636822,-0.0008742350443361468,0.0036218308979643066,0.1616112139835244,-0.0018983389534154016,0.5384778913357995,-0.003834145123016497,1.571518960979252,-0.019226926439365744,1.6162206216071437,-0.030939594521460223,1.3780904255543511
2015-12-30,79.41,0.006296436217101187,0.007933509633547553,-0.0012592872434201707,0.008311295806573415,-0.2531968745521068,0.007580909205390229,-0.09032160896621133,0.004936405994208082,0.7172272123757908,-0.008475003148218474,0.9085349640189189,-0.02088318012005186,0.7522258158677957
2016-01-03,78.37,-0.00012759984688026638,0.0016587980094422416,-0.010590787291055226,0.013270384075539043,-0.5594664093891715,0.019650376419548365,-0.6543393244193412,0.016256220492536055,-0.321765898121269,0.0069924716090337125,-0.17234389217033907,-0.006043979413891454,-0.23869175758268546
2016-01-04,78.62,-0.0022894937674893256,0.004324599338590529,-0.005214958025947736,-0.0031798524548460882,0.4175499641861553,0.012795726278300723,-0.2879285090252609,0.010582548969728656,-0.018095077213075572,0.005462986517425161,0.17540269367323158,-0.008157381497498672,0.10002202762505985
2016-01-05,77.86,-0.0024402774210120493,0.005458515283842669,-0.009504238376573326,0.009761109684048419,-0.14842604798478298,0.01934240945286425,-0.3102042286353115,0.02107629077832085,-0.3004010405591724,0.015784741844335537,-0.019093556203209072,0.0025515883209177304,-0.0624324300838317
2016-01-06,77.18,-0.004275719098212116,0.005441824306815057,-0.014381964239440492,0.008810572687224516,-0.2023207136736137,0.02184503757450118,-0.36382617355001745,0.02866027468256105,-0.43822433777081304,0.024403990671157727,-0.21717076072142716,0.012265699231233995,-0.25207467898403224
2016-01-07,75.97,0.018296696064235896,0.019876266947479238,-0.003935764117414697,0.015927339739370883,0.23739254056432557,0.030512044227984925,-0.04372395766323767,0.04185862840595056,-0.2831174301480729,0.040344872976174395,-0.01241583082656228,0.02891931025404748,-0.0657301991951671
2016-01-10,76.67,-0.006521455588887393,0.004825877135776757,-0.013955914960219196,-0.009130037824442438,-0.05216357128423588,0.01212990739533093,-0.003543086546083707,0.027194469805661647,-0.30658497551312536,0.02971827311855968,-0.0659203668951599,0.01931655145428457,-0.10600871926480715
2016-01-11,76.51,0.006404391582799596,0.006665795320872858,-0.009933342046791305,0.002091229904587655,0.1633996141277425,0.009802640177754673,0.12917959811259672,0.025264671284800144,-0.10541008584979705,0.031139720297999718,0.09368807933684953,0.021783644839454386,0.06263973985890714
2016-01-12,75.85,0.014765985497692924,0.015029663810151694,-0.0007910349373762005,0.008701384311140536,-0.05744362830761507,0.013025708635465039,0.07810058539731113,0.029690177982862,-0.10711862120254889,0.03927488464073803,0.012039188387690247,0.0310305427378601,0.024458867484302482
2016-01-13,76.15,-0.0006565988181223004,0.010499015101772757,-0.003545633617859645,-0.003939592908732914,-0.27463741445867007,0.0037557452396586033,-0.2217436952857258,0.019711096520027338,-0.3141304818673728,0.03357846355876504,-0.2770804279380422,0.02741081199387163,-0.25592318880189624
2016-01-14,74.98,-0.006401707121899247,0.009335822886102907,-0.006801813817017943,0.015604161109629366,-0.24604541907946265,0.016671112296612556,-0.40311111536654365,0.030394771939184606,-0.4297719494800015,0.047352627367297506,-0.45870709165670964,0.043536054058860074,-0.430299317005043
2016-01-18,76.73,-0.012120422259872421,0.0023458881793301245,-0.013163039228463513,-0.02280724618793173,0.2650206231017529,-0.009096833050957764,-0.1357319397292851,0.0011208132412363625,-0.18989128054499949,0.019549068161083927,-0.30440040004514957,0.01938398714105727,-0.2572232673658118
2016-01-19,75.83,-0.0071211921403137035,0.0034287221416327007,-0.018066728207833394,0.011868653567189913,-0.24376656537086028,0.0028221020704208843,-0.3099062870495902,0.010840036924701035,-0.3765371523414526,0.029302386918105938,-0.4638694924971085,0.03191788650050564,-0.4340190683670456
2016-01-20,76.72,-0.009124087591240948,0.005995828988529794,-0.017075078206465144,-0.011600625651720597,0.3997851797634775,-0.010583941605839198,0.10788486233137773,-0.0045229405630855535,-0.051287249895873965,0.015862877997914193,-0.26283487591987853,0.019078032672923184,-0.19245085033338039
2016-01-21,77.36,0.0005170630816959676,0.00788521199586345,-0.0104705274043434,-0.008273009307135482,0.34297064933753374,-0.016520165460185865,0.5597476478123329,-0.014232161323680326,0.3074913688503653,0.006017321613236426,0.009042889434872858,0.009936228886590959,0.09596832368260144
2016-01-24,76.85,0.00455432661027988,0.006636304489264777,-0.003811320754716796,0.006636304489264777,-0.040961602170483946,-0.006844502277162934,0.4275941811093742,-0.0074560832791141785,0.22852875354208102,0.011236174365647056,-0.0343326805536841,0.016469312513554657,0.05497091534025422
2016-01-25,78.81,-0.010277883517320174,0.009770333713995605,-0.016114706255551225,-0.024869940362898246,-0.3972126318592215,-0.02679862961553081,-0.2268340931832138,-0.031023981728206085,-0.25827475451062587,-0.015860931353889662,-0.4129743733490403,-0.009169733113394973,-0.3645088823199101
2016-01-26,78.8,-0.003426395939086224,0.013324873096446588,-0.008248730964466877,0.00012690355329958436,0.5139313587225944,-0.021395939086294113,0.22446643332475968,-0.028185279187815993,0.17992461105008117,-0.016357868020305144,-0.04713567385287998,-0.008612521150592078,-0.015133425799794598
2016-01-27,79.82,-0.005261839138060442,0.002255073916311856,-0.015159107992984144,-0.012778752192432963,0.09306761114704876,-0.026459533951390224,0.1973622891879303,-0.03773490353294806,0.3103607216676856,-0.029629165622651388,0.07522828889465827,-0.020855257663075055,0.07159308908610384
2016-01-28,81.69,-0.02093279471171494,0.0037948341290243714,-0.022769004774146118,-0.022891418778308248,-0.5026533872655706,-0.04115558819928955,-0.4328201769213008,-0.054902680866690146,-0.34535631092720886,-0.052172848573877384,-0.45144480485048366,-0.04264495858326167,-0.4708732009058938
2016-01-31,81.12,0.001109467455621127,0.0034516765285996787,-0.007273175542406363,0.007026627218934767,1.0601933194330888,-0.02374260355029556,0.3844961327001184,-0.041432445759367886,0.42180512859383024,-0.04451429980276189,0.21350022428434046,-0.035092044707429104,0.11006076800922493
2016-02-01,80.22,-0.001620543505360228,0.003989030167040664,-0.005110944901520753,0.011219147344801783,0.05922402997165643,-0.002144103714783907,0.4618142381162027,-0.023024183495386707,0.42521304834901663,-0.032728745948641835,0.31047466419754555,-0.024212582065984867,0.15955007271433175
2016-02-02,81.1,-0.00764488286066578,0.0017262638717632228,-0.013316892725030782,-0.01085080147965467,-0.10090943363219151,-0.009494451294697726,0.17116680326135048,-0.029321824907520555,0.23859714120524322,-0.04208384710234325,0.16634003921028384,-0.034829428688861186,0.04008431233312115
2016-02-03,80.7,0.0018587360594795044,0.004956629491945419,-0.004584882280049607,0.004956629491945419,0.2224429457904844,0.0011152416356878803,0.4153993445076598,-0.017980173482031292,0.42183839707675697,-0.035799256505576804,0.43788104048439114,-0.028818669971086064,0.22709424996821537
2016-02-04,81.2,-0.007635467980295574,0.0,-0.007758620689655271,-0.006157635467980316,-0.16694761641271394,-0.002881773399014742,0.14697043249122066,-0.019125615763545878,0.14010394772386503,-0.039987684729064776,0.19152387704624174,-0.03408045977011487,0.019520634726165387
2016-02-07,82.62,-0.028201404018397436,0.0012103606874847017,-0.028201404018397436,-0.017187121762285207,-0.39759934820473186,-0.021205519244734905,-0.42930602049176947,-0.031336238198982236,-0.31022673817314383,-0.054054708303074905,-0.28832341601602485,-0.05003631082062443,-0.38566230482963126
2016-02-08,82.64,-0.009801548886737677,0.004356243949661165,-0.019590997095837337,-0.0002420135527588796,0.1552305416192319,-0.017812197483058956,-0.24465290342599444,-0.024588576960308695,-0.15661100989368326,-0.05026016456921645,-0.15390129239164085,-0.0491771539206195,-0.2710204976356587
2016-02-09,81.62,0.015804949767213916,0.01690762068120555,-0.001960303847096445,0.012496937025238797,0.3517495451619963,0.0003920607694192224,0.11912991159625075,-0.007706444498896348,0.12053541983349692,-0.0347341337907382,0.16307838158440546,-0.036130850281793636,0.022589190113610158
2016-02-10,79.9,0.006132665832290218,0.013642052565707052,-0.003379224030037653,0.02152690863579476,-0.14244844306848403,0.0232290362953691,-0.03307956951477087,0.017183979974969787,-0.04095070618786867,-0.010757196495620236,0.004731945595698672,-0.014672507300792725,-0.10569879805807247
2016-02-11,80.99,-0.007778738115816752,0.0003704161007531681,-0.014816644030127057,-0.0134584516606987,0.32629401788194135,0.007482405235214262,0.3694200859446308,0.0035930361773071073,0.29829203446165864,-0.021570564267193837,0.34886799994198014,-0.02812281351607193,0.21453509334126997
2016-02-15,81.47,0.006382717564747731,0.006382717564747731,-0.00773290781882896,-0.005891739290536435,-0.004953765920528097,0.0010310543758438317,0.34872202782063155,-0.0031790843255173895,0.17865234260153162,-0.024364796857739512,0.323325892260536,-0.0334724438443601,0.22816860159505525
2016-02-16,82.45,-0.009702850212249814,0.004608853850818662,-0.011400848999393531,-0.011885991510006133,-0.14133825240964415,-0.013656761673741746,0.026327229837745048,-0.014602789569434727,0.009273896453003028,-0.032025469981807664,0.10108125766195886,-0.044127754194461466,0.0676604821412059
2016-02-17,81.98,0.0030495242742132334,0.0041473530129299,-0.009392534764576799,0.005733105635520763,0.41419929520487986,-0.008465479385215913,0.36273393205259885,-0.006233227616490589,0.45036734044221594,-0.022987313979019874,0.5405022859623632,-0.03698869643002389,0.5071286808477344
2016-02-18,81.79,0.0020784937033866413,0.0057464237681867925,-0.0047683090842400855,0.002323022374373318,-0.0010484067174806322,-0.005281819293312173,0.28652719554575,-0.0028487590169935517,0.41722800433887874,-0.016958063332926265,0.47344127962682747,-0.03338223906753102,0.5036851288616875
2016-02-21,82.13,-0.0007305491294289368,0.006574942164860653,-0.005113843906002669,-0.0041397784000972715,0.11474370827254754,-0.004797272616583359,0.3001814499485982,-0.005649579934249305,0.57139304435599,-0.017941069036893076,0.6063509144565633,-0.03578879012946978,0.6673534132545831
2016-02-22,81.81,0.0023224544676689884,0.007945238968341206,-0.0023835716905025173,0.003911502261337185,0.1842823091270629,0.0018824104632684246,0.4579393492375423,-0.0006233956728994849,0.808910359993412,-0.011184451778511795,0.8805500111458902,-0.030000407448152466,0.9457569428964041
2016-02-23,81.56,-0.0036782736635605495,0.0009808729769493763,-0.01103482099068176,0.0030652280529670506,-0.13597810861343163,0.0057871505640021415,0.15576210306661964,0.001446787641001368,0.4048056936776905,-0.005112800392349737,0.5950291268282948,-0.0246403465751186,0.6622608199891153
2016-02-24,82.34,-0.007772649987855207,0.0,-0.010565946077240818,-0.009472917172698603,-0.004397493467016678,-0.005902356084527494,0.028932408236676865,-0.009351469516637234,0.28744310748350044,-0.012867379159582693,0.5172098288353211,-0.0319002509918227,0.6380166192006993
2016-02-25,81.1,0.017509247842170117,0.01911220715166473,-0.0018495684340319452,0.015289765721331783,-0.26850143449533026,0.01018495684340337,-0.26700744774030627,0.006683107274970457,-0.09913201989655263,0.0044081381011091825,0.08814756178887984,-0.014702013974517092,0.19107593075206752
2016-02-28,80.29,0.010088429443267932,0.013202142234400194,-0.0009963880931624924,0.010088429443267932,-0.16116230859234748,0.018657367044463413,-0.3567384702642662,0.018333540914187152,-0.2719901443455378,0.01533814920911647,-0.08999179689558101,-0.002582305808112473,-0.0009657106258895709
2016-02-29,81.23,-0.00849439862119905,0.0016619475563215413,-0.008617505847593243,-0.011572079281053749,0.1666449651382078,0.0023390373014893218,-0.1620697838917865,0.005687553859412553,-0.13213415782975158,0.0027268250646306225,0.015104047670684295,-0.01242562271738712,0.15929782921104452
2016-03-01,82.55,-0.011750454270139321,0.0013325257419745107,-0.02059357964869779,-0.015990308903694683,-0.21598351478351907,-0.01509388249545729,-0.2828053303346185,-0.010684433676558469,-0.3184939575339858,-0.013240460327075043,-0.2048552414452851,-0.025693519079345917,-0.11186475386178352
2016-03-02,82.84,-0.0036214389183968354,0.0010864316755190284,-0.007967165620473171,-0.0035007242877838074,0.3830353107872648,-0.016151617576050326,0.1139499611130792,-0.014027040077256414,-0.04368260453082062,-0.01528850796716641,0.11674860186001013,-0.026762433606953295,0.2231403262416196
2016-03-03,83.49,-0.010420409629895655,0.0029943705833033185,-0.014732303269852531,-0.007785363516588761,-0.07012840863524472,-0.022613486645107095,0.07744650596948333,-0.02067313450712538,-0.09964407829023214,-0.021912803928614832,0.031025692570217922,-0.031540703477462406,0.10530079659731428
2016-03-06,83.1,0.0009626955475332544,0.0072202166064982976,-0.001203369434416346,0.004693140794223893,0.3848660645802595,-0.012274368231046884,0.49579468957551165,-0.014031287605293596,0.2718421158784219,-0.015643802647413385,0.4360134525767887,-0.024279983955074247,0.514469487048802
2016-03-07,83.06,-0.0010835540573079783,0.008307247772694426,-0.004695400915001202,0.00048157958102557075,-0.1278634985957433,-0.005032506621719501,0.19481789857869258,-0.012388634721886671,0.10762196695573523,-0.014026005297376187,0.23207938229653036,-0.021506541455975747,0.3093811589502524
2016-03-08,82.96,0.004098360655737654,0.00879942140790746,-0.0033751205400190942,0.0012054001928640812,-0.13026705515709425,0.0005785920925744925,0.0012880396256662596,-0.009691417550625636,-0.014914342863498464,-0.012572324011572489,0.02276998982915024,-0.017831886853101997,0.13106152344171673
2016-03-09,82.28,0.010330578512396604,0.011545940690325773,-0.006441419543023796,0.008264462809917328,-0.13775816452626022,0.00984443364122467,-0.1971657049938368,0.00019445794846983944,-0.12948233160872202,-0.004217306757414496,-0.14390130508018595,-0.008033543996111003,-0.04856599281205487
2016-03-10,81.75,0.012232415902140747,0.012844036697247763,-0.0037920489296636717,0.006483180428134672,-0.06516932535570608,0.015021406727828479,-0.21998805372152852,0.0066055045871571405,-0.15384586996486682,0.002642201834861524,-0.2005924083164532,-0.00018348623853225998,-0.11186182101896935
2016-03-13,81.17,0.004927929037821688,0.008402119009486286,-0.00603671307133169,0.0071454971048416915,-0.10328960898623629,0.017986940988049316,-0.27306576344556777,0.014598989774548432,-0.2264925053892688,0.010946162375260915,-0.2881441172947663,0.007753275019506178,-0.20032972714281216
2016-03-14,81.31,-0.0038125691796827565,0.0018447915385559899,-0.006764235641372518,-0.0017218054359857682,0.33247795611162,0.011486901980075848,0.08901121332856965,0.0139343254212283,0.04492245786801141,0.00931619726970756,-0.034892835502356334,0.005804944041323035,0.038631818039396526
2016-03-15,81.34,-0.0003688222276863051,0.0056552741578559385,-0.010572903860339267,-0.0003688222276863051,-0.02027653828954412,0.006810917137939132,0.09874236023567207,0.013658716498648804,0.02176784388896813,0.008845586427341123,-0.054753992318193445,0.005511843291533314,0.01630984578644945
2016-03-16,82.75,-0.017643504531722032,0.005740181268882205,-0.01776435045317215,-0.017039274924471215,-0.2131857159165873,-0.014259818731118035,-0.1266150833106655,-0.0050755287009051075,-0.21767322580412496,-0.009015105740182272,-0.2620812216913404,-0.01117019133937569,-0.19932193109527263
2016-03-17,83.15,-0.0034876728803368007,0.004209260372820101,-0.008538785327721121,-0.0048105832832231465,-0.6413923711026595,-0.017871316897174028,-0.6768307423506421,-0.009969933854478752,-0.7095967156242542,-0.01331930246542501,-0.7288965586585455,-0.015265584285428013,-0.7109667941237576
2016-03-20,83.32,-0.002400384061449712,0.006601056168987096,-0.00492078732597212,-0.0020403264522321773,2.8994720612612053,-0.016514642342774888,0.7824854138055204,-0.012397983677387203,0.413309706824621,-0.014516322611618726,0.20743713322934876,-0.016294607137141703,0.22500193802448876
2016-03-21,82.74,0.006526468455402501,0.007009910563209987,-0.0030819434372733046,0.007009910563209987,0.19698179733596732,-0.004423495286439594,1.0291413312225415,-0.005209088711625731,0.7171429015494142,-0.006889050036258948,0.45713517619619815,-0.00854483925549876,0.46014237204747843
2016-03-22,82.82,-0.001207437816952317,0.008089833373581268,-0.0028978507606857162,-0.0009659502535619424,0.28804017833443596,-0.0019319005071239959,1.5388335334945467,-0.006556387346050574,1.2013405647566957,-0.00728688722530868,0.8890515897578706,-0.009454238106737178,0.8251678401970546
2016-03-23,82.89,-0.005187598021474282,0.002773555314272036,-0.0055495234648328395,-0.000844492701170263,-0.15818475148150513,0.0007962359753890258,1.0199897862515845,-0.007564241766195301,0.8025596815140181,-0.007365182772349765,0.581465718037949,-0.01021836168415935,0.4927458913286058
2016-03-27,82.62,0.00447833454369384,0.010045993706124356,-0.0012103606874849238,0.0032679738562091387,0.33223455463881524,0.004405712902444625,1.4739654999259306,-0.003582667634954295,1.3264653450719033,-0.0037884289518285152,1.1054416507018345,-0.00647139514241879,0.962362853956716
2016-03-28,82.8,-0.0016908212560386993,0.0035036231884058022,-0.007729468599033784,-0.0021739130434781373,-0.25893176532386397,0.000942028985506882,-0.017738003135068237,-0.00469806763284919,0.6331376292561997,-0.005036231884058551,0.5283856924186732,-0.00753623188405772,0.4178222130317266
2016-03-29,82.68,0.004958877600387046,0.008224479922593009,-0.00036284470246739087,0.0014513788098693414,-0.027999975741844763,0.0011369134010639215,-0.09993854600660224,-0.0012820512820503893,0.505714066235738,-0.002074262215772449,0.4543027397564885,-0.005366069988711253,0.3657267160936206
2016-03-30,82.31,0.0053456445146398135,0.00838294253432137,-0.0019037783987364554,0.00449520106912904,0.015555710342147533,0.005491434819584029,-0.09416796870703914,0.004871826023570502,0.49434566697338833,0.0032924310533342105,0.45816116461431844,-0.00040497306929054844,0.37510358522407206
2016-03-31,83.53,-0.018316772417095617,0.001077457201005716,-0.019154794684544396,-0.01460553094696515,-0.15061564384029824,-0.010415419609721255,-0.2000905754229717,-0.008643601101399723,0.23600491389107137,-0.01150484855740519,0.20566831260179153,-0.015060457320722698,0.15107842712307118
2016-04-03,83.21,0.005287825982454253,0.005287825982454253,-0.002163201538276538,0.0038456916236029315,0.43536265546457065,-0.005071505828626477,0.1976007052500619,-0.003893762768896969,0.702009286888996,-0.007288787405360431,0.7241487092911976,-0.010651764611624648,0.6541577507752931
2016-04-04,83.16,0.0,0.00481000481000482,-0.002104377104377053,0.0006012506012504915,0.06358651556520156,-0.0030543530543533093,0.29675632825645426,-0.003222703222702239,0.2770240789675591,-0.006860269360269844,0.7975261790532968,-0.009487734487733768,0.7459200747305623
2016-04-05,83.81,-0.007994272759813903,0.00035795251163350805,-0.008710177783080808,-0.007755637752058342,-0.16418205296302923,-0.009927216322634824,0.03704700717166309,-0.011144254862187397,0.01385544629199198,-0.014526906097124925,0.49021852712716285,-0.016760132044703835,0.4504879300183431
2016-04-06,83.24,0.0,0.005285920230658547,-0.004444978375780728,0.006847669389716593,-0.05467070832483223,-0.0004324843825086466,-0.03868092825525904,-0.003087457952906103,-0.055304961798457675,-0.007328207592503966,0.3975067360134761,-0.009226333493512207,0.37344937475592266
2016-04-07,83.2,0.0028846153846153744,0.0030048076923077094,-0.005168269230769296,0.00048076923076911804,0.22059537641791227,0.0022836538461534772,0.1673882761473866,-0.0021033653846143086,0.17255380804417597,-0.006682692307692806,0.6847105529930932,-0.008076923076922649,0.6757908118604847
2016-04-10,82.73,0.0036262540795357623,0.007373383295056213,-0.0008461259518918185,0.005681131391272798,-0.22997744193681624,0.007179983077480578,-0.17382346815218042,0.003940529433096751,-0.11395126187475513,-0.0004835005439385309,0.26243862900635073,-0.0020951690237316356,0.2841049979583601
2016-04-11,82.83,-0.0014487504527346262,0.0045877097669926314,-0.0045877097669926314,-0.0012072920439453183,0.003490531227310134,0.004805022334902542,-0.1287623003922863,0.002861282144151822,-0.08119816207582387,-0.001098635759990807,0.23830646532594457,-0.002643969576240024,0.27819442248072335
2016-04-12,82.46,0.007154984234780448,0.011763279165656337,-0.007518796992481036,0.004487024011642138,-0.3988177044301966,0.008513218530196376,-0.44559321743680236,0.007397526073249061,-0.4448597198545766,0.004390007276254826,-0.2782647661932266,0.0028579513299382686,-0.2429539675739485
2016-04-13,82.01,-0.0007316180953542695,0.0043287403975122984,-0.005731008413608074,0.005487135715156466,0.7001283204361157,0.01075478600170654,0.10032914336694865,0.012656993049629417,0.013519615212489233,0.010602365565174576,0.24471660156504593,0.008860708043734844,0.2979568084419204
2016-04-14,82.3,-0.0030376670716889542,0.0015795868772783273,-0.005419198055893082,-0.003523693803159089,-0.05408787764581713,0.004204131227217189,0.04762553739013309,0.008724179829892043,-0.04013276983488634,0.007448359659780968,0.1596795160807074,0.005087079789388715,0.20403862929902417
2016-04-17,82.83,-0.006519377037305207,0.001931667270312687,-0.009779065555957978,-0.0063986478329107754,0.29695294018564655,-0.004394543039961563,0.4243313124076733,0.0007847398285660834,0.23194501746055596,0.0007304116865864962,0.4617398297191564,-0.0015614310435024814,0.5530068805760984
2016-04-18,83.28,-0.004442843419788733,0.005043227665705974,-0.005163304514889666,-0.005403458213256496,-0.14805524995019825,-0.009534101825168562,0.1694440794672154,-0.0050792507204597825,0.05007340078919853,-0.004869116234390569,0.033344378519801765,-0.007220621197566057,0.30400946323723965
2016-04-19,81.55,0.02133660331085241,0.021949724095646994,-0.0008583690987123971,0.021213979153893447,-0.27577576902690326,0.01258123850398496,-0.16294642862036968,0.016174126302883174,-0.2247431333115173,0.016217044757816934,-0.26269624650081036,0.01391375434293951,-0.05628592670306687
2016-04-20,80.8,0.002970297029702973,0.006311881188118873,-0.0030940594059405413,0.009282178217821846,0.03619651366510923,0.019727722772276968,-0.19210274819827944,0.02280940594059544,-0.16453802194746336,0.024913366336633214,-0.22512811093075824,0.022702145214522185,-0.017078201010634952
2016-04-21,80.95,-0.006794317479925871,0.0,-0.012847436689314429,-0.0018529956763434496,0.0965872569800501,0.014848672019765141,-0.06677107966679519,0.017899938233478796,-0.057097032089744926,0.021766522544780287,-0.130301793681307,0.019917644636607612,0.07722882682406751
2016-04-24,81.41,-0.006018916595012858,0.0008598452278589797,-0.012160668222576998,-0.005650411497359009,0.04624385712280521,0.005797813536420282,-0.0046303417307981265,0.009384596486919694,0.02006147340950526,0.014801621422429134,-0.08107924098168218,0.013610121606682846,0.11680027306455143
2016-04-25,79.55,0.024512884978001193,0.024512884978001193,-0.004274041483343871,0.023381521055939603,-0.44166003753066063,0.025744814582023823,-0.41448631399954183,0.03132620993086266,-0.4261569916209468,0.03776869893148893,-0.4771631503866438,0.037167399958098146,-0.38478210396212276
2016-04-26,79.89,-0.005257228689448001,0.0032544749029916886,-0.009888596820628481,-0.0042558517962197895,0.7871012988587016,0.012041557141068804,0.2319743253065023,0.022831393165603897,0.11245301700926325,0.031318062335710994,-0.020052417822111535,0.03207743981307698,0.1053213383198841
2016-04-27,79.76,-0.0035105315947843163,0.006331494483450273,-0.004638916750250854,0.001629889669007012,0.009682233914840799,0.009528585757271557,0.20629749615645254,0.021276328986961968,0.07006054744406232,0.031249999999999334,-0.005546978595487806,0.03316616516215354,0.10898423947479419
2016-04-28,80.12,-0.0056165751372940775,0.000374438342486183,-0.009360958562156796,-0.004493260109835195,-0.18900949728564553,0.002396405391911882,-0.04698588510125501,0.013879181228158899,-0.12461549617884105,0.025024962556165153,-0.18926682347639479,0.027866533533034143,-0.10727772412711367
2016-05-01,80.97,-0.011732740521180673,0.004075583549462802,-0.011732740521180673,-0.010497715203161562,0.19436950929862107,-0.010176608620476868,0.1729276046154482,0.0005434111399296171,0.07213402478148478,0.01215882425589676,-0.023021789519536817,0.015993577868346875,0.05491721169611474
2016-05-02,81.1,-0.0036991368680641123,0.007398273736128447,-0.005055487053020946,-0.0016029593094943895,0.032180667208745684,-0.012848335388409349,0.2156567710558175,-0.00335388409371018,0.1359709099444364,0.009155363748458267,0.02331281852282352,0.013468968351829425,-0.02391181405762921
2016-05-03,81.6,-0.008946078431372406,0.002083333333333437,-0.008946078431372406,-0.006127450980392135,0.034035012227062955,-0.01509803921568642,0.09075234954400502,-0.012132352941175206,0.18836261878372795,0.0017095588235289672,0.07414889393099222,0.006352124183006902,0.004748227024965246
2016-05-04,81.3,0.0036900369003689537,0.009717097170971689,-0.004674046740467341,0.0036900369003689537,0.15107576999531558,-0.00725707257072572,0.2454480596327422,-0.008425584255841168,0.3404749925546573,0.004046740467404053,0.24482312740645518,0.009598195981960211,0.1573783841413523
2016-05-05,82.13,-0.008644831364909233,0.0014610982588578736,-0.01168878607086321,-0.010105929623767218,0.016231022007048512,-0.013539510532083243,0.2270448437578152,-0.017837574576888948,0.3240736103579769,-0.007281139656642455,0.2629950911078631,-0.0012216404886556953,0.18042627359537922
2016-05-08,82.12,0.0010959571358986064,0.007428153921090974,-0.0018874817340477357,0.00012177301509974647,-0.06267409035441018,-0.008524111056990025,0.05806437497590733,-0.016281052118849337,0.21534034157318205,-0.007811738918656386,0.19012382024134178,-0.0014085078746546298,0.10471670784681053
2016-05-09,82.48,-0.004000969932104748,0.002423617846750714,-0.004364694471386987,-0.004364694471386987,0.07964253232249541,-0.010063045586808927,0.10556988182966376,-0.019713870029096636,0.29680250738363734,-0.0125121241513102,0.2819928268645493,-0.005969123827998413,0.201967036357384
2016-05-10,82.15,0.004260499087035852,0.008947048082775355,-0.0002434570906878486,0.004017041996348114,0.041547977128595814,-0.002726719415703016,0.10483051636057872,-0.012209373097990084,0.22483802434555344,-0.008758368837493258,0.3282789944454969,-0.0021059038344488634,0.2490702160054752
2016-05-11,82.41,0.000849411479189488,0.004004368401892888,-0.0036403349108117267,-0.0031549569227034002,0.2131659271565065,-0.004538284188812192,0.28382079820803896,-0.012583424341704674,0.45111466613821793,-0.012073777454193246,0.5529091956783883,-0.005468591999352235,0.5088961722049896
2016-05-12,81.23,0.014649759940908558,0.014649759940908558,-0.0028314662070664243,0.014526652714514254,-0.25138983867003517,0.012655422873322664,-0.08375429643497545,0.005022774836884292,0.045417776954282285,0.0025236981410801107,0.1474796553458495,0.00901965612048139,0.11997720727913963
2016-05-15,81.63,-0.007595246845522374,0.003185103515864318,-0.010780350361386692,-0.004900159255175729,0.012579127452125638,0.0054881783657969585,-0.0635713671170558,0.0014577973784162257,0.015288541912442888,-0.003044223937278545,0.15637009753787412,0.0031361019233129284,0.12662823104243826
2016-05-16,80.62,0.012651947407591013,0.017861572810716986,-0.0036591416521954967,0.012527908707516522,-0.36228258566203686,0.016869263210121277,-0.40717287820576553,0.014822624658894945,-0.3659349629963635,0.008701314810219962,-0.2582971947395072,0.015050028942363625,-0.2785725972763132
2016-05-17,79.85,0.009267376330620136,0.011521603005635539,-0.005472761427676831,0.009643080776456037,0.2210610046132302,0.022016280525986254,-0.18107914017403048,0.024007514088918214,-0.194957865862048,0.01676268002504644,-0.07286989856454384,0.023777916927572917,-0.09940092245429799
2016-05-18,80.19,-0.006858710562414272,0.0004364633994262679,-0.009228083302157297,-0.0042399301658561095,0.3364190343052256,0.011946626761441648,0.17030468227199758,0.017483476742737425,0.09152166872590062,0.011391694725027435,0.2328043419137773,0.017791079519475117,0.2145316943176354
2016-05-19,80.02,0.005248687828043108,0.005998500374906346,-0.002873031742064547,0.0021244688827792846,-0.04343299006190526,0.008547863034241487,0.15987117937215256,0.018257935516122314,0.04171505483839577,0.013159210197450033,0.15965119761969881,0.018682829292677505,0.15967381681414583
2016-05-22,80.2,-0.0018703241895262623,0.0016209476309225757,-0.004364089775561242,-0.002244389027431515,0.16123441709080133,0.0032668329177056865,0.3450286007286332,0.01334164588528819,0.21375229710526922,0.010305486284288623,0.3332758638174407,0.015074812967581508,0.3530214210274083
2016-05-23,80.97,-0.008274669630727427,0.005063603803878047,-0.008274669630727427,-0.009509694948746428,-0.10688914270169536,-0.009806101025070957,0.1734013606739302,0.0013338273434619907,0.06656532162828332,-4.940101272132846e-05,0.17445824578062696,0.004380223127907978,0.2006594577897438
2016-05-24,81.48,-0.004909180166912219,0.003683112420225898,-0.005768286696121727,-0.006259204712813049,0.040106738433818734,-0.015144820814923854,0.09171773944709338,-0.006786941580754768,0.11050085453219394,-0.005436917034855826,0.1600067612246494,-0.0026673212240218014,0.24460653093644535
2016-05-25,81.22,0.0032011819748831716,0.004678650578675114,-0.0016005909874414748,0.0032011819748831716,0.3089828548979021,-0.00797833046047769,0.32982142718069385,-0.004432405811375051,0.45526439784459605,-0.0012743166707713804,0.5006994051610971,0.00012312238364975414,0.5881511332716629
2016-05-26,81.43,-0.001964877809161325,0.0028245118506691202,-0.0033157313029597013,-0.002578902124524274,0.06943834236210167,-0.008006877072332275,0.3471558512318109,-0.00846125506569917,0.5493128072008042,-0.0029534569568961944,0.5702759298011819,-0.0027794834008757485,0.6808297906551959
2016-05-30,81.04,0.006663376110562558,0.009624876604146015,-0.003701875616979433,0.004812438302073119,-0.35542317264055046,0.0002467917077986215,-0.19740853658536583,-0.0034427443237893263,-0.03500275589236024,0.0026530108588347368,-0.025630902501061814,0.001661730832510866,0.06862491111948876
2016-05-31,81.79,-0.010270204181440312,0.00012226433549322735,-0.011370583200880358,-0.009169825162000267,0.0843218921339659,-0.006871255654725461,-0.0946438576811669,-0.013302359701673594,0.04973690087159621,-0.0064983494314714285,0.047174463642742026,-0.008252842645800174,0.16454132116764986
2016-06-01,81.95,-0.005125076266015882,0.0,-0.007566809029896371,-0.0019524100061012462,0.19237690408206198,-0.006809029896277963,0.07531549200672605,-0.013801098230627029,0.17447753490218587,-0.00801708358755382,0.23480772779235326,-0.010795200325401821,0.38585980485329996
2016-06-02,82.47,-0.0065478355765732354,0.0002425124287619429,-0.00836667879228803,-0.0063053231478112926,-0.17764835172850213,-0.011931611495088923,-0.14311956629800227,-0.017473020492298708,-0.08422981537919516,-0.014059658057475888,-0.0018401352567752882,-0.01687078129420816,0.11886474518030932
2016-06-05,82.77,-0.0044702186782649145,0.0007249003262050913,-0.006467319076960187,-0.0036245016310256783,0.1916638576326115,-0.012492448954935065,0.08476606666706976,-0.01827956989247148,0.0924881075827293,-0.01692642261689048,0.18859096017570698,-0.019761588337159353,0.31758831325944703
2016-06-06,82.32,0.005344995140913689,0.006924198250728875,-0.0008503401360543394,0.0054664723032069595,-0.16357979669376477,-0.0038386783284740655,-0.062015086845529366,-0.00957240038872531,-0.1057302735251322,-0.011163751214771755,-0.013782459704853367,-0.013666180758017621,0.08764795801100345
2016-06-07,82.65,-0.0033877797943133725,0.001209921355111776,-0.007622504537205144,-0.0039927404718694826,0.3426777210103049,-0.004718693284936459,0.2433636909754855,-0.010961887477312637,0.21571494443509587,-0.014990925589837056,0.32002010780892154,-0.01723734623916129,0.4508442584842285
2016-06-08,83.17,-0.0070939040519418795,0.0010821209570759383,-0.008897438980401517,-0.006252254418660508,-0.2330999455654561,-0.008873391848022272,-0.09435936074805595,-0.015125646266681225,-0.09339241122246644,-0.021047252615125855,3.20016533781331e-05,-0.022139393210693137,0.06367085191552913
2016-06-09,83.2,-0.005168269230769296,0.0016826923076922462,-0.007091346153846212,-0.00036057692307689404,-0.1017229100166821,-0.006298076923076934,-0.1584588973212172,-0.013449519230767981,-0.18423645946683953,-0.020787259615384857,-0.10045146317689513,-0.021177884615384612,-0.05205593793068364
2016-06-12,82.57,0.004723265108392827,0.010052077025554329,-0.0004844374470145407,0.007629889790480959,0.10917214372528194,0.0030519559161923393,-0.0492680068435668,-0.0035242824270301787,-0.059208219673827944,-0.012837592345888549,0.013285166672503568,-0.012320859069072765,0.047243781317166
2016-06-13,83.35,-0.00959808038392318,0.00023995200959814333,-0.012957408518296298,-0.009358128374325148,-0.10207045715680041,-0.00681463707258545,-0.12082870116127997,-0.011481703659266929,-0.12837038197439143,-0.02127174565087009,-0.09313650411697938,-0.020583883223355248,-0.07529224176938976
2016-06-14,82.95,0.005424954792043524,0.006630500301386233,-0.0015792646172393399,0.004822182037371725,-0.030170270885049644,0.00045810729355011404,-0.13207237815157014,-0.003930078360456779,-0.1523662288947536,-0.015515370705244558,-0.11787509656110451,-0.014904560980510406,-0.10786970942455676
2016-06-15,83.41,-0.008871837909123492,0.0023858050593452695,-0.008991727610598299,-0.005514926267833564,0.0681839297230804,-0.004340007193382234,-0.001411776487927785,-0.008032609998799733,-0.08102520757958842,-0.019548015825440856,-0.08115153053560153,-0.019597969867721776,-0.049731884534488624
2016-06-16,83.13,0.0021652832912306685,0.003729099001563929,-0.009382894261999342,0.0033682184530254844,-0.43533130604655057,-0.00040899795501048164,-0.42786344038163815,-0.0029351617947779296,-0.46878742291856046,-0.014104414772043938,-0.48845204083666205,-0.015569990777497211,-0.4655045253417377
2016-06-19,83.04,0.005780346820809079,0.007947976878612595,-0.00012042389210020765,0.0010838150289016468,0.9047681000631689,0.0005057803468204725,0.24879445385507104,-0.0010597302504805617,0.10000366619698253,-0.011265655105973216,0.01897789834771313,-0.013768464996788854,0.046975171194636234
2016-06-20,83.41,-0.003836470447188489,0.004435918954561968,-0.003836470447188489,-0.004435918954561635,-0.06526200802842597,-0.002805419014506705,0.16720106107569022,-0.005167246133555903,0.04143738939230612,-0.013841266035247712,-0.050270856643937156,-0.017779642728689815,-0.02202643884331179
2016-06-21,83.57,-0.0008376211559171232,0.0022735431374896198,-0.0033504846236686037,-0.0019145626420964401,0.3349418530154835,-0.004571018308005326,0.5470604250516129,-0.005767619959314296,0.3956694863499166,-0.013808783056120766,0.2776927556697131,-0.019145626420964512,0.30470091378411435
2016-06-22,84.21,-0.004750029687685453,0.0,-0.007600047500296858,-0.007600047500296858,-0.3275926862316616,-0.010663816648854185,-0.01805913053893682,-0.01223132644578917,-0.05844435083058097,-0.019760123500772053,-0.1500792844392208,-0.026168705221074395,-0.1285308650125142
2016-06-23,82.26,0.004254801847799694,0.018964259664478345,-0.00328227571115991,0.02370532458059804,-0.4075579101394846,0.014733770970094762,-0.40669769980259096,0.01244833454899208,-0.4324903982718381,0.005136153659129228,-0.4912447213577641,-0.00224896669098007,-0.48001719410015076
2016-06-26,81.23,0.0073864335836513195,0.008125076942016474,-0.0028314662070664243,0.01268004431860148,0.28913652100223963,0.025458574418318225,-0.22144403962853032,0.024129016373262147,-0.2106018398010091,0.01852148221100558,-0.30371391688919536,0.010341007017111714,-0.30376593841383315
2016-06-27,82.46,-0.012369633761823873,0.0003638127577008099,-0.018311908804268584,-0.014916323065728765,0.039162597761742246,0.005772495755517859,-0.11630246726872062,0.007227746786321765,-0.14239498984574173,0.003207615813727749,-0.2478330002592577,-0.004729565850109196,-0.2655505228362788
2016-06-28,83.91,-0.011321654153259475,0.0,-0.011917530687641564,-0.017280419497080257,0.16771548975126938,-0.013872005720414693,0.09907460199888596,-0.011238231438444934,0.03156841855104986,-0.013282087951376753,-0.10559003488564533,-0.0215985381162358,-0.13076726555204832
2016-06-29,84.67,-0.008976024565962026,0.0015353726231250864,-0.01003897484351024,-0.008976024565962026,-0.2772969450642496,-0.021920396834770428,-0.15122637563636143,-0.018979567733552916,-0.2467762491207356,-0.020886972953820915,-0.34566032623856413,-0.02908546907602072,-0.3786725875031466
2016-06-30,84.78,-0.003066761028544529,0.002476999292285953,-0.0031847133757961776,-0.0012974758197688008,0.15089276215412828,-0.022104269874970606,0.05285943877406485,-0.018766218447746175,-0.0875943296157905,-0.02055319650861065,-0.2165881578889387,-0.02845010615711263,-0.2757364213231078
2016-07-04,85.44,-0.011235955056179692,0.00596910112359561,-0.01158707865168529,-0.0077247191011236005,-0.16416413879503855,-0.02375936329588013,-0.1703181290379553,-0.024414794007489804,-0.25676436699408045,-0.02676732209737831,-0.3310582123285888,-0.034164325842696575,-0.3850238247388329
2016-07-05,85.03,0.003998588733388209,0.0055274608961541905,-0.00341056097847825,0.004821827590262284,0.36456695664743966,-0.009149711866400345,0.17484026486224247,-0.016888157121015213,0.07688473342056135,-0.020504527813712925,-0.05062189423843011,-0.02738249245364377,-0.14137305405382328
2016-07-06,84.83,0.0047153129788990444,0.004833195803371382,-0.0035954261464103965,0.002357656489449411,0.05700812667129029,-0.0007544500766238915,0.21903401023761493,-0.01266061534834284,0.1605607831981588,-0.016597901685724392,0.01633342157918416,-0.02319148100121793,-0.08088877780508497
2016-07-07,85.77,-0.00921067972484546,0.001515681473708952,-0.011659088259298178,-0.010959542963740243,0.15797934223779886,-0.009560452372624595,0.41098131474225563,-0.022012358633553886,0.3873451835928994,-0.0261046986125687,0.2002794930574201,-0.03239671990983606,0.07218498723982325
2016-07-10,85.75,-0.0016326530612245094,0.0023323615160351086,-0.009795918367346945,0.00023323615160353306,0.10890902083167187,-0.0067638483965015705,0.4300989454470623,-0.019965014577258633,0.5300001120707143,-0.02436151603498571,0.3365422968681757,-0.03050340136054397,0.19316059500561988
2016-07-11,85.75,-0.0030320699708454857,0.002215743440233231,-0.0065306122448980375,0.0,-0.07415397446024763,-0.004501457725947677,0.22256553322906192,-0.015895043731777636,0.3226441353592744,-0.022874635568513435,0.23228916711667025,-0.028742468415937528,0.11237427907320163
2016-07-12,85.89,-0.0009314239143090042,0.0030271277215043746,-0.005588543485854025,-0.0016299918500407573,-0.1218001576282235,-0.00540225870299238,-0.051887259899570104,-0.012236581674233693,0.12232648745788577,-0.022616136919315633,0.08538148776955001,-0.02864904723095396,-0.012866667864021353
2016-07-13,85.87,0.006637941073716069,0.011878420868755013,-0.0002329102131130023,0.00023291021311289128,-0.3324223942205824,-0.003167578898334966,-0.3808918428338217,-0.008012111331081262,-0.2656146903875235,-0.020909514382205896,-0.27232202987726306,-0.026540118784208366,-0.33846516662930104
2016-07-14,86.01,0.002790373212417041,0.005464480874316946,-0.0025578421113824357,-0.001627717707243348,0.33579977593924815,-0.0023718172305547958,-0.09204506605293539,-0.0073479827926977714,0.021211696899244625,-0.020805720265085648,-0.002880510235770073,-0.02654342518311792,-0.0960713370367462
2016-07-17,85.93,0.001047364133597073,0.001396485511462764,-0.002676597230303779,0.0009309903409751019,0.7757556759080846,-0.000884440823926691,0.68190581190068,-0.0048644245315947465,0.7616028890741251,-0.01838124054462964,0.7901017654570024,-0.024062221187788002,0.6281949894999412
2016-07-18,86.17,-0.0058024834629221145,0.00011604966925848892,-0.0070790298247649375,-0.002785192062202513,-0.21327593709666404,-0.0032493907392365795,0.27795390587532687,-0.006301497040732684,0.30775849488706797,-0.019490541951955653,0.351063108165802,-0.025441955823758744,0.27257729996937163
2016-07-19,85.32,0.0007032348804500987,0.00480543834974223,-0.002226910454758535,0.009962494139709399,-0.033533054290051933,0.007665260196905832,0.21691855188366937,0.004453820909517958,0.17923535420285353,-0.007887951242381619,0.30507243634550396,-0.01440459446788489,0.23406859393520785
2016-07-20,85.26,-0.0028149190710767824,0.0012901712409101318,-0.004456955195871526,0.0007037297677690013,0.14949187628982052,0.0070372976776915674,0.35193280020295337,0.005500821018063151,0.3177320287826799,-0.006069669247009468,0.49737636503243254,-0.01253811869575372,0.4183179263125425
2016-07-21,85.72,-0.0025664955669622014,0.0030331311245916925,-0.0031497900139990653,-0.005366308912739037,-0.11264073381234752,0.00020998600093302677,0.009188386494484613,0.0006066262249191379,0.12981344589551447,-0.010417638824078534,0.33301729822868964,-0.016822211852542623,0.26265877983175145
2016-07-24,85.8,-0.0031468531468531458,0.0,-0.007575757575757458,-0.0009324009324008786,0.09995764808808061,-0.0013986013986014845,0.027082959438856857,-0.0003846153846145395,0.2309432987465332,-0.010460372960373054,0.45572591069990565,-0.01674825174825123,0.38899441385298816
2016-07-25,85.27,0.004808256127594834,0.009499237715492104,-0.0011727453969742063,0.0062155506039638375,0.04200852432003965,0.004503342324381432,0.10084715263618915,0.005887181892811899,0.272403015783079,-0.002234079981236259,0.4537147137467301,-0.00962042140651198,0.4396886015723098
2016-07-26,84.46,0.00923514089509836,0.00994553634856743,-0.001657589391427905,0.009590338621832784,-0.3054067014929651,0.012005683163627712,-0.25340434427472025,0.014965664219749764,-0.13260230644818494,0.009726497750414342,-0.017634945450592077,0.000943247296551375,-0.0033939845312287442
2016-07-27,84.81,-0.004598514326140779,0.0019985850725150467,-0.004810753448885707,-0.0041268718311521235,0.3100816644064339,0.005801202688362039,0.02734702915421172,0.009090909090909705,0.13927934971605982,0.006738592147152334,0.27418605823467046,-0.002751247887433972,0.3105752110570239
2016-07-28,85.59,-0.008178525528683256,0.002336721579623724,-0.009230050239514065,-0.00911321416053279,-0.21397548467097205,-0.004416403785489131,-0.18076803564241484,-0.0013436149082829418,-0.17671353544583002,-0.0019102698913427973,-0.011861011282252809,-0.01111500564707657,0.024955744595491103
2016-07-31,86.41,-0.011225552598078892,0.0019673648883231643,-0.011457007290822774,-0.00948964240249961,-0.2782672064792868,-0.014165027195926494,-0.38272336676022134,-0.011306561740538346,-0.4151205879324452,-0.01084943872237043,-0.30337400640823564,-0.019658218570380748,-0.25740668075215634
2016-08-01,86.76,0.002996772706316264,0.004495159059474396,-0.005993545412632639,-0.0040341171046566204,-0.20350982510722138,-0.016735822959889513,-0.4347358172486031,-0.014741816505301153,-0.49104999107253133,-0.01390041493775973,-0.4417450495352213,-0.02235285077608673,-0.411897732178388
2016-08-02,85.97,0.0062812609049669454,0.008723973479120684,-0.005932301965802078,0.009189252064673692,0.5970285968743043,-0.0042340351285332645,0.09081858601522597,-0.005001744794694951,-0.10168435335752535,-0.004071187623589934,-0.09819717454014931,-0.01192664107634367,-0.03263200159891466
2016-08-03,86.05,0.0008134805345729745,0.0055781522370714764,-0.0029052876234747504,-0.0009296920395118757,0.4723398366487932,-0.0016502033701337737,0.6221410348691654,-0.00517141196978399,0.3568294876875533,-0.004450900639163535,0.32628269517809305,-0.011853573503776138,0.4338641903086191
2016-08-04,85.78,0.0034973187223128477,0.007694101189088309,-0.0029144322685941138,0.0031475868500816517,-0.17320570621998665,0.004383306131965359,0.33084818377733716,-0.001119141991139161,0.12319899716317595,-0.0006062019118677764,0.0791635641303361,-0.007779591202299763,0.18860116636048696
2016-08-07,85.76,-0.0017490671641792188,0.0016324626865671377,-0.0073460820895523415,0.00023320895522394025,0.24881079494233882,0.005060634328357905,0.6326128144290832,-0.0008162313432826807,0.4131288349705895,-0.00036730410447805006,0.3467650597692218,-0.00693796641790978,0.48051989270278206
2016-08-08,85.99,-0.0015118036981043304,0.004081869984881914,-0.0036050703570180698,-0.0026747296197231485,0.29575482268800957,0.0008605651819979521,0.8734895226700239,-0.0035352948017202124,0.8258622986358841,-0.0030352366554253774,0.735844880501596,-0.008237391944798889,0.8621877407496819
2016-08-09,86.31,-0.0005793071486501766,0.005908932916232068,-0.0035917043216313616,-0.0037075657513614413,-0.30471303691894525,-0.004634457189201746,0.004216843299112538,-0.006395550921097448,0.24909299216789815,-0.006592515351639849,0.18608737789089624,-0.010076082338855374,0.26432314375438026
2016-08-10,86.73,-0.0003459010722933753,0.0031131096506398226,-0.003804911795226573,-0.004842615012106588,-0.19028439169017353,-0.008670586878819608,-0.2467217510923616,-0.009074138129827491,-0.012458011865379204,-0.011161074599331577,-0.0503732060538179,-0.013390214842998627,0.008961385400650723
2016-08-11,87.04,-0.0013786764705883137,0.004710477941176405,-0.0030445772058823595,-0.0035615808823529216,-0.083751144969051,-0.010638786764706087,-0.2645846514301803,-0.010397518382352144,-0.0768639786069858,-0.014188878676470895,-0.154436972903381,-0.01582414215686201,-0.07777455432770908
2016-08-14,87.02,0.00574580556193971,0.006320386118133792,-0.0003447483337164492,0.0002298322224776328,0.17335689619842864,-0.007515513675017238,-0.09830374731635982,-0.008503792231669971,0.09104892491396055,-0.0133704895426342,-0.010974501925701041,-0.014690109553358588,0.06799761538294358
2016-08-15,86.58,0.00462000462000467,0.00947100947100954,-0.001270501270501212,0.00508200508200507,-0.14866061992372315,0.00043890043890049135,-0.19561778399583107,-0.0027604527604517815,-0.11512348592921784,-0.0077269577269579726,-0.14506005484739304,-0.008820358820358143,-0.10175700065823157
2016-08-16,86.96,-0.005864765409383521,0.001724931002760055,-0.011384544618215253,-0.004369825206991695,0.19357917054673845,-0.002575896964121527,0.07580430802957117,-0.007325206991719346,-0.01795001476608582,-0.011827276908924045,0.035174332239445105,-0.012714658080342778,0.05569889823951102
2016-08-17,87.44,-0.005718206770356837,0.00022872827081421576,-0.005718206770356837,-0.005489478499542622,-0.04528466035339951,-0.0065645013723697465,0.0491282761121139,-0.011642268984445536,-0.08261290421866185,-0.016314043915828358,-0.008364076555494093,-0.017398597133271854,0.00038776697894160606
2016-08-18,87.31,-0.001259878593517394,0.0011453441759248228,-0.0029778948574047392,0.0014889474287023141,0.14239396440364605,-0.0034589394112933824,0.18870028904759462,-0.008578627877676381,0.07251381730082351,-0.013600962089108104,0.14583607593334014,-0.01493910586797953,0.13841179252680536
2016-08-21,86.85,0.003339090385722665,0.004145077720207224,-0.0031076568796775117,0.005296488198042626,0.04709711697799146,0.0024409902130109185,0.18177697973433538,-0.0015659182498550805,0.1140803607678782,-0.007461139896373314,0.20009128297417988,-0.009130685089233759,0.18849604840142486
2016-08-22,87.4,-0.003089244851258721,0.0011441647597252302,-0.00417620137299779,-0.0062929061784898765,0.09240045170856503,-0.0042562929061787935,0.2559160741573958,-0.0066018306636147495,0.22684151401700525,-0.01310640732265489,0.3138927688439903,-0.014946605644545752,0.2968642624125919
2016-08-23,87.31,0.00011453441759234906,0.0016034818462948852,-0.008590081319436504,0.0010308097583324738,-0.05128941147065735,-0.0013515061275916063,0.09870711420616618,-0.003962890848699052,0.1859961147090241,-0.01086931622952747,0.24686171476139274,-0.01330126369640694,0.22317478576028082
2016-08-24,87.9,-0.006825938566553003,0.0004550625711035039,-0.009783845278725778,-0.006712172923777016,-0.4607801767776033,-0.0072582480091014645,-0.4273518006057814,-0.009510807736062832,-0.3630185644513987,-0.015887372013652423,-0.3372534265018041,-0.019385665529009666,-0.34628796385056293
2016-08-25,87.58,0.0033112582781458233,0.010504681434117424,-0.004727106645352808,0.0036538022379539736,-0.34018036917636363,-0.0025804978305549175,-0.5784059657172649,-0.004555834665447955,-0.5597276347097296,-0.010527517698104893,-0.5481226173127931,-0.015030067747582532,-0.5702191896308741
2016-08-28,88.3,-0.010305775764439362,0.0011325028312572094,-0.011098527746319364,-0.008154020385050975,0.797148853820479,-0.010101925254813238,-0.021676867264496913,-0.01206115515288686,-0.11928027142304609,-0.01746885617214078,-0.14013652849601765,-0.022468856172139895,-0.1993920378036902
2016-08-29,87.54,0.0020562028786839104,0.008681745487777004,-0.0009138679460819477,0.008681745487777004,-0.22774576505415933,0.0018048891935114053,-0.19238336770357012,-0.0020219328307050644,-0.30202072101355737,-0.007859264336303906,-0.3423849233741493,-0.013079734978295066,-0.3697612786044966
2016-08-30,87.31,0.005039514374069354,0.006184858549994177,-0.003264230901385834,0.002634291604627137,0.041658609291674864,0.004764631771847272,-0.048001789007327766,0.0017065628221288875,-0.24143952971577898,-0.004798992097125643,-0.32179849432418706,-0.00995685870270635,-0.32702447773505716
2016-08-31,88.31,-0.010757558600385075,0.0,-0.01506058204053895,-0.011323745895142068,-0.6208102463854913,-0.006613067602763145,-0.6021815202825136,-0.009240176650435195,-0.6975266003423,-0.015309704450232609,-0.7378564053973822,-0.020416713848940726,-0.7393313244309134
2016-09-01,88.2,0.0031746031746031633,0.0075963718820861725,-0.0018140589569161092,0.0012471655328798459,0.8031000021112569,-0.004444444444444695,-0.05251067523471731,-0.007018140589568511,-0.31789712417889493,-0.012800453514739796,-0.45429810035511586,-0.018042328042327638,-0.4811105584364602
2016-09-05,88.64,-0.004399819494584789,0.0,-0.008574007220216617,-0.0049638989169674685,0.12253383666710782,-0.007987364620938742,0.06618624478203472,-0.010943140794222983,-0.16490205270771063,-0.01633574007220262,-0.3545539108267316,-0.02198405535499348,-0.3943119183859509
2016-09-06,87.95,0.004093234792495792,0.0052302444570777595,-0.002728823194997232,0.007845366685616861,-0.17564479631308016,0.0005685048322907615,-0.05800297233762064,-0.0011483797612271696,-0.2628732851416383,-0.0069812393405347395,-0.4420526422272437,-0.013234792495735892,-0.48386195839213375
2016-09-07,87.78,0.001936659831396792,0.004556846662109981,-0.0017088174982912152,0.001936659831396792,-0.2421345767990396,0.0034404192298924663,-0.23441355402023611,0.0014126224652548647,-0.38896850964424223,-0.003941672362725357,-0.5482340663437739,-0.010306068200804819,-0.5913151264005332
2016-09-08,86.24,0.009972170686456394,0.010783858998144824,0.0,0.017857142857143016,0.05514087710754523,0.02244897959183656,-0.08235681591811372,0.019839981447125066,-0.27578438494014434,0.014697356215213064,-0.4841884146253702,0.008650278293135916,-0.5453669123127479
2016-09-11,88.25,-0.025042492917846992,0.0014730878186968166,-0.025949008498583614,-0.02277620396600577,0.3890389794767939,-0.0055297450424932615,0.18178577642301885,-0.0052691218130304085,0.07783252699447862,-0.008691218130311928,-0.23743399820701117,-0.013782813975448227,-0.3346626778885584
2016-09-12,87.05,0.005743825387708235,0.009879379666858146,-0.0004595060310165211,0.013785180930499852,-0.19697500686630132,0.00829408385985042,-0.055469736808547276,0.009213095921884795,-0.13575523675504952,0.005669155657667568,-0.36796983460825194,0.000830940072755304,-0.45168670197346084
2016-09-13,87.01,0.0012642225031604948,0.006780829789679199,-0.0016090104585679832,0.0004597172738765032,-0.1932618249663287,0.005102861740029496,-0.19530152788566868,0.008240432134237974,-0.2587299956304435,0.006148718538098619,-0.46386163625690047,0.0015362218902044145,-0.5450002815080267
2016-09-14,88.06,-0.014876220758573755,0.0023847376788552754,-0.014876220758573755,-0.0119236883942766,0.7563292578951597,-0.009016579604815056,0.5118176957193648,-0.004383374971609566,0.39425571111793856,-0.005604133545310308,0.00040174778046941917,-0.01031115148762174,-0.17371979210187927
2016-09-15,88.05,-0.0048949460533787015,0.0006814310051108663,-0.008517887563884163,0.00011357183418514438,-0.4080673288410964,-0.008268029528677001,-0.18414083690118999,-0.0034185122089713804,-0.1628323829322723,-0.0048665530948327484,-0.3926397813087573,-0.009407533598333795,-0.5028025134687141
2016-09-18,88.37,-0.005092225868507438,0.006563313341631849,-0.012673984383840708,-0.003621138395383139,0.2947829242285387,-0.007762815435102488,0.07305732256010877,-0.007321489193164332,0.05181145897280537,-0.008124929274641257,-0.16839981248317615,-0.0122402021802267,-0.32331038034279913
2016-09-19,88.58,-0.0009031384059606795,0.004163468051479047,-0.004515692029803509,-0.0023707383156468254,-0.44549253333542993,-0.009844208624971817,-0.39079085314660755,-0.009482953262586746,-0.4110140847405831,-0.00987807631519566,-0.5206299685513167,-0.013607285316474482,-0.6131497033544926
2016-09-20,87.8,0.00842824601366754,0.0112756264236904,-0.015489749430523947,0.008883826879271028,-0.4047259709961243,0.0024373576309792977,-0.5899893997970871,-0.0007517084282452346,-0.6162213717624485,-9.681093394109386e-05,-0.6902713340169703,-0.003773728170083368,-0.7531468748772071
2016-09-21,88.99,-0.013709405551185494,0.003483537476120846,-0.013709405551185494,-0.013372289021238326,0.06246722309747699,-0.009192044049893267,-0.4462996192771218,-0.014282503652094936,-0.5199709222050473,-0.01324306101809225,-0.6230439125745975,-0.016417575008427554,-0.7049933882499306
2016-09-22,87.76,0.009913400182315346,0.013388787602552465,-0.0030765724703738506,0.014015496809480332,0.08541221050976233,0.006814038286234947,-0.24027346151384132,0.0009115770282595026,-0.4190808683375641,0.0015439835916131184,-0.542576072699279,-0.0016142509875416433,-0.6478031780004753
2016-09-25,87.85,-0.004894706886738653,0.006602162777461729,-0.014114968696641972,-0.0010244735344335787,-0.20741970362286166,0.0051223676721683375,-0.3174673141013049,0.00161639157655169,-0.4968620135715722,0.00043824701195194216,-0.6066441351560394,-0.0022462530829061578,-0.6985351452576867
2016-09-26,88.36,-0.003395201448619267,0.005092802172929067,-0.007922136713444994,-0.005771842462652832,-0.059843397322834835,-0.0018560434585787045,-0.22701044934370385,-0.004617473970121466,-0.45769101151561886,-0.005183340878225917,-0.595741039127884,-0.007699562396257464,-0.6894429719311481
2016-09-27,89.46,-0.005365526492286943,0.002962217750950069,-0.011066398390341958,-0.012295998211491077,-0.2876630357864739,-0.014621059691482308,-0.37977984589493563,-0.015392354124747598,-0.5644013194558335,-0.017382070198971977,-0.6813949405788273,-0.019401594753707063,-0.7575874351069569
2016-09-28,88.23,0.010540632437946229,0.011787373909101229,-0.007820469228153715,0.013940836450186955,0.2180125756377722,0.002878839397030264,-0.15007641119846704,0.0011107333106661343,-0.3807617127845121,-0.0025954890626775917,-0.5588895579735081,-0.004643167478937338,-0.6677909687018433
2016-09-29,89.75,-0.016155988857938786,0.005236768802228342,-0.016267409470752003,-0.01693593314763231,-0.3854134213436765,-0.015799442896936133,-0.4409868911169077,-0.01565459610027775,-0.56955804943785,-0.018974930362117393,-0.7028047159317805,-0.021028783658309735,-0.7772235065478214
2016-10-02,88.66,0.007782540040604635,0.008910444394315542,-0.002819760884277045,0.012294157455447818,3.4732062089203337,0.0007895330475975459,2.039744164495373,-0.0016354613128798379,1.2851741791644362,-0.006101962553575757,0.4984028627554591,-0.00812467102789649,0.1368191550433624
2016-10-03,88.35,-0.0006791171477078528,0.0037351443123940786,-0.0045274476513864625,0.0035087719298245723,0.1488932681769377,0.006134691567628581,2.206833333304743,0.0021958121109233453,1.6625790703462977,-0.0023542727787212447,0.744113113545146,-0.004135068854932644,0.3355172659473433
2016-10-04,88.85,-0.004164321890827161,0.0016882386043894915,-0.007203151378728179,-0.005627462014631379,-0.5496813188975728,0.0004501969611703238,0.2873472060404829,-0.003702870005626635,0.18091477836720093,-0.00813168261114261,-0.20605245739822164,-0.009176514725191875,-0.3873926817465403
2016-10-05,89.22,-0.0043712172158708595,0.005716207128446671,-0.00840618695359785,-0.00414705223044165,0.06538701260469293,-0.005066128670701775,0.21546065346767973,-0.00665770006724864,0.25169037584297405,-0.011740641111858796,-0.11893051529922027,-0.012743779421654056,-0.3155406399908076
2016-10-06,90.0,-0.010999999999999899,0.0005555555555554204,-0.018888888888888955,-0.008666666666666711,1.634060250963938,-0.011488888888889104,1.9301112014071364,-0.015011111111110198,2.2803357855975523,-0.019505555555555998,1.3897188300995222,-0.020592592592592385,0.8803879182291958
2016-10-09,89.06,0.012688075454749592,0.014260049404895447,-0.0031439479002919324,0.010554682236694424,0.19100964547371735,-0.0004940489557603289,1.1809690114822398,-0.002099708061979899,2.7186642743612888,-0.007045811812261826,1.8348710255474154,-0.009469271652069566,1.256463183438365
2016-10-10,88.54,0.0032753557714026993,0.006550711542805399,-0.003840072283713636,0.005873051728032541,0.3215091313879197,0.006279647616896034,1.6894386222309419,0.005127625931782953,3.5339424564755655,-0.0007567201264970791,2.744970601281209,-0.0030946464874631596,1.9803278286261832
2016-10-11,88.57,0.0019193857965451588,0.004967822061646254,-0.002709721124534159,-0.00033871514056660335,-0.3151637603493177,0.006367844642655607,0.7063620844449296,0.004990403071018168,1.8002035996473738,-0.0002540363554255354,1.5414423714507413,-0.0033419893869253148,1.046465118223575
2016-10-12,88.24,-0.002153218495013598,0.0037398005439710502,-0.0072529465095194645,0.0037398005439710502,0.5341559520377279,0.009496826835902139,0.9965353332042204,0.00774025385312882,2.6454161594531445,0.0043687669990930544,2.8663473420906103,0.000774403142943747,2.1561699016754843
2016-10-13,88.43,0.0007915865656451526,0.005993441139884537,-0.002374759696935569,-0.0021485921067512237,0.5142025010384692,0.005111387538165868,1.0068882710168072,0.0055863394775534925,3.6718700820285575,0.002312563609634166,4.835885645022764,-0.0010252930755022538,3.77930811866998
2016-10-16,87.83,0.006831378799954546,0.009336217693271198,-0.0013662757599909314,0.006831378799954546,-0.0317572043831893,0.008402595923944212,0.6519173628124773,0.010952977342594483,2.0457602006855073,0.00937606740293706,4.544786763764871,0.0058446240844054476,3.531505545997393
2016-10-17,87.45,0.008690680388793393,0.009376786735277198,-0.00017152658662089593,0.004345340194396696,-0.29200954702071424,0.009971412235563415,0.022901277342403104,0.014396798170384084,0.9779555433009968,0.013453401943967602,2.876749830530801,0.01007432818753573,2.1814851725264823
2016-10-18,85.54,0.012976385316810779,0.014963759644610608,-0.0011690437222353633,0.022328735094692576,-0.15945374593185357,0.02997428103811095,-0.15542911350181254,0.035994856207623105,0.564290318691212,0.03542202478372647,2.172820528338664,0.032164289611098074,1.6644815430100812
2016-10-19,84.93,0.005298481102083974,0.00694689744495447,-0.001677852348993425,0.007182385493936128,0.25738306105915565,0.030236665489226544,-0.02318220608939825,0.03953844342399715,0.5835544954734582,0.04152831743788954,2.782383036479758,0.03863181443541741,2.3346494650212235
2016-10-20,84.33,0.0009486540969998458,0.006284833392624201,-0.0010672358591249376,0.007114905727499288,-0.27227243291602243,0.029716589588521414,-0.30326738023814037,0.04184750385390834,-0.12257613091758202,0.04653148345784386,1.6040398777981606,0.04489505514051939,1.3957247362468852
2016-10-23,84.1,0.0034482758620690834,0.007134363852556502,-0.00047562425683700393,0.002734839476813411,0.32188273121115296,0.02278240190249714,0.04598503350069327,0.03795481569560155,0.11752652504716155,0.047354340071343426,2.283157798565318,0.04699564011097901,2.141713610765216
2016-10-24,86.97,0.005979073243647104,0.012763021731631685,0.0,-0.03299988501782225,-0.490736019185276,-0.019546970219615822,-0.43877944807652336,-0.002000689893065677,-0.45457772235535965,0.010635851443026034,0.5527755553420219,0.01085431758077493,0.5915602414150443
2016-10-25,87.4,-0.005606407322654605,0.0038901601830663157,-0.007093821510297582,-0.004919908466819334,1.452899102924445,-0.025469107551487347,0.613191417469167,-0.008707093821509249,0.4446507099928285,0.0048684210526313,2.553967589261558,0.005850495804728961,2.9081846694162965
2016-10-26,86.58,0.010741510741510751,0.011781011781011763,-0.0015015015015014122,0.00947100947100954,0.2827565010609354,-0.011942711942711903,0.9382451837355683,-0.0006699006698998033,0.7219790698474471,0.013195888195888017,2.943258980213909,0.015527065527065398,3.9327543667125715
2016-10-27,86.84,0.0003454629203132331,0.004491017964071808,-0.004491017964071808,-0.0029940119760479833,-0.06037052748738425,-0.011100875172731395,0.7194803689411275,-0.00557346844771911,0.5530902756862466,0.009212344541685402,2.2277912347788145,0.011918470750805987,3.6003422255392428
2016-10-30,86.8,0.0024193548387096975,0.007718894009216548,-0.0012672811059907252,0.00046082949308767773,-0.1443793522795518,-0.004861751152073657,0.3017603395595918,-0.006947004608293894,0.324632423403596,0.00800115207373242,1.0744922805046264,0.011920122887864704,2.869354018240021
2016-10-31,86.85,-0.0031088082901553626,0.0016119746689695624,-0.004260218767990653,-0.0005757052389175898,-0.04172185948532059,0.0007829591249279844,0.19220112483013074,-0.008704663212434238,0.27633238918342573,0.0063500287852615855,0.8794578799349093,0.010734983688351463,2.6693170584135686
2016-11-01,86.74,0.00034586119437407525,0.007724233341019238,-0.0020751671662438964,0.0012681577127047206,0.10180035819857158,0.0017754207977866976,-0.00025065152157210946,-0.008139266774267018,0.37815369502589746,0.006761586350011228,0.9758914183886416,0.011351932979786428,2.939413506657325
2016-11-02,86.6,0.002309468822170979,0.004387990762124927,-0.0015011547344110365,0.0016166281755196632,0.12651318279810497,0.0018706697459587307,0.10620785362378404,-0.005150115473440131,0.47982144689346473,0.007170900692840432,0.9069898422632108,0.012578906851423932,3.210093812551121
2016-11-03,85.08,0.018923366243535522,0.019393511988716527,-0.00011753643629530686,0.017865538316878204,-0.26423027849686376,0.019816643159379588,-0.17964686581468226,0.014586271744241763,0.0539323796401483,0.023624823695345132,0.18077356436874537,0.029732800501488743,1.938491342569717
2016-11-06,86.56,-0.006238447319778295,0.00011552680221793565,-0.011090573012939142,-0.01709796672828101,0.056264944221380064,-0.001686691312384525,-0.08041865782167734,-0.0018946395563761431,0.06144436497969896,0.0032809611829940355,0.19611505994582634,0.011094423906345963,1.9602732073034983
2016-11-07,87.46,-0.007889320832380475,0.00262977361079364,-0.009947404527783976,-0.010290418477017949,0.15674731594652425,-0.012508575348730733,0.08122035451080456,-0.009352847015777654,0.20574854111101737,-0.00847244454607854,0.3405215078642949,0.0001981858373349965,2.2019499536025187
2016-11-08,85.93,-0.0077970441056673945,0.007124403584312766,-0.01885255440474809,0.017805190271150684,-0.35889237454256884,0.006493657628302119,-0.32167145107644834,0.008856045618527375,-0.3362857104913257,0.008553473757709318,-0.15748506565049913,0.017657783467162735,0.8962554284863611
2016-11-09,82.96,0.03073770491803285,0.03302796528447449,-0.009402121504339278,0.03580038572806177,-0.4581865595448621,0.04057377049180322,-0.5944656459617781,0.04320154291224787,-0.6245135755355211,0.04306894889103163,-0.55515770699228,0.052671970427514925,-0.0898432153713985
2016-11-10,83.58,-0.010887772194304812,0.0056831777937307315,-0.011127063890882916,-0.007418042593922092,1.4810852894741893,0.024144532184733114,0.3474273458392061,0.03113184972481542,0.10563497464538751,0.032172768604929125,0.16510361409474594,0.0427614261785112,1.0652326206031577
2016-11-13,83.0,0.006746987951807171,0.009397590361445829,-0.0028915662650601526,0.006987951807228887,-0.3076263901277626,0.027686746987951594,-0.07441783990622686,0.03440963855421786,-0.2198420618023902,0.036463855421686286,-0.18733771185907044,0.04757028112449757,0.14245676838120236
2016-11-14,83.62,0.011480507055728228,0.011480507055728228,-0.008849557522124019,-0.0074144941401579345,0.3590655978024009,0.01155226022482636,0.3421231447853248,0.0221956469744089,0.10947874113498579,0.025890935182970143,0.13220959600628657,0.037546838874272126,0.5036280422791286
2016-11-15,83.19,0.009496333693953751,0.012140882317586366,-0.00024041351123926802,0.005168890491645817,0.10753285577929739,0.007548984252915059,0.528317467457236,0.023596586128141306,0.2393179005299495,0.02889169371318645,0.24644189401033878,0.041014545017429516,0.6112839293436583
2016-11-16,83.07,0.0024076080414108247,0.005176357289033318,-0.0016853256289874885,0.0014445648248466725,-0.05923751412369671,0.0024076080414108247,0.3623401259177652,0.020801733477790796,0.17440846699656443,0.02896352473817232,0.14925111932773416,0.04024718109225134,0.3571875305481358
2016-11-17,82.0,0.011219512195121961,0.013414634146341475,-0.00012195121951230625,0.013048780487804779,-0.3763852890749293,0.015756097560975624,-0.3290947278815245,0.029817073170732566,-0.25263080754253275,0.04125609756097526,-0.28704153129821564,0.051321138211381845,-0.24406944365783434
2016-11-20,82.64,-0.006534365924491858,0.0013310745401742263,-0.01125363020329151,-0.007744433688286589,0.26862221821219223,0.004065827686350332,-0.0502803658389912,0.018114714424008582,-0.00668565295912793,0.03178242981606938,-0.09295511211628937,0.03995240400129041,-0.05228770715509057
2016-11-21,82.76,0.003020782986950188,0.0050954567423875385,-0.0012083131947802084,-0.0014499758337361834,0.5461023132586642,0.001739971000483287,0.43117139512804137,0.011901884968584575,0.5708215025860339,0.029404301594973203,0.40850478070584706,0.03585870791042356,0.44726127878040933
2016-11-22,82.68,-0.0010885341074020616,0.003023705853894443,-0.0019351717464926033,0.0009675858732463016,-0.3100518114498009,0.0006289308176099517,-0.050437429104155274,0.007196419932269604,0.0814714377421839,0.027854378326076068,-0.09014770490234603,0.03453072085147535,-0.014770366365261522
2016-11-24,83.46,-0.005631440210879468,0.0,-0.006110711718188222,-0.009345794392523255,1.7717249819943954,-0.009944883776659474,1.7461590060339698,-0.006110711718187445,1.966421716626158,0.015420560747663403,1.5514708976125484,0.022509785126607396,1.6762441720507524
2016-11-27,83.07,0.0007222824124233362,0.003491031660045829,-0.003791982665222071,0.0046948356807512415,-0.44448565709252186,-0.004357770554953566,0.3767500395517449,-0.0008426628144928561,0.3873532401390276,0.01830985915492933,0.3979610610567368,0.025392239476746514,0.4520053378405635
2016-11-28,82.89,0.0063940161660032135,0.00711786705272055,-0.0024128362890578625,0.0021715526601520097,0.13055733806676306,0.00038605380624923136,0.3114608534663663,0.0007117867052728322,0.5375061453511389,0.01824707443599949,0.5802202251268531,0.02546346563718971,0.6395366663992901
2016-11-29,82.46,0.0007276255154013977,0.004487024011642138,-0.002425418384671252,0.005214649527043536,-0.48962092182995853,0.006209071064758653,-0.4181284173470925,0.005796749939365409,-0.2704234342984134,0.021186029590104294,-0.2018407215505661,0.02881397040989575,-0.16714135317556122
2016-11-30,81.86,0.004275592474957124,0.005619350109943744,-0.008306865379916872,0.007329587099926593,-0.03207409606482292,0.012851209381871342,-0.36187037071360595,0.01175177131688332,-0.2726472248089167,0.025989494258490176,-0.21325668799863984,0.03432282759182348,-0.19021727806748046
2016-12-01,82.4,-0.0006067961165049374,0.0033980582524271163,-0.004004854368932165,-0.006553398058252502,0.3784457156349086,0.004223300970873645,-0.08176256245215052,0.0035072815533987445,0.04634866911174562,0.016304611650485246,0.11060308888710724,0.026055825242718544,0.1152432509976633
2016-12-04,82.99,-0.005193396794794469,0.0010844680081938396,-0.006024822267743146,-0.007109290275936764,0.05616674323797777,-0.005470538619110843,0.09070625112676134,-0.004434269189058204,0.1050782830191972,0.006548981805036824,0.18566107017615274,0.017745109852593144,0.17365466920224315
2016-12-05,82.91,0.003980219515136829,0.004100832227716733,-0.0036183813773971174,0.0009649017006392313,0.17322903842338233,-0.004703895790616364,0.32350101539342435,-0.002279580267759429,0.21505636995963817,0.006259799782897257,0.385724845712327,0.01818839705705,0.35249905138064497
2016-12-06,84.18,-0.017106200997861865,0.001187930624851452,-0.017450700879068748,-0.015086718935614307,-0.14472627063374943,-0.019672131147541072,0.1586742627777642,-0.017011166547872936,-0.009277011719087236,-0.011089332382988815,0.1761252013831538,0.002356062405955539,0.14413269510065296
2016-12-07,83.5,0.0034730538922156384,0.00814371257485047,0.0,0.00814371257485047,0.13894901979133412,-0.007568862275448951,0.22536386377717532,-0.007305389221556213,0.14355817586717112,-0.004999999999999893,0.3454787683377467,0.009405189620758536,0.2490806762268487
2016-12-08,84.37,-0.010086523645845613,0.00035557662676310997,-0.010667298802892078,-0.010311722176128968,-0.060163515134388446,-0.013914898660661423,0.02685942778073236,-0.016569870807158438,0.03426693096736977,-0.016700248903638637,0.236735561499698,-0.0025443483070600736,0.1700120102990157
2016-12-11,85.13,-0.010807001057206667,0.0006390226712087443,-0.010807001057206667,-0.00892752261247498,0.06805030078664198,-0.018089980030541408,0.06802230698050504,-0.024280512157875633,0.15963606717712886,-0.02465053447668253,0.22687573512095183,-0.012314499393084932,0.25588556875706203
2016-12-12,85.18,-0.005987320967363319,0.0021131721061280473,-0.0076308992721296764,-0.0005869922517024451,-0.3647077262982078,-0.01364169992956099,-0.3401957081131777,-0.022434843860060782,-0.25902264957163534,-0.024313219065508318,-0.22655887671361996,-0.013563434296000598,-0.20081150595119623
2016-12-13,84.37,0.010904349887400855,0.016237999288846616,-0.0023705108450871037,0.009600568922602859,-0.04030131250694535,0.0012089605309943963,-0.29407869314534874,-0.010335427284579368,-0.24321906121480075,-0.01365414246770158,-0.2620673469052388,-0.00473311998735737,-0.22328583551477066
2016-12-14,84.68,-0.0062588568729333716,0.0014170996693432247,-0.012635805384978882,-0.003660840812470534,0.40177705362064753,-0.0020075578649030312,0.07448118523154301,-0.01170288143599385,0.06285408048833152,-0.016822153991497335,0.05053885098188848,-0.009352857817666704,0.10294982401506858
2016-12-15,84.68,0.0025980160604628377,0.0051960321209258975,-0.0062588568729333716,0.0,-0.58584877858024,0.0007794048181388735,-0.5432312697060319,-0.008372697213036795,-0.5775185229614824,-0.015942371280113332,-0.5643909525581712,-0.010163753739568682,-0.5416443481195873
2016-12-18,84.71,0.00047219926809116686,0.0031283201511038694,-0.004603942863888544,-0.0003541494510681531,2.2921710626868816,0.0011568882068235808,0.9132803558465108,-0.006032345649863657,0.5789104999318204,-0.015340573722110507,0.528087111992048,-0.011269822531775109,0.582961123186158
2016-12-19,84.57,0.0,0.0016554333688068024,-0.004493319143904384,0.0016554333688068024,-0.14086408418428242,0.0018209767056878157,0.6153689801554973,-0.0023530802885176616,0.327563403571949,-0.012108312640415897,0.258498891204751,-0.009778881400023587,0.34685710436015693
2016-12-20,84.28,-0.0010678690080684339,0.005280018984337831,-0.0018984337921215122,0.003440911248220102,0.2273236107782055,0.003820598006644582,0.8412276821651106,0.0030493592785958423,0.6319379771502358,-0.007564072140483935,0.5118264072396825,-0.007158677424458082,0.6454179805734706
2016-12-21,84.47,-0.005564105599621172,0.0016573931573340417,-0.007103113531431227,-0.0022493192849531995,-0.2244627783090437,0.0013495915709722528,0.27045890055554667,0.0009115662365344335,0.23423903251715905,-0.008896649698117542,0.1640405751505145,-0.01064677794877844,0.2694025015650836
2016-12-22,84.96,-0.003295668549905706,0.002589453860640356,-0.004825800376647815,-0.005767419962335207,0.488331767703414,-0.004919962335216521,0.8566402893980487,-0.003719397363464494,0.8434276660053428,-0.013559322033898202,0.7050469234804371,-0.016925612052730576,0.8633809317630103
2016-12-26,84.6,0.0035271867612294283,0.004018912529550889,-0.0021276595744680327,0.004255319148936065,0.396976342848925,-2.3640661938495455e-05,0.7535760133491809,0.0012174940898352915,1.5033140843164041,-0.008475177304964387,1.4004265335061903,-0.01195429472025189,1.4549434654857127
2016-12-27,84.07,0.003925300344950866,0.006661115736885881,-0.0014868561912692035,0.0063042702509812365,-0.12026293242588282,0.006018793862257565,0.4194788981471749,0.006899012727489717,1.1159332314994237,-0.0013143808730817774,1.0744386382474396,-0.005320962689821851,1.119985470682594
2016-12-28,84.35,-0.001304090100770594,0.0016597510373443924,-0.0029638411381149865,-0.003319502074688785,0.15632783703992947,0.0014937759336099976,0.4700108591999046,0.0022406639004157736,1.2450953958390816,-0.003930053349140539,1.3734021001983052,-0.008199960482117907,1.3746328498595943
2016-12-29,84.08,0.0010704091341580124,0.0044005708848715575,-0.0019029495718363432,0.0032112274024738152,-0.401203966975047,0.004876308277830699,-0.196446070360071,0.0054352997145583615,0.20628838685398043,0.000392483349191064,0.3535741954350511,-0.004725658103393426,0.39107587888359974
2017-01-02,84.2,-0.0038004750593825243,0.002256532066508221,-0.008313539192399078,-0.0014251781472685021,-0.2938457058170215,0.0025178147268409834,-0.4702034814137843,0.003289786223278579,-0.1772751436735046,0.0002850356294534784,-0.08002759472831178,-0.00579176563737116,-0.026540010119696866
2017-01-03,84.5,-0.0005917159763313418,0.001202366863905402,-0.0031313609467455983,-0.0035502958579881616,0.0861287997064486,-0.0028402366863904405,-0.3378777135555413,-0.0008402366863898836,-0.25931209598564153,-0.002201183431952747,-0.0025605952836899037,-0.00887573964497046,0.056109223444762435
2017-01-04,85.06,-0.007641664707265572,0.00431930402069125,-0.007994356924523993,-0.006583588055490308,0.18156347865171152,-0.009640253938396293,-0.09175076686892736,-0.007665177521748667,-0.1005301245961352,-0.007882671055725599,0.1748828390640551,-0.014421192883454892,0.21638750497382486
2017-01-05,85.03,-0.0010466894037398644,0.002587322121604174,-0.004821827590262173,0.0003528166529460641,0.4275988188446527,-0.006962248618134548,0.40297817979244366,-0.006738798071268204,0.2708840706943225,-0.0062683758673410805,0.6723066716443968,-0.013124779489591898,0.7043624304155973
2017-01-08,84.4,-0.004028436018957415,0.0030805687203789844,-0.007701421800947905,0.007464454976303214,-0.5636630427411589,0.0020616113744074127,-0.368165797000903,0.0015639810426548717,-0.457278639747116,0.0016528436018954373,-0.2874377566750279,-0.004861769352290768,-0.2642824443871151
2017-01-09,83.49,0.010180859983231594,0.011258833393220868,-0.0029943705833034295,0.010899508923224444,0.007466170075919987,0.013750149718529281,-0.2756986947733512,0.012396694214876769,-0.42450745485977837,0.013109354413701979,-0.2661923851384339,0.0066714576596000885,-0.25806672855734736
2017-01-10,83.75,-0.004298507462686563,0.0,-0.005671641791044735,-0.003104477611940326,0.14069145674383865,0.00890746268656728,-0.12939380637380926,0.0074985074626872095,-0.2846749318828985,0.009438805970149122,-0.14772738241664707,0.0035582089552239626,-0.12918318536410844
2017-01-11,83.84,-0.0015505725190840813,0.0004770992366411875,-0.0056047232824428805,-0.0010734732824427828,0.46244091791160846,0.006035305343511599,0.31830256079164565,0.005403148854962403,0.1345743079959314,0.007532204198473114,0.26227149756918977,0.0027512722646310106,0.28666520307779386
2017-01-12,84.01,-0.0019045351743841588,0.00011903344839891972,-0.006784906558743087,-0.0020235686227829675,-0.032138560594679455,0.001095107725270994,0.266855688029876,0.003094869658374799,0.13131749319523078,0.004695869539340203,0.18287885647940594,0.0010990755068840397,0.24709796757921354
2017-01-16,85.21,-0.015373782419903614,0.004342213355239988,-0.015608496655322157,-0.014082854125102573,-0.4855242200727823,-0.015397253843445258,-0.318369252184423,-0.011430583264874228,-0.39480483913826403,-0.0096643586433518,-0.41246962682213395,-0.012392911630090153,-0.37197146169515083
2017-01-17,84.93,-0.0015306723183799997,0.004356528906158008,-0.004003296832685743,0.0032968326857409913,0.249382851927898,-0.010243730130695572,-0.1076184770801476,-0.006840927822912346,-0.17796365325046215,-0.006087366066172439,-0.24515335011630124,-0.007822128027002662,-0.21336172821166088
2017-01-18,84.7,-0.0008264462809918216,0.0035419126328217754,-0.0049586776859504855,0.002715466351830065,-0.25249102023501235,-0.004155844155843913,-0.33859029359108683,-0.003282172373080816,-0.3732484884645446,-0.0032408500590320743,-0.4735860062803826,-0.004132231404958775,-0.40856862507022074
2017-01-19,87.45,-0.0064036592338478915,0.006003430531732246,-0.011778158947970296,-0.03144654088050314,-0.38655173362108874,-0.033299028016008925,-0.5550101028617372,-0.03439679817038255,-0.5894638054480098,-0.034591194968553673,-0.660415263551958,-0.03479702687249864,-0.6292296812537425
2017-01-22,86.96,0.0014949402023920477,0.004484820607175699,-0.0012649494020239294,0.005634774609015736,1.4384894993295996,-0.019549218031278404,0.4336716934642564,-0.02620745170193106,0.17210987125083843,-0.027495400183992658,-0.08978176813077776,-0.02761806194418881,-0.040558295633060015
2017-01-23,87.86,-0.00728431595720469,0.0010243569314818401,-0.00728431595720469,-0.010243569314819068,0.08091493753434831,-0.022877304803095577,0.6104793781556781,-0.0339858866378322,0.31990095513538064,-0.03593216480764849,0.002879576250002458,-0.03652401547917128,0.04029549184922954
2017-01-24,87.16,0.007801743919229054,0.008490133088572938,-0.0011473152822395472,0.008031206975676941,0.07686556252082921,-0.008949059201468268,0.6244105035458238,-0.022257916475446615,0.39295473028457395,-0.026244837081230044,0.08516268877432487,-0.027118708887868825,0.1251324802639353
2017-01-25,86.6,0.006004618937644368,0.007274826789838373,-0.00011547344110840463,0.006466512702078653,0.2355723934441063,0.002609699769053453,0.9325539237354923,-0.01169745958429469,0.6777535358648861,-0.018677829099307264,0.36219021250344685,-0.019753656658968333,0.39058551709253564
2017-01-26,86.72,-0.0031134686346863116,0.001499077490774825,-0.008071955719557211,-0.0013837638376383854,-0.29895562155063915,0.005604243542435716,0.19337034796720443,-0.009778597785977006,0.14371091081609189,-0.018882610701107083,-0.030258622029082805,-0.02054504920049205,-0.028538654182487466
2017-01-29,86.75,0.00034582132564842105,0.0012680115273775439,-0.0028818443804035088,-0.00034582132564842105,0.2696732902560124,0.003573487031700573,0.1448017562529642,-0.0068011527377513925,0.4900537183100202,-0.01769452449567721,0.2654887408413982,-0.02029202689721421,0.22226144416505633
2017-01-30,87.6,-0.011073059360730553,0.00068493150684934,-0.012214611872146008,-0.009703196347031873,-0.243221944378178,-0.00664383561643811,-0.17604046256760497,-0.013310502283104153,0.13368671018523282,-0.02585616438356153,-0.023609910050807814,-0.028892694063926805,-0.09198090059291053
2017-01-31,87.33,-0.003435245620061811,0.0029772128707203915,-0.006641474865452857,0.003091721058055663,0.1710373413565658,-0.004168098019008193,-0.010816750692134058,-0.007523187907934603,0.2862006888424453,-0.020829039276308303,0.16450420754302497,-0.02477575479980143,0.06711565050389168
2017-02-01,87.76,-0.001709206927985485,0.0067228805834091965,-0.005811303555150471,-0.004899726526891635,-0.07819261639522679,-0.00865998176845928,-0.08348847362051992,-0.009651321786690259,0.16087263855262068,-0.023843436645396676,0.07066913862686408,-0.0285475539349741,-0.0640414296735401
2017-02-02,87.41,0.008122640430156869,0.008694657361858038,-0.00022880677268044547,0.004004118521908406,0.2561096353065804,-0.0020363802768560424,0.21978783037375127,-0.0021851046790977158,0.38729337418057486,-0.0180700148724402,0.3511652953504618,-0.02349464210807284,0.18760724401926887
2017-02-05,87.4,0.0011441647597252302,0.004405034324942658,-0.003089244851258721,0.00011441647597254523,-0.042783722207218045,-0.0003432494279176357,0.10961955220982533,-0.0021167048054914206,0.11704411926442826,-0.01661327231121279,0.2954314740823427,-0.022299771167048066,0.13535772081002584
2017-02-06,88.01,-0.004204067719577376,0.0030678332007725295,-0.006078854675605205,-0.006931030564708562,0.12592507999329539,-0.005794796045903938,0.25334804253028276,-0.00853312123622274,0.22872592113788026,-0.022082717872969004,0.47874373587722996,-0.02789455743665492,0.2852671002188425
2017-02-07,88.33,-0.002943507302162418,0.00011321181931389646,-0.005887014604324614,-0.003622778218045908,-0.024907888889492025,-0.008468244084682497,0.13215554743408586,-0.011955168119551218,0.16791590258911704,-0.023582021963092892,0.40996720487949356,-0.03008038039171268,0.24729386582722435
2017-02-08,88.67,-0.0047366640351866884,0.0012405548663583232,-0.007217773767903446,-0.003834442314198716,-0.31250738837750225,-0.010014661102966116,-0.2514663987686374,-0.014424269764294007,-0.2098525350456214,-0.024596819668433523,-0.051351977260944426,-0.03253261155595644,-0.1373451601168153
2017-02-09,87.97,0.006706831874502717,0.008639308855291628,-5.6837558258471255e-05,0.00795725815618975,-0.10339918479324961,-6.820506991023212e-05,-0.3122823537157329,-0.004228714334431727,-0.2610596928093468,-0.01403887688984884,-0.14789615939787093,-0.02329203137433189,-0.20805934062204012
2017-02-12,88.31,-0.0030574113916883583,0.000509568565281393,-0.007586909749745185,-0.003850073604348303,0.6011924707095309,-0.0026497565394633105,0.21396040736595023,-0.0066470388404479275,0.20816770757461445,-0.015496546257501964,0.3970503690360174,-0.025580341977125998,0.3006680008051168
2017-02-13,87.86,0.0015934441156384427,0.004097427725927583,-0.007170498520373214,0.005121784657409645,-0.656842220755564,0.004529933985886858,-0.5891571000674904,0.00021625312998008184,-0.587615942829083,-0.00800705668108348,-0.5202361908886732,-0.019087184156612702,-0.5483862772997115
2017-02-14,91.12,-0.01437664618086043,0.0003292361720808046,-0.01437664618086043,-0.03577699736611073,-0.22145862339357614,-0.03173836698858645,-0.575857058260777,-0.03528314310798908,-0.6386620274823621,-0.04204345917471475,-0.6129841206923479,-0.05279850746268644,-0.6304567236404335
2017-02-15,90.79,0.0014318757572420182,0.0036347615376142173,-0.00275360722546536,0.0036347615376142173,1.083106605302555,-0.022072915519330216,0.19029928261239037,-0.027602158828064494,-0.10582293672388077,-0.035152549840291036,-0.1320442641669729,-0.046814994309211544,-0.1843883355751612
2017-02-16,91.09,-0.005269513667801151,0.002964101438138078,-0.00702601822373472,-0.0032934460423756917,0.021060530108712117,-0.020638928532220824,0.2564206619232987,-0.027478318146887393,-0.05892087833383319,-0.03498737512350436,-0.1206210192393079,-0.04765250484868422,-0.15538380037963173
2017-02-20,91.67,-0.011890476709937814,0.0014181302498090798,-0.011890476709937814,-0.006327042652994441,0.3474392360389271,-0.020028362604995964,0.7172378978497322,-0.02961710483255109,0.32337199861229404,-0.03910766881204342,0.1250837185946474,-0.05148540053088946,0.15765790687565917
2017-02-21,91.44,0.00010936132983374591,0.003937007874015741,-0.0020778652668416164,0.002515310586176822,0.3361663451880428,-0.010214348206474044,1.3571333884439545,-0.022506561679789594,0.7910019614640462,-0.03411526684164501,0.5004093889535797,-0.04667906095071428,0.5676586924165612
2017-02-22,91.13,0.005267200702293362,0.007352134313618031,-0.0024141336552178094,0.003401733786897898,-0.1132521902804634,0.0010095468012729647,0.7387895645292468,-0.015417535389004144,0.589531700164198,-0.028865357182047746,0.3176441934364691,-0.04086104100369414,0.3715041767202174
2017-02-23,91.05,-0.0008786381109280317,0.003185063152114198,-0.004173531026908206,0.0008786381109280317,0.14580237895222004,0.0019110378912687853,0.44330317408876896,-0.0114772103239974,0.8332738266636943,-0.02583196046128522,0.506211721118029,-0.03722130697418968,0.5548796196630708
2017-02-26,90.89,-0.003960831774672657,0.00022004620970395017,-0.009131917702717596,0.0017603696776322675,-0.4389667821018297,0.004246891847287992,-0.2876322291101989,-0.0071184948839252415,0.0009069575921027972,-0.021669050500605413,-0.15453819967085436,-0.03284923167198406,-0.13590577419026495
2017-02-27,91.07,-0.0018666959481715706,0.007906006368727514,-0.004611837048424161,-0.0019765015921817675,0.12393426652451045,0.001822773690568047,-0.20525405761051885,-0.005874601954539926,0.13239495667114265,-0.02131327550236084,-0.037848452977409686,-0.03218037407122698,-0.012059306131461223
2017-02-28,91.66,-0.006655029456687722,0.002509273401702039,-0.010364390137464596,-0.006436831769583318,0.19828063791570205,-0.005934977089242621,-0.013173170108389698,-0.009262491817586316,0.39821226104632745,-0.025256382282347944,0.17104326019821348,-0.03584260673503503,0.19813382630190057
2017-03-01,90.91,0.005389946100539111,0.007424925750742384,-0.0003299967000329751,0.008249917500825044,0.25029641837865046,0.0027499725002750885,0.29191202296833607,0.00309096909030937,0.5870386602372768,-0.014981850181498335,0.4576096833321721,-0.0255234114325521,0.47739005359562836
2017-03-02,90.5,0.0033149171270718814,0.0035359116022097847,-0.0066872928176795465,0.00453038674033146,-0.15692824271025363,0.006806629834254396,0.07527107079964201,0.007403314917127313,0.11240426069360421,-0.008541436464088337,0.22130701664050978,-0.018906077348066153,0.23160274575261575
2017-03-05,90.37,-0.005311497178267177,0.0015491866769945517,-0.008631182914684121,0.0014385304857806869,-0.1251998545577956,0.007037733761203979,-0.023741856238120862,0.008531592342591932,-0.06952697408584474,-0.005599203275423292,0.06495869086913886,-0.015355390800781743,0.05736098748838381
2017-03-06,90.29,-0.001661313545243126,0.0022150847269906127,-0.002436593199690029,0.0008860338907963339,0.7779129202845463,0.00677815926459191,0.6496873521716973,0.008627755011629379,0.6054889342153915,-0.0030789677705174157,0.915519079302257,-0.013404954406172398,0.7965514110126994
2017-03-07,90.14,-0.001331262480585793,0.0023297093410250547,-0.004215664521854845,0.0016640781007322136,-0.027293148056286798,0.006722875526958161,0.41702407434781064,0.008775238517861439,0.49535812258719214,0.0001830485910803148,0.8440127903191141,-0.010531765401967097,0.7230554389235961
2017-03-08,90.34,-0.002213858755811371,0.0016603940668584727,-0.0027119769758690015,-0.002213858755811371,-0.013237206998182427,0.0011290679654638591,0.28090118170748024,0.00510294443214554,0.4534337668957251,-0.000852335620987521,0.8094677716792531,-0.011881041989521002,0.6812081044596863
2017-03-09,91.07,-0.0029647523882727622,0.0009882507960909948,-0.004611837048424161,-0.008015812012737378,-0.17807690423679234,-0.008147578785549281,0.010296743600519687,-0.0038212364115510766,0.16482822898369553,-0.007757768749313776,0.4782081322535989,-0.018637677976647726,0.3695846181915874
2017-03-12,91.31,-0.0027379257474536844,0.001971306538166573,-0.005037783375314908,-0.0026284087175556525,-0.08103815614220711,-0.00950607819515914,-0.11329707010822598,-0.006417697952031065,0.07252227317133708,-0.009051582521082291,0.3373550488220669,-0.019585295513452006,0.25974819863314713
2017-03-13,91.0,0.0028571428571428914,0.006483516483516416,-0.0019780219780221042,0.003406593406593439,0.10630562969483326,-0.004065934065933807,-0.08296752722066769,-0.0025714285714280027,0.12007766416484933,-0.00384065934065958,0.4521559238367163,-0.014564102564102122,0.38402172319471917
2017-03-14,91.4,-0.004376367614879695,0.0041575492341356934,-0.007330415754923436,-0.004376367614879695,-0.14875715220846752,-0.006870897155360933,-0.1856810450467241,-0.007013129102844129,-0.0955418950803194,-0.006728665207877738,0.23474279546994326,-0.01732676878191064,0.17532326297628464
2017-03-15,91.44,0.0,0.0030610236220471876,-0.003718285214348249,-0.00043744531933498365,0.18994499474275717,-0.0045494313210845405,0.039941290965555876,-0.007731846019246924,0.0620586275361974,-0.005227471566054298,0.37634761819858875,-0.01637139107611507,0.3891920953567862
2017-03-16,91.0,0.0049450549450549275,0.01098901098901095,-0.0008791208791208982,0.004835164835164774,-0.821634183215199,0.0026813186813188228,-0.8090312148670258,-0.002351648351647695,-0.8117293732517189,-0.0002417582417583164,-0.7805094454700303,-0.010109890109889497,-0.753740008981108
2017-03-19,91.22,-0.002850252137689191,0.002082876562157443,-0.0030695023021267698,-0.0024117518088138112,3.7614030298297516,0.00010962508221901146,0.6866439606544623,-0.004209603157201758,0.2652614995179454,-0.0025378206533654968,0.20333320125182386,-0.01131330848498091,0.29267219933810007
2017-03-20,91.19,0.0012062726176116367,0.006141024235113424,-0.001754578352889502,0.0003289834411668302,-0.0533442569084569,0.0002412545235226382,0.6058150621843634,-0.0029498848557948376,0.17630702618333216,-0.0021383923675840633,0.112471618820003,-0.009595350367364364,0.22619204000688353
2017-03-21,90.99,0.0035168699857128782,0.008902077151335286,-0.002637652489284492,0.0021980437410704656,0.05293659621516711,0.002857456863391894,0.7299138593656107,0.00023079459281305503,0.2750970931927945,-0.0002088141554016376,0.16617999743016876,-0.006029966663002706,0.2942138150732132
2017-03-22,90.77,0.0015423598105099856,0.007601630494656897,-0.0018728654841908554,0.0024237082736586757,0.14150220193061402,0.0043847086041644,0.9730291641446505,0.003591494987331245,0.4889687411485464,0.0019665087584004315,0.33886824352759737,-0.002526532261025727,0.4829689163173658
2017-03-23,90.57,0.002208236722976764,0.0038092083471350513,-0.00397482610135802,0.002208236722976764,-0.2616469794288071,0.005123109197306075,0.46176668947887434,0.006282433476869409,0.11282975925267036,0.003980346693165604,-0.015661232663334745,0.0005741415479743051,0.09501060774862813
2017-03-26,90.49,-0.0004420377942313536,0.002486462592551808,-0.0034257929052933234,0.0008840755884627072,-0.08141459092752112,0.005061332743949709,-0.20841070982514986,0.0066195159686159855,0.04659542774132386,0.0046027185324346576,-0.08285031188209835,0.0021586178951638058,0.0036704110256720046
2017-03-27,90.76,-0.006500661084178128,0.0033043190832966474,-0.006941383869546125,-0.0029748788012341487,-0.15049102505269796,0.0004627589246362085,-0.2887510693296724,0.0027214631996479444,-0.08834828532359729,0.0013937858087262889,-0.22833373409036073,0.00010283531658616951,-0.15014262086549401
2017-03-28,90.6,-0.0004415011037526284,0.00298013245033113,-0.0023178807947019653,0.0017660044150111798,1.7879865744668444,0.0012803532008829333,1.1544040714899766,0.00422737306843346,1.6632396552664699,0.0029911699779250345,1.1669250812172334,0.0027704194260491644,1.4081960352947744
2017-03-29,90.2,0.003325942350332456,0.004079822616407824,-0.0011086474501109667,0.0044345898004434225,0.15186824127958154,0.00485587583148539,1.28953614789704,0.007793791574280062,1.9701282095034727,0.00685144124168513,1.4345339296364492,0.008229859571323273,1.6306308021688936
2017-03-30,89.85,0.0020033388981637312,0.0054535336672232315,-0.0001112966054533926,0.003895381190873737,-0.4681922813828364,0.007501391207568098,0.12715245905913308,0.010339454646633994,0.5376317192348072,0.010378408458542099,0.2706477467164987,0.011815989612317113,0.2926079456627113
2017-04-02,89.68,0.002007136485280947,0.004237288135593209,-0.0025646743978591235,0.0018956289027651785,-0.0035925140910484377,0.007805530776092695,0.056800215398711495,0.010972346119536791,0.10056734482049912,0.011931311329170136,0.25604525784121335,0.013384626821290713,0.26181317261864456
2017-04-03,89.91,-0.0017795573351128136,0.0005561116672228028,-0.005449894338783179,-0.0025581136692246487,0.22648292158620964,0.003425647870092252,0.1868392304477764,0.006673340006674078,0.33564915786438587,0.008958958958958929,0.5179203293695345,0.010269528788047433,0.5171671319087034
2017-04-04,89.97,0.00033344448149374983,0.005890852506390987,-0.002334111370456804,-0.0006668889629877217,-0.10115803798546863,0.0008669556518841048,-0.1286482088787817,0.0045793042125157335,0.16050634950244924,0.008074913860175448,0.36688502797116396,0.008943721981401254,0.3460871935786174
2017-04-05,89.4,0.004138702460849908,0.004586129753914925,-0.0010067114093960106,0.0063758389261743265,-0.1260590223379563,0.005838926174496439,-0.18131369517247586,0.00984340044742793,-0.006222038837341071,0.01440715883668875,0.20015430233744747,0.014828486204325086,0.1744197172916795
2017-04-06,89.23,0.0025776084276587508,0.004258657402218979,-0.0005603496581866318,0.0019051888378347481,0.5259822319510481,0.0059621203631066155,0.3986862286964774,0.010231984758489965,0.5249362495334111,0.015813067354028876,0.8487631090688454,0.016115656169449544,0.7894691297926792
2017-04-09,89.49,-0.004022795843110938,0.0021119678176333423,-0.008269080344172508,-0.002905352553357776,-0.20433611024367637,0.0016538160688346348,0.03890038379788652,0.005799530673818998,0.13756474700567134,0.01183372443848496,0.4537104659635409,0.012485566357507416,0.4131586543681214
2017-04-10,89.8,-0.0015590200445434466,0.0002227171492203972,-0.005679287305122349,-0.0034521158129176,0.14837688948049021,-0.002227171492204749,0.15405374192377885,0.0012138084632524748,0.22699327527046687,0.007327394209354132,0.6555130867027195,0.008470675575352526,0.5850154990051113
2017-04-11,90.31,-0.006754512235632837,0.0012290997674677673,-0.008304728158564978,-0.0056472151478241805,-0.1749739886677919,-0.008105414682759382,-0.06359894399001831,-0.0055032665264084235,-0.09379671282932511,0.0009744214372715554,0.353910885915514,0.002306868932934636,0.27931672393852214
2017-04-12,90.03,0.0002221481728312824,0.005664778407197701,-0.002665778073975278,0.0031100744196379537,0.24705982935822468,-0.004265244918360445,0.1664160783812756,-0.002732422525824063,0.17043505876770726,0.0034821726091300853,0.6728502556135401,0.004924284497759945,0.5788159402661217
2017-04-16,90.39,-0.001770107312755842,0.002212634140944747,-0.0027657926761810447,-0.003982741453700589,-0.27274704970279195,-0.0068370394955193925,-0.21492736997543516,-0.006892355349042423,-0.129334979263815,-0.0012943909724527636,0.20533167653513273,0.0005974112180551217,0.13862396499401886
2017-04-17,90.8,-0.004405286343612258,0.0036343612334801545,-0.0050660792951541245,-0.004515418502202606,-0.022020552139103033,-0.008766519823788621,-0.17034471588577982,-0.010781938325990503,-0.14865802737162526,-0.006139867841409741,-0.033391258145544445,-0.003961086637298106,0.10692253472243785
2017-04-18,89.6,0.005580357142857206,0.009486607142857206,-0.0011160714285713969,0.013392857142857206,0.02439807657371018,0.007433035714285774,-0.11739146835482184,0.00371651785714322,-0.1261471018458874,0.006936383928571432,-0.014758312158888676,0.009538690476190714,0.1221400600934619
2017-04-19,89.33,0.00414194559498493,0.00414194559498493,-0.0002238889510801645,0.003022500839583442,-0.00925023826870297,0.010030225008395899,-0.07594224962312301,0.006403224000895991,-0.11650066612139787,0.00908989141385863,-0.033121239822031634,0.012332549722004593,0.11918703119487173
2017-04-20,88.62,0.0062062739787858145,0.007447528774543022,-0.00011284134506883703,0.008011735499886985,-0.22929148616695527,0.015910629654705355,-0.2724362787369482,0.013744075829384306,-0.3117578065596356,0.01623786955540485,-0.2593124497733136,0.020138418716617812,-0.13202486998539664
2017-04-23,89.55,-0.004801786711334355,0.0011725293132329728,-0.0060301507537687815,-0.010385259631490729,0.0865904661451129,0.002211055276382101,-0.11302024519285947,0.0023450586264661677,-0.23022419232855262,0.004483528754885446,-0.18180608522548558,0.008903778150009423,-0.04298082268087711
2017-04-24,90.0,-0.004666666666666708,0.002777777777777768,-0.0058888888888889435,-0.0050000000000000044,-0.08243150595626936,-0.004666666666666486,-0.1551627657440603,-0.0023111111111105975,-0.25406598301082106,-0.0011055555555555818,-0.2542741143716817,0.0032962962962963527,-0.11621670381438098
2017-04-25,87.74,0.02404832459539552,0.02575792113061315,-0.0014816503305219442,0.02575792113061315,-0.23958548603742524,0.0191474811944381,-0.32409687666237563,0.023968543423752653,-0.4065742432535683,0.02434465466149982,-0.43705527399464295,0.028641440620013725,-0.32324251634298085
2017-04-26,87.69,-0.001254418975937921,0.006272094879689716,-0.005245752081195043,0.0005701904436081762,0.40317818334311273,0.01548637244839779,0.06658617660711852,0.022203215874102566,-0.0878921630435574,0.02320675105485237,-0.20952885608551108,0.027988748241912775,-0.02978369744440934
2017-04-27,87.33,0.0021756555593723803,0.0029772128707203915,-0.0020611473720369977,0.0041222947440742175,0.026787316898526425,0.015916638039619846,0.13214324934709398,0.02341692431008857,-0.03656380697972006,0.02575861674109703,-0.162647691156944,0.030810336272376615,-0.0011319286939690532
2017-04-30,87.09,0.0033298886209667256,0.005818119187047888,-0.00011482374555060737,0.0027557698932139107,0.8244786044625318,0.015753817889539556,1.0318856013280442,0.02313698472844239,0.8293437898353933,0.026937650706165828,0.5783547394275932,0.03207792704864687,0.834834047236364
2017-05-01,86.22,0.012410113662723266,0.012410113662723266,-0.00231964741359314,0.010090466249130126,-0.655479904555323,0.02029691486894003,-0.3574468314032718,0.029633495708653035,-0.3878258406665518,0.03569937369519827,-0.4653012636470908,0.04098043764014525,-0.4498561467483755
2017-05-02,86.43,-0.0015041073701261842,0.0023140113386554972,-0.00613213004743729,-0.002429711905588383,1.1557600162299533,0.009070924447529771,0.5194306318149549,0.021832696980215838,0.41949892633371966,0.03118130278838338,0.2035645050795376,0.03652281229511334,0.21551423545693726
2017-05-03,86.45,0.0046269519953729965,0.009138230190861574,-0.001735106998264957,-0.00023134759976861652,0.022671277419078928,0.005806824754193363,0.3590996236905719,0.017929438982071444,0.43836542022555847,0.028930017351069814,0.23453509740662715,0.03444765760555213,0.23143952485707509
2017-05-04,86.5,0.0004624277456648507,0.0012716763005780063,-0.0042369942196531785,-0.0005780346820808413,0.3284145672758889,0.00235838150289025,0.6930939849949416,0.0140115606936424,0.8886120176719634,0.026300578034681887,0.6362689446684866,0.03210019267822717,0.6224597661919955
2017-05-07,86.55,-0.002541883304448267,0.0008087810514154636,-0.0035817446562680377,-0.0005777007510109344,-0.02772139911897542,-0.00013864818024245107,0.48264681063883463,0.01097631426920942,0.7379779327444733,0.024032351242056382,0.5615062771436543,0.029859426150587343,0.560760561352363
2017-05-08,86.4,0.004629629629629539,0.004861111111110983,-0.002083333333333437,0.0017361111111109384,-0.5161140421412698,0.0003472222222222765,-0.2807306558099648,0.009259259259259967,-0.1976924427725265,0.02425925925925898,-0.24495375719043166,0.030096450617283832,-0.2608391866354769
2017-05-09,86.49,-0.00011562030292511238,0.003468609087756036,-0.0012140131807144572,-0.0010405827263265666,0.5502092737542825,-0.0002774887270202697,-0.002133182623213936,0.004046710602382486,0.25167280625900146,0.021407099086599546,0.19979058867741673,0.027448259914440998,0.14318867244270095
2017-05-10,86.17,0.005106185447371514,0.00533828478588827,-0.0033654404084949574,0.003713589416270091,0.018758347100897188,0.003574329813160082,0.018456054265636457,0.006324706974585759,0.1799618135591543,0.023279563653243462,0.23047536842660654,0.02961200727244573,0.13342664499031054
2017-05-11,86.19,0.0005801137022856118,0.0015082956259426794,-0.0031906253625709757,-0.0002320454809142669,0.029265692450324066,0.002691727578605585,0.050932477062912485,0.0043276482190517385,0.17286792381745641,0.020640445527323248,0.2646048616460397,0.027659821324979683,0.17684848836603484
2017-05-14,86.33,0.0037067068226572797,0.004401714351905506,-0.0009845939997682462,-0.0016216842349126015,0.012176805100691412,0.0003475037646243351,0.11135123046040962,0.001378431599676544,0.14587142252993224,0.016761264913703222,0.2873154515512977,0.024444959264836363,0.20377798909654699
2017-05-15,86.24,0.007421150278293043,0.008812615955473113,-0.0005797773654916405,0.0010435992578849973,-0.1120204318024226,0.0008812615955473557,0.023062226150059262,0.0015422077922087052,0.03695512575094706,0.015468460111317084,0.1346428202086194,0.02415352504638224,0.06323134820630427
2017-05-16,86.26,-0.0004637143519592435,0.004289357755622447,-0.0038256434036633147,-0.00023185717597973277,-0.16014019240522415,0.00027822861117576814,-0.21820518210754647,0.0013331787618835467,-0.21418414940362884,0.012589844655692017,-0.05046584549140809,0.022586753226679024,-0.10879184804657982
2017-05-17,85.87,0.0036101083032491488,0.004075928729474709,-0.004075928729474931,0.004541749155700492,0.11743894555359402,0.004285547921276445,-0.07980048475950696,0.0056830091999540144,-0.09779083995778814,0.015243973448235693,0.06739522787304186,0.025814215286673603,0.006011438743999786
2017-05-18,86.24,-0.002782931354359919,0.0016233766233766378,-0.006609461966604724,-0.004290352504638162,-0.045779090614168405,-0.0007189239332094921,-0.09677223009544633,0.0006957328385905903,-0.125441303122919,0.008882189239332261,0.01854464118018684,0.019828385899814727,-0.03701282519735227
2017-05-21,86.21,0.00046398329660135573,0.0022039206588564397,-0.0020879248347058788,0.0003479874724510168,0.718517275255018,-0.0002551908131304126,0.6192710085340476,0.0007423732745628353,0.5690130387476982,0.007852917294977502,0.7299576290582499,0.018961450721107553,0.6556062546239294
2017-05-22,86.08,0.0023234200743493805,0.005343866171003908,-0.0011617100371746902,0.0015102230483270418,-0.030690072115833078,0.0009758364312268952,0.49850871720099366,0.0018587360594803926,0.5123309792271631,0.0074349442379182396,0.630455150705117,0.019330855018587334,0.6011611481921895
2017-05-23,86.5,-0.0005780346820808413,0.001734104046242857,-0.0033526011560693902,-0.004855491329479822,-0.10356040523902887,-0.004254335260115538,0.2551576840640086,-0.0033757225433518334,0.24998390645920066,0.000277456647398866,0.41373578607869965,0.013067437379576274,0.4247281843793522
2017-05-24,86.86,-0.003223578171770658,0.0013815335021873931,-0.0035689615473175618,-0.00414460050656229,0.12238453611952904,-0.007828689845728709,0.27582389330063495,-0.007494819249365903,0.3737465404734557,-0.004582086115588302,0.5060613171532764,0.007602271855092546,0.5969249314314151
2017-05-25,87.25,-0.0036676217765042596,0.0014899713467049214,-0.0049742120343839735,-0.004469914040114653,0.007121539527115139,-0.009994269340974027,0.16419742668182868,-0.011140401146130907,0.34440313442733017,-0.00950716332378232,0.4689462072101236,0.0017803247373449071,0.5935513795163185
2017-05-29,87.4,-0.0017162471395881784,0.0024027459954232278,-0.0034897025171625184,-0.0017162471395881784,-0.056047251569817935,-0.009382151029748154,-0.030932253466592896,-0.011624713958809152,0.23520039977008,-0.011252860411899435,0.3435386573183845,-0.0009992372234934876,0.4991292246771837
2017-05-30,88.09,-0.00476785106141453,0.002951526847542185,-0.007265296855488712,-0.007832898172323688,-0.5471970837016649,-0.01443977750028369,-0.5546074103858143,-0.018151890112384272,-0.45278977955299593,-0.01882165966625049,-0.39140621812516074,-0.00995572709728676,-0.32886764474482555
2017-05-31,88.13,-0.0012481561329853452,0.0001134687393624656,-0.008623624191535173,-0.00045387495744908524,0.6229943513307226,-0.010325655281969826,-0.0931203827454875,-0.016498354703278317,-0.05444323276113017,-0.01820605923068197,-0.03665142803400845,-0.01143008434509607,0.10555422089118327
2017-06-01,88.59,-0.0021447115927305527,0.0009594762388531741,-0.00660345411445995,-0.005192459645558256,0.018832479484320652,-0.011784625804266757,-0.03205892063359639,-0.01949429958234472,-0.06196043168398535,-0.022344508409527064,-0.017449319044684275,-0.017116303570756553,0.12275133085614454
2017-06-04,88.74,-0.004958305161144927,0.00022537750732487538,-0.008338967771016392,-0.0016903313049356772,0.49109622626563443,-0.009556006310570075,0.5292385321056332,-0.018086544962811812,0.37807265603776585,-0.022791300428217198,0.46690279741247975,-0.019055668244308932,0.667268432145629
2017-06-05,88.8,-0.00045045045045033483,0.0019144144144145336,-0.003941441441441373,-0.0006756756756757243,-0.36715608468456107,-0.006869369369369216,-0.03904831205065651,-0.015934684684683842,-0.1771859043182188,-0.022190315315315345,-0.07468498860081763,-0.019673423423423153,0.02976880660058745
2017-06-06,88.77,-0.0010138560324433055,0.0013867297510421484,-0.004168074800044996,0.00033795201081443516,0.3600280743376001,-0.0033795201081444626,0.38674646158569415,-0.012684465472568629,0.1659614969159846,-0.020592542525628033,0.2779904324732081,-0.01962374676129297,0.38771390108438797
2017-06-07,87.85,0.00830961866818436,0.01081388730791133,-0.005577689243027817,0.010472396129766581,-0.37999722258564306,0.008605577689243304,-0.2793568483426734,0.0007171314741043489,-0.27208628552467906,-0.008986909504837826,-0.2387408847452137,-0.009823562891291604,-0.1582286000461519
2017-06-08,88.16,-0.0035163339382940917,0.0005671506352087352,-0.006919237749546281,-0.0035163339382940917,-0.20468429493079388,0.004423774954628312,-0.3967464920484507,-0.0012704174228665988,-0.39210478742948496,-0.011700317604355859,-0.3866518250257991,-0.013263762855414196,-0.3451002355598305
2017-06-11,88.24,0.0004533091568450498,0.004759746146872246,-0.0016999093381685482,-0.0009066183136898776,0.23238216928337607,0.0025385312783319236,-0.16606104771231844,-0.0007026291931088169,-0.18311494873123768,-0.011468721668177917,-0.22104099060892413,-0.01398080991236006,-0.18791770275547304
2017-06-12,88.06,0.0034067681126503935,0.0038610038610038533,-0.003293209175562195,0.002044060867590236,0.22569536122613565,0.003452191687485895,0.1390801272779867,0.0024642289348180135,0.056261611810863865,-0.008284124460595232,-0.02984328270907033,-0.011620864562040922,-0.006852015325656158
2017-06-13,88.44,0.0005653550429669529,0.003505201266395419,-0.004296698326548998,-0.004296698326548998,0.038093651839604226,-0.002532790592492007,0.17977301374902477,-0.0010967887833550627,0.12600988830180748,-0.011567164179104639,0.011948585681771373,-0.015502035278154636,0.04107543434817118
2017-06-14,89.38,-0.012855224882524108,0.0026851644663237195,-0.012866413067800342,-0.01051689415976731,-0.12252391639615978,-0.013761467889908174,0.07502309661016526,-0.011210561646900041,-0.06818588986191132,-0.0207317073170733,-0.11467837642217438,-0.025027970463190607,-0.11965347588079156
2017-06-15,89.66,0.0006691947356680661,0.0012268570153914915,-0.009480258755297677,-0.003122908766451049,-0.4913784555064016,-0.013428507695739222,-0.46281344592009166,-0.012904305152798612,-0.5203183148533027,-0.022049966540263255,-0.5524435960808354,-0.026975983344486254,-0.5500102168330974
2017-06-18,89.86,-0.002893389717338102,0.0,-0.007293567772089893,-0.0022256843979524543,1.6408158193356668,-0.012285777876696935,0.5771478113172883,-0.013910527487201674,0.41387832083653997,-0.022117738704651613,0.24738531709684075,-0.027950886564284905,0.2383369741814254
2017-06-19,89.63,0.0015619770166239721,0.0064710476402989325,-0.000223139573803377,0.0025661050987393352,-0.07531624087070266,-0.0061363382795937005,0.3659610307078529,-0.010130536650674205,0.3273310571110446,-0.01758897690505401,0.13516223282673479,-0.024206924764773263,0.14942068180694013
2017-06-20,89.4,0.002460850111856816,0.006151006711409224,-0.001230425055928408,0.0025727069351229037,0.36242087399480805,-6.71140939595416e-05,0.8252223595612449,-0.006655480984339435,0.7884841709573105,-0.013148769574944263,0.5635478463224357,-0.02054809843400418,0.5743141692573801
2017-06-21,89.03,0.002706952712568711,0.004268224194091896,-0.0014601819611366196,0.004155902504773712,-0.08200243601708124,0.0062450859260925196,0.5865376773727693,-0.001819611366954188,0.6282308414926974,-0.007182972031899326,0.4327983735199741,-0.015354374929798631,0.40544300229921326
2017-06-22,89.42,-0.004361440393647942,0.0042496085886825075,-0.005815253858197256,-0.004361440393647942,-0.48340176083974484,0.0010735853276673257,-0.2375729009994777,-0.004853500335494698,-0.19501448768413054,-0.010098411988369582,-0.261900766850366,-0.01870200551703538,-0.2801822349918649
2017-06-25,89.36,0.0030214861235451362,0.0035810205908684,-0.001007162041181786,0.0006714413607877834,1.0080160251910661,0.0012085944494182321,0.2989411959994641,-0.002775290957922394,0.5955085199562651,-0.008001342882721474,0.53257994418346,-0.016830796777080992,0.46611545966333545
2017-06-26,88.61,0.006432682541474,0.00778693149757359,0.0,0.008464055975623497,-0.155785589219662,0.008554339239363884,0.0628699916671347,0.006929240492044464,0.27949078607467626,0.0015855998194334031,0.29417824765074774,-0.007316706165593989,0.22794286193353996
2017-06-27,88.37,0.008034400814756149,0.009505488287880448,-0.0012447663234129713,0.002715853796537271,0.06266442948890205,0.008984949643544349,0.10922372256260782,0.010286296254385485,0.3342558136195717,0.004990381351137163,0.3812877241707502,-0.0037607031043713768,0.30050880068263996
2017-06-28,86.99,0.011840441430049475,0.01413955627083574,-0.0006897344522357463,0.015863892401425606,-0.39990556420341705,0.022623290033337407,-0.3168742933009422,0.026232900333372333,-0.21543177173715833,0.021094378664214375,-0.20354334876326285,0.012859715676132089,-0.22646857387914732
2017-06-29,87.15,-0.0011474469305795543,0.0036718301778542184,-0.001721170395869276,-0.0018359150889272202,0.33829166648820674,0.01606425702811265,0.032404495611036754,0.021606425702811904,0.06771401282342304,0.018565691336775547,0.08130979989305587,0.011279403327596471,0.03695632429908313
2017-07-02,87.74,-0.003875085479826623,0.0029633006610441104,-0.006382493731479255,-0.006724413038522781,0.6827240683062805,0.0040574424435837475,0.5869083879323058,0.011875997264646276,0.5808474307529059,0.010895828584454037,0.8186302708012938,0.004965428158955065,0.7364542250124464
2017-07-04,87.67,0.0021672179765028776,0.0037641154328733606,-0.0020531538724763987,0.0007984487281851305,-0.2747908361307956,0.001163453861070085,0.1200391842392996,0.010265769362382438,0.11348802651308731,0.01113265655298279,0.31378194851329266,0.00633816204707105,0.2344096334421495
2017-07-05,87.37,0.003204761359734576,0.006638434245164193,-0.00011445576284774273,0.0034336728854298393,-0.17634222656624488,0.002449353324940118,-0.08430083413072786,0.011491358589905465,-0.09445513432407293,0.013957880279272139,0.0694512059933825,0.01035061615352384,0.02067434494568321
2017-07-06,87.65,0.00045636052481445866,0.0019395322304618379,-0.00422133485453513,-0.00319452367370221,0.1744629901268242,-0.003034797490016894,0.12073674182280092,0.005944095835710872,0.09998302321696628,0.009920136908157628,0.26826143740263375,0.007613614755657361,0.20940472294233636
2017-07-09,87.09,0.006200482259731244,0.008956252152945154,-0.0022964749110115923,0.006430129750832458,-0.039984908044363277,0.004891491560454986,-0.03540684059131183,0.010827879205420388,0.06730252388875124,0.016299230680905108,0.19356156524713164,0.01453285872851895,0.16253861355134647
2017-07-10,86.77,0.005301371441742697,0.007836809957358692,-0.005358995044370096,0.0036879105681688618,-0.08260421736909906,0.008459144865737622,-0.13954192004324173,0.011870462141293947,-0.07953396636230081,0.019430678806039214,0.05779854648364746,0.018362721370674073,0.07215121265089697
2017-07-11,86.96,0.0032198712051518807,0.005807267709291741,-0.0014949402023918257,-0.0021849126034958477,0.3346540881797013,0.0040248390064401285,0.25042106203959014,0.00668123275069088,0.2619956107416823,0.0163580956761733,0.3885970488512427,0.015953695185526584,0.44239298468422694
2017-07-12,86.7,0.0008073817762397351,0.0040369088811995635,-0.0023068050749711633,0.0029988465974624123,-0.1971376965326278,0.0053979238754329195,-0.018094765834558046,0.007797001153403205,-0.001581620593110511,0.018771626297577892,0.09608832351373686,0.01883121876201499,0.15669792885551903
2017-07-13,87.1,-0.0016073478760045834,0.0021239954075775724,-0.004247990815154923,-0.004592422502870175,0.190276504450402,-0.0007577497129732658,0.1429411863646679,0.001251435132032963,0.20092758668219335,0.013094144661309093,0.29661931308693656,0.013620359739763277,0.34258151643442414
2017-07-16,87.55,-0.005482581382067475,0.004054825813820662,-0.009251856082238774,-0.0051399200456881955,-0.12433455734039844,-0.0071501998857792515,-0.020758310537421054,-0.003769274700170522,-0.016220073371562727,0.006584808680754062,0.11178467843083006,0.008018275271273856,0.16497754074237303
2017-07-17,88.64,-0.011620036101083087,0.0013537906137184308,-0.013312274368231125,-0.012296931407942302,-0.30234112043147765,-0.018321299638988986,-0.3202552450081443,-0.015568592057760844,-0.3249008408080277,-0.006983303249097461,-0.2819254431770656,-0.004768351383874547,-0.19128486274204182
2017-07-18,88.35,-0.005432937181663711,0.0006791171477080749,-0.008545557441992035,0.003282399547255288,0.24714754857938304,-0.010865874363327421,-0.09717950322508917,-0.011318619128465546,-0.09337703353040927,-0.004414261460101709,-0.08576027757935567,-0.0015393322014710664,0.027327502054306452
2017-07-19,88.6,-0.0031602708803611934,0.008013544018058871,-0.0032731376975168036,-0.0028216704288939187,-0.17528924163322634,-0.010519187358915993,-0.21058564259051127,-0.013340857787809468,-0.2381049944520729,-0.007945823927765217,-0.2437230873377143,-0.00452595936794542,-0.15501478440680183
2017-07-20,88.61,-0.005078433585374187,0.0007899785577250018,-0.009028326373998419,-0.0001128540796749844,0.2748119786346277,-0.006342399277733501,0.07062863230051497,-0.012064101117254422,-0.006922503806621294,-0.00850919760749358,-0.00858637609312407,-0.0047022533197905725,0.09180208416082802
2017-07-23,88.18,0.0041959628033567675,0.004762984803810211,-0.0023814924019053274,0.004876389203900988,-0.0785350055771199,0.0019278748015425506,0.023216200380321128,-0.006157858924925375,-0.07567951699143172,-0.003912451803130157,-0.07694927513565508,0.0004384970136843691,-0.004676374950568052
2017-07-24,89.14,-0.00527260489118242,0.0006730984967466824,-0.006730984967466824,-0.01076957594794703,-0.08355362373148933,-0.0074489566973297006,-0.03348658353899514,-0.015638321741080707,-0.14041453801372494,-0.015335427417545455,-0.1731361585275214,-0.010328322488968311,-0.10505327210417748
2017-07-25,89.3,-0.0033594624860021627,0.0013437849944009095,-0.004815229563269741,-0.0017917133258678053,-0.03143133607615867,-0.008107502799551747,-0.08464407554443487,-0.014748040313548927,-0.15413992073218463,-0.01722284434490473,-0.1819944945034484,-0.011765584173198507,-0.13843487688461908
2017-07-26,90.68,-0.004300838112042404,0.0007719453021612921,-0.018526687251874785,-0.015218350242611534,-0.3699147222306638,-0.021107190119100006,-0.40559675095549397,-0.027161446846051374,-0.4434779013374255,-0.031798632554036144,-0.4764414920665352,-0.02634906631377698,-0.45543449982510154
2017-07-27,90.21,0.0038798359383660497,0.00875734397516914,-0.002771311384547115,0.005210065402948771,0.8067676164180995,-0.011395632413257584,0.19789476119571026,-0.017680966633410233,0.09740335089654151,-0.02547389424675739,-0.0034285648183072226,-0.020448582936111626,0.010543383035925391
2017-07-30,90.82,-0.006716582250605563,0.0027526976436909045,-0.006716582250605563,-0.006716582250605563,-0.21671421362721333,-0.014512221977537654,-0.050919642531256026,-0.02085443734860093,-0.12051415037873792,-0.03024664170887459,-0.2320749596529349,-0.026723188724950053,-0.21232657398221133
2017-07-31,91.1,-0.0007683863885838971,0.006915477497255962,-0.004171240395170139,-0.0030735455543359214,-0.0954091775812127,-0.011745334796926188,-0.10375196095872452,-0.020274423710207712,-0.17431912638531222,-0.03121295279912195,-0.2951523553381311,-0.02929015733626006,-0.3106453424875717
2017-08-01,91.04,-0.000768892794376197,0.0028009666080843765,-0.005601933216168753,0.0006590509666080102,0.2084832506073655,-0.006788224956063016,0.13596560861693097,-0.016926625659050343,0.014126427451944368,-0.02872913005272415,-0.11294385395213791,-0.028196397188049005,-0.1510440659824812
2017-08-02,90.86,0.0,0.009795289456306477,-0.0004402377283734271,0.001981069777680089,0.11760459375549615,-0.0009905348888397114,0.27519352698089183,-0.012018489984590985,0.15146847873947378,-0.024950473255558103,0.008477634006363921,-0.025753907109839047,-0.0434406224130397
2017-08-03,90.67,0.00022058012573067387,0.004521892577478814,-0.001544060880114717,0.0020955111944414018,0.10106823039908042,0.0014999448549688488,0.2435318437313676,-0.007455608249696044,0.2528745806556614,-0.020982684460130296,0.11361404474986303,-0.023175618543435528,0.06610553225220994
2017-08-06,91.44,-0.008420822397200323,0.001312335958005395,-0.010061242344706955,-0.008420822397200323,0.16233397201634525,-0.0059273840769898944,0.43291669277404865,-0.013560804899386936,0.4584502112602702,-0.027575459317585538,0.301201471698068,-0.030803441236511797,0.24773757750899272
2017-08-07,91.58,-0.0019654946494866987,0.0039309892989736195,-0.0038217951517798276,-0.0015287180607119755,-0.10884753549109416,-0.006093033413408611,0.1764962203827436,-0.01150906311421629,0.27852639650406963,-0.026687049574142807,0.15650012545672554,-0.03154982892916913,0.08957200021647438
2017-08-08,91.92,-0.004351610095735481,0.00021758050478681845,-0.004351610095735481,-0.0036988685813751365,0.009061985292890595,-0.008724978241949177,0.0781035756460089,-0.01251087902523862,0.26958234515250545,-0.027670800696257714,0.1650481854227679,-0.03432695097185945,0.10692131212589762
2017-08-09,91.74,0.001308044473512071,0.002834096359276339,-0.0005450185306300481,0.0019620667102682177,-0.12074433677381491,-0.004861565293219461,-0.10239715631734891,-0.00771746239372062,0.09397459239602046,-0.02305973403095718,0.033827178121440316,-0.03122956180510117,-0.02467024598759493
2017-08-10,91.34,0.0065688635865994716,0.008101598423472689,-0.0005474052988833078,0.00437924239106624,-0.10657107077956018,0.0014232537770970666,-0.20017893218055938,-0.0022115174074877064,-0.08958106978157698,-0.01602255309831413,-0.07008124682491934,-0.02575724399678858,-0.12173779787025507
2017-08-13,91.65,-0.0012002182214948531,0.003273322422258529,-0.00436442989634489,-0.0033824331696672427,0.3141145782586645,-0.0005019094380792621,0.0980855215459866,-0.004353518821603175,0.21411561557500858,-0.01703764320785628,0.2453261304062242,-0.027470449172576572,0.14777909335834738
2017-08-14,92.2,-0.003145336225596651,0.0017353579175705125,-0.003470715835141025,-0.005965292841648595,0.019833548563574332,-0.006008676789587386,0.13449325935155865,-0.009392624728849497,0.1921546499177491,-0.020677874186551093,0.27163709045488527,-0.03164497469269678,0.1663126450348309
2017-08-15,92.44,-0.001622674167027216,0.0055170921678926454,-0.002704456945045397,-0.0025962786672435456,-0.3354422529468214,-0.007247944612721158,-0.2543468283097726,-0.010774556469060226,-0.25003486270596864,-0.021294893985287833,-0.1687329044689042,-0.0325508437905665,-0.21786233068508998
2017-08-16,92.07,0.0035842293906811484,0.00651678071032924,0.0,0.004018681438036298,0.39463334010322915,-0.00212881503204021,0.12369307159515097,-0.005278592375365543,0.05989262128035078,-0.015140653850331143,0.1764448679520132,-0.026936026936026702,0.10825158100413912
2017-08-17,92.47,-0.005299015897047621,0.0033524386287444585,-0.006704877257488917,-0.004325727262896151,-0.16193900464960131,-0.005731588623336892,-0.076667887465797,-0.008272953390287774,-0.1220460622771895,-0.017524602573807613,-0.025615469109673494,-0.02945099311488375,-0.07282134798135786
2017-08-20,92.86,-0.005169071720870222,0.0010768899418478473,-0.00538444970923968,-0.004199870773206937,0.5723623359769285,-0.007473616196424171,0.43893419466474404,-0.010499676933016455,0.4033102350396538,-0.019572474693086317,0.544776709444845,-0.03179697034963003,0.47072609084354733
2017-08-21,92.79,0.0012932428063368029,0.001832093975643767,-0.00215540467722819,0.0007543916370298387,-0.08394222445404809,-0.0041168229335052375,0.27316495729096935,-0.008222868843624331,0.2712054945185005,-0.016311024894924087,0.3953675242288366,-0.02899378524984708,0.34006932609004403
2017-08-22,92.44,0.0006490696668108864,0.002427520553872853,-0.0017308524448290674,0.003786239723063689,0.3027217954813961,0.0009303331890964106,0.6276328168299401,-0.0031588057118120405,0.6314707034675449,-0.010612289052358337,0.7897470327371505,-0.023146545506995242,0.7355756384845185
2017-08-23,92.27,0.0018424189877532804,0.003251327625447109,-0.00249268451284268,0.0018424189877532804,-0.2980078934347651,0.002774466240382356,-0.024927095896341567,-0.0007586431126033188,0.1077664130871756,-0.007087894223474556,0.22396463416519774,-0.01936707488891276,0.2135753741843709
2017-08-24,92.51,0.0015133499081181334,0.0037833747702951115,-0.0010809642200844127,-0.002594314128202435,0.0488207881359386,0.0006053399632477419,0.0008794094889545967,-0.002778078045615806,0.13824575828138297,-0.008804453572586857,0.2237634254278713,-0.01990415450581895,0.2709645536743115
2017-08-27,92.47,0.0005407159078620882,0.0025478533578457974,-0.0053530874878339185,0.000432572726289715,-0.08420171505544827,0.0011246890883538363,-0.15327747422887106,-0.0010814318157230662,0.002281623005624178,-0.007132042824700036,0.10953948540910785,-0.017530009732885987,0.1661450745126345
2017-08-28,92.32,0.0017331022530331364,0.004007798960138809,-0.0008665511265164572,0.001624783362218496,0.4652430185597789,0.0019064124783370051,0.2979008416925464,0.0014298093587532534,0.4682625086262402,-0.004625216637781593,0.592435334820524,-0.0141572790294624,0.7101252179624546
2017-08-29,91.87,0.0022858386850983514,0.0022858386850983514,-0.0022858386850985735,0.004898225753782404,-0.21959328146165125,0.005790791335583689,-0.031912271715172635,0.006465657994993768,0.1115102191232904,0.0009143354740392962,0.18982616695894294,-0.007993178767098041,0.30758235406127343
2017-08-30,92.27,-0.0041183483255662345,0.0013005310501787992,-0.004660236263140716,-0.00433510350059596,-0.1967515233362236,0.00019507965752763035,-0.18559897145497684,0.0014847729489548822,-0.1626803385400014,-0.002974964777284095,-0.06522266243449037,-0.011022000650265151,0.042937128082444875
2017-08-31,92.53,-0.0011888036312547312,0.0014049497460282279,-0.0029179725494433706,-0.0028098994920566778,0.18220379214273064,-0.0026153679887597203,-0.009366321213546969,-0.0011131524910833468,-0.007032592575569985,-0.005014589862747165,0.09956404610530178,-0.012478835692927959,0.22341584335050624
2017-09-04,92.72,-0.0058239861949955785,0.00021570319240726832,-0.007333908541846346,-0.002049180327868827,-0.24057188757282588,-0.004616048317514276,-0.24683842011404133,-0.0030953408110433456,-0.2743024432989044,-0.006050474547023343,-0.17157459217754278,-0.0130931837791195,-0.07475281272307777
2017-09-05,92.72,0.0007549611734254391,0.002049180327868827,-0.0038826574633304967,0.0,-0.031862233264213,-0.004076790336496217,-0.2368795345843363,-0.0032463330457283,-0.264850879027409,-0.005360224331320218,-0.18669988156521267,-0.011461029623238028,-0.10260261099969814
2017-09-06,92.97,-0.0024739163170915957,0.004194901581155319,-0.006883941056254672,-0.002689039475099464,-0.12775958376570418,-0.005894374529417323,-0.25497766064318683,-0.0060019361084213685,-0.33271629540410763,-0.007421748951274565,-0.2833433241319737,-0.012835681761141249,-0.21734167363566337
2017-09-07,92.84,-0.0008616975441619878,0.0033390779836277584,-0.0035545023696682554,0.0014002585092631747,0.27435398056307503,-0.0021327014218001095,0.049082024402908875,-0.004039207238258569,-0.08204410605697166,-0.005466393795777735,-0.06891297930049223,-0.010135717363205288,0.0014927056617664025
2017-09-10,93.99,-0.009575486753909845,0.0021278859453133236,-0.011596978401957503,-0.012235344185551611,-0.40356993611617764,-0.013129056282582319,-0.37025755447300246,-0.015618682838599018,-0.44369794154311404,-0.017049686136823117,-0.4459891596865637,-0.02148100861793767,-0.41911869402681634
2017-09-11,93.51,0.002245749117741447,0.005026200406373693,-0.003208213025345019,0.00513314084055172,0.7532753167991495,-0.004940648059030273,0.2838481789669276,-0.008982996470964788,0.06569511137541428,-0.010587102983638186,-0.0021101481502664443,-0.015110683349374265,0.041642626142836425
2017-09-12,93.55,-0.0005344735435595105,0.002351683591662157,-0.001068947087119132,-0.000427578834847564,0.081079540830304,-0.003677177979689028,0.3608474715477301,-0.008295029396043985,0.15988848725311877,-0.010016034206306923,0.08258116176555763,-0.014573311954391266,0.1134902438141645
2017-09-13,93.55,-0.003420630678781289,0.001068947087119243,-0.0039551042223409105,0.0,-0.022537539355225067,-0.0019027258150712267,0.2800159104789801,-0.0069802244788874646,0.16456987549231017,-0.009294494922501562,0.0588730684196106,-0.01370033849991048,0.06841405838271974
2017-09-14,93.27,0.0058968585826095765,0.0058968585826095765,-0.0048247024766806534,0.0030020370966012955,-0.5580319884901745,0.0023373003109261603,-0.47035421017870016,-0.0021979200171536872,-0.4790015602983756,-0.0057253136056611975,-0.5419576285620933,-0.009842393052427845,-0.53228627949844
2017-09-17,93.15,0.00021470746108431804,0.0037573805689747886,-0.0031132581857220565,0.0012882447665054642,1.0119198122018913,0.004551798174987631,0.27147238340236135,0.00016103059581373813,0.15446734366102066,-0.003800322061191963,-0.02408673910573156,-0.007704419395240247,-0.02653957833484255
2017-09-18,94.17,-0.008813847297440836,0.002973346076245109,-0.008813847297440836,-0.010831474992035628,-0.06217386822701365,-0.008112987150896367,0.0709829727201916,-0.010013804821067618,0.10116421822571553,-0.014229584793458816,-0.08960200860662249,-0.01757459912923387,-0.08527795526703874
2017-09-19,94.4,-0.002436440677966112,0.002860169491525344,-0.006038135593220417,-0.002436440677966112,0.10865140689983188,-0.009131355932202379,0.21368515071744842,-0.01088983050847403,0.2217339335450692,-0.01593750000000005,0.028272268403503942,-0.019004237288135273,0.022948808594739356
2017-09-20,92.64,0.01629965457685678,0.020077720207253957,-0.0021049222797928646,0.01899827288428324,-0.366339382191453,0.011528497409327265,-0.2187298037828861,0.00971502590673623,-0.2344256265173158,0.0036269430051814044,-0.34197154644953964,0.0006476683937828298,-0.3506663605195657
2017-09-21,92.24,0.003360797918473546,0.00823937554206422,-0.0017346053772766545,0.004336513443191636,0.37123181118303217,0.013941890719862071,0.1848856987051708,0.013735906331310277,0.0737819417071659,0.00808759757155264,-0.05568593426427049,0.005247181266262224,-0.09107111390001965
2017-09-24,92.72,-0.0031276962899050575,0.00399050905953402,-0.004206212251941288,-0.0051768766177739955,0.06244783467686554,0.006471095772218272,0.0851501833049837,0.007840811044004026,0.15277127987833938,0.002852674719585835,0.01621334754861059,0.00022289329882130282,-0.03172129666860779
2017-09-25,92.65,0.0018348623853210455,0.0021046950890446503,-0.004856988667026441,0.0007555315704261822,0.31744873452609745,0.006303291958986268,0.44021514704109377,0.007231516459795362,0.44213969656136864,0.003723691311386945,0.3541934411552128,0.0014750854470231278,0.27116771465254064
2017-09-26,90.87,0.018157807857378527,0.018157807857378527,-0.005832507978430712,0.019588423021899448,-0.49276088810293794,0.022669747991637346,-0.30480630930561103,0.02601518653020851,-0.2780360221156698,0.023484098162209754,-0.3157022719841983,0.02145922746781137,-0.3569899622701299
2017-09-27,90.89,-0.0003300693145560363,0.0025085267906259645,-0.0028606007261525734,-0.00022004620970395017,0.9263180463695035,0.014677082187260382,0.48675486476578156,0.022840796567279664,0.4759728681542621,0.02246121685553959,0.37772725990878575,0.02074669013826269,0.26756122795722526
2017-09-28,90.98,-0.0001099142668719022,0.0049461420092329345,-0.0030775994724114852,-0.0009892284018465647,-0.24640026985541397,0.009826335458343438,-0.011521548039207352,0.018905253901957186,0.10485674933952938,0.02091118927236768,0.04043400690675525,0.01916904814244913,-0.05966598057314332
2017-10-01,91.77,-0.005557371690094737,0.006864988558352492,-0.0057753078348044,-0.008608477716029128,-0.09145928477038845,-0.0016127274708499506,-0.10750143443043858,0.007638661872072294,-0.0755398593641946,0.011419853982783224,-0.04945073981006631,0.009999636773092346,-0.1414546425563672
2017-10-02,92.12,-0.0017368649587495844,0.0023881893182804426,-0.006079027355623157,-0.0037993920972645423,0.23559072507063683,-0.007468519322621714,0.13207791520005596,0.002312201476335707,0.16128685998657555,0.00716456795484155,0.19430162656939265,0.005908959328412511,0.0635592879549356
2017-10-03,92.42,-0.003246050638389897,0.004057563297987343,-0.004328067517853307,-0.003246050638389897,-0.03754477690811875,-0.011837264661327729,0.12295038318790263,-0.0031594892880321135,0.10666047195435202,0.003570655702229253,0.14439709115590826,0.0023768304118878536,0.032181986447519684
2017-10-04,92.03,0.004998370096707561,0.006736933608605833,-0.0009779419754428753,0.004237748560252053,-0.11169654140454666,-0.0042812126480484824,-0.10346898188652343,-0.0010866021949357263,-0.014070405551157905,0.007660545474302172,0.012185492149129562,0.006490637111087105,-0.07631425990732632
2017-10-05,92.33,-0.003574136250406146,0.0002166143182062985,-0.004873822159644825,-0.003249214773096476,0.31871532891273,-0.005047113614208731,0.2552542864337328,-0.004992960034657656,0.2531586457387469,0.003877396295895341,0.32693858591562197,0.0030723130798948617,0.2389404159640247
2017-10-08,92.12,0.003039513677811634,0.005427702996092076,-0.002062527138514958,0.0022796352583585033,0.018071619951416373,0.00015197568389169192,0.2238495976359216,-0.002627008250107865,0.24480781764777615,0.005889057750759985,0.34287845878127854,0.005380662903459399,0.2617715801513336
2017-10-09,91.62,0.008185985592665368,0.01549879938877985,-0.019209779524121395,0.005457323728443653,-0.6993351008233053,0.006374154114823005,-0.6571806518473742,0.002161100196464316,-0.63324621426491,0.01035800043658619,-0.6109242716344487,0.01072546023430121,-0.6202091811379811
2017-10-10,91.46,-0.0040454843647494965,0.0029521102121146114,-0.004264159195276673,0.0017493986442160825,1.4067018203720791,0.0070413295429707645,0.1402902949184337,0.0027881040892201447,0.05468145666866886,0.011092280778482788,0.015936364410569226,0.012183832640863201,-0.03096663227370977
2017-10-11,92.15,-0.008030385241454274,0.0016820401519261896,-0.008247422680412453,-0.007487791644058772,0.18893728946348776,-0.002582745523601937,0.38831764106541566,-0.004080303852413869,0.2119190336786574,0.002387411828540742,0.22247414246967456,0.004293724000723476,0.17127619065441357
2017-10-12,93.04,-0.0036543422184007746,0.00505159071367145,-0.004836629406706816,-0.009565778159931204,-0.1396965813292671,-0.011865864144453231,0.16769980577433263,-0.012252794496989905,0.05677859366357452,-0.007953568357695229,0.05523312542332337,-0.005212811693894981,0.013758542652025696
2017-10-15,93.14,-0.0018252093622503907,0.0024694009018682017,-0.004616706033927498,-0.001073652566029537,0.6726323599631276,-0.01140219025123379,1.0355870539374394,-0.011101567532745715,0.775348514363009,-0.009142151599741855,0.6992334751706206,-0.006005296685992145,0.7043990636719428
2017-10-16,92.8,0.002586206896551868,0.0031250000000000444,-0.004310344827586077,0.0036637931034482207,-0.21762028787149734,-0.005581896551723253,0.5553627625551107,-0.006002155172413093,0.3298685206998635,-0.005517241379309867,0.31046135698164945,-0.002144396551723937,0.3284616242190579
2017-10-17,92.77,0.0001077934677158332,0.0019402824188854417,-0.008192303546404989,0.0003233804031474996,-0.28160824169408993,-0.0027163953864386414,-0.20181401918261976,-0.004947720168157033,-0.05266104254684312,-0.005934030397757417,-0.06716404739871396,-0.0017929646796734922,-0.0511218915449736
2017-10-18,91.59,0.0012010044764712013,0.004367289005349884,-0.004913200131018702,0.012883502565782301,-0.13803485142988337,0.012992684790916975,-0.3053699148207394,0.008254176220112042,-0.16875821993784323,0.005983185937329827,-0.18743439046689303,0.011085635258580195,-0.1795652786874642
2017-10-19,88.25,0.01665722379603407,0.019376770538243493,-0.0074787535410764105,0.03784702549575081,-0.5707035203520352,0.05006232294617674,-0.6757945094509451,0.04591501416430677,-0.6347889588958895,0.0434617563739379,-0.6531478547854785,0.04883097261567548,-0.6463740874087409
2017-10-22,87.3,0.015234822451317243,0.017869415807560074,-0.004925544100801704,0.010882016036655173,0.49695780267733736,0.050515463917526926,-0.31943811459070504,0.05262313860252088,-0.34283878831902814,0.05253150057273803,-0.43152288246493364,0.05849179075983235,-0.43588431470976496
2017-10-23,86.98,0.00448378937686833,0.00505863416877439,-0.0022993791676247932,0.003679006668199536,0.15973871120504235,0.040951942975397726,-0.05099300246417782,0.05095424235456503,-0.16659126985677208,0.05328811220970353,-0.3106656275189241,0.059822181344370895,-0.33656610141485854
2017-10-24,86.86,0.0004605111673958717,0.002878194796223754,-0.006677411927239252,0.0013815335021873931,0.27645311508922377,0.028989177987567283,0.3488352074650265,0.04706424130785236,0.0016797041045322203,0.051479392125259205,-0.08334247719593435,0.05878041292501379,-0.1320506734359692
2017-10-25,87.5,-0.003542857142857181,0.003085714285714136,-0.004571428571428671,-0.007314285714285718,0.44758754604784556,0.007954285714286913,1.0046659571174548,0.03414857142857208,0.4806329317990601,0.0414971428571429,0.3220728087321072,0.04848761904761956,0.27597511284211884
2017-10-26,87.04,0.005629595588235281,0.005629595588235281,-0.006778492647058876,0.005284926470588092,-0.16141768454883054,0.0038832720588246605,0.6178255499980427,0.034271599264706465,0.24498204932189105,0.045053998161764586,0.11696743642470975,0.05171185661764732,0.07333171374350655
2017-10-29,86.27,0.007418569607047676,0.009389127158919708,-0.001275066651211354,0.008925466558479256,0.3799558761971853,0.010038251999537673,0.7660808429001422,0.03654804682972146,0.7268770761344432,0.052098064216993256,0.5487845627947425,0.05869170433909088,0.450243002670879
2017-10-30,86.34,0.0017373175816537412,0.0018531387537641386,-0.007180912670836315,-0.0008107482047718939,-0.24328313993007222,0.006833449154506566,0.11246168210619856,0.027750752837619297,0.3240049006449306,0.048059995367153,0.15853853238832127,0.055177206393328904,0.0937216128957794
2017-10-31,86.89,-0.006444930371734436,0.002877201058810064,-0.008976867303487235,-0.006329842329381941,0.4572262142011465,-0.0010127747726998981,0.440978336873167,0.013810565082288617,0.966279686704254,0.03809989642076195,0.7006253592371645,0.04549430314190395,0.5974284077517171
2017-11-01,86.51,0.0031210264709282676,0.006126459368859027,-0.0032366200439255532,0.004392555773898854,-0.02706806328600664,0.0034446884753218665,0.23711843303324986,0.011466882441336868,0.8629757264499724,0.03946364582129225,0.6420922065900485,0.047193002735714806,0.5471767489805364
2017-11-02,86.58,0.002310002310002446,0.006699006699006693,-0.001386001386001423,-0.0008085008085007006,-0.01670763662696828,0.0003465003465015215,0.16895213965805334,0.004781704781705365,0.7620614512197676,0.03543543543543537,0.5961355891909803,0.04398629398629428,0.49289656020090655
2017-11-05,86.05,0.005810575246949501,0.006856478791400278,-0.00023242300987791342,0.0061592097617664265,-0.015472236558720986,0.005438698431145861,0.06112354750166715,0.009029633933760328,0.4476984537210429,0.03847181871005234,0.5701332931290135,0.04822390083284955,0.4586698693880158
2017-11-06,86.98,-0.010807082087836206,0.00022993791676251263,-0.017935157507472987,-0.010692113129455172,-0.24556583446034097,-0.00581742929408946,-0.2052782358695927,-0.0031961370429975933,-0.026673602769864413,0.02387905265578283,0.18483689345581134,0.03446002912546997,0.09441266972871443
2017-11-07,87.58,-0.006736697876227438,0.0002283626398720262,-0.008906142955012575,-0.006850879196163451,-0.005082011433440337,-0.011166933089745146,-0.2163768172988092,-0.010025119890385126,-0.09882331421585544,0.014215574332039349,0.10464704201986152,0.025215041485880274,0.09844883218991218
2017-11-08,87.78,-0.00489861016176818,0.004440647072226023,-0.005468215994531844,-0.0022784233310549906,0.308755648652846,-0.01184780132148433,0.10227188533376763,-0.011460469355205394,0.1393821235525623,0.009694691273638645,0.44376664292938295,0.021629832156148554,0.42042248577341246
2017-11-09,88.16,-0.0019283121597096775,0.002608892921960093,-0.004310344827586188,-0.004310344827586188,-0.26952471418187496,-0.013225952813065822,-0.18765811340530514,-0.015403811252267863,-0.18090762040552844,0.002864110707804013,0.049759206928199795,0.016050362976407273,0.038875401586951464
2017-11-12,89.0,-0.0037078651685392705,0.004606741573033757,-0.004157303370786569,-0.009438202247191052,0.05148498547337921,-0.01898876404494232,-0.08410861012854298,-0.023438202247190176,-0.14173018365861367,-0.009342696629213498,0.10577964864954503,0.005404494382023062,0.0952399302365321
2017-11-13,88.87,-0.0014628108473051515,0.0019691684482952,-0.00450095645324633,0.0014628108473049295,0.3651492617786065,-0.010914819399120979,0.31734942902948604,-0.018937774277033137,0.2011996507232876,-0.010222797344435874,0.5365130991675386,0.00583624020104323,0.49233097854209484
2017-11-14,88.23,0.005667006687067877,0.00804714949563623,-0.0026068230760513122,0.007253768559446927,-0.24711516566370217,0.0005440326419599018,-0.06319643785998286,-0.008953870565566513,-0.12678644129730865,-0.005270316218973337,0.15471993121162075,0.011904492047301263,0.11919443178144329
2017-11-15,89.25,0.006610644257703191,0.007282913165266081,-0.005366946778711523,-0.011428571428571344,-0.07180297574208983,-0.009434173669466306,-0.1366211788059839,-0.01877871148459309,-0.16446420710623155,-0.01918207282913187,0.06686922300191012,-0.0012250233426698287,0.04136619291419663
2017-11-16,88.43,0.005880357344792531,0.007463530476082836,-0.003957932828225763,0.009272871197557375,0.21246302195184863,0.0030758792265084267,0.111620374241993,-0.006581476874363168,0.04981284871597147,-0.011410154924799465,0.2819348489740878,0.0069885785366960995,0.26426063618592455
2017-11-19,88.27,0.0018126203693216159,0.0032287300328539548,-0.006344171292624878,0.0018126203693216159,0.2063835246383825,0.00550583437181551,0.2888660501979361,-0.0026849439220566484,0.2834563929636984,-0.009516256938937429,0.4038540189487607,0.007341112495752311,0.5299259612312432
2017-11-20,88.72,-0.006086564472497669,0.005522993688007238,-0.007889990982867467,-0.005072137060414872,-0.2049755497533189,-0.0012398557258775922,-0.038192574761625964,-0.005241208295761135,0.016175184512579044,-0.013993462578899885,0.04805333237794929,0.0007852419597240701,0.2151303892119496
2017-11-21,88.33,0.0019246009283369059,0.006566285520208215,-0.0030567191214762035,0.004415260953243516,0.03152647068566927,0.002830295482849854,0.030781283216018807,0.0011207970112085963,0.03691364804757846,-0.008655043586550448,0.036792074817061815,0.004109589041096262,0.19279325276061798
2017-11-23,88.45,0.0015828151498020748,0.005765969474279098,-0.00033917467495758746,-0.0013566986998304609,1.7335109841829768,0.0016958733747893806,1.7556507213197854,0.0006105144149244346,1.7933159322869954,-0.009169022046353947,1.7654341911448515,0.001567740719804478,2.2436961023749427
2017-11-26,88.96,-0.007081834532374098,0.0015175359712231717,-0.009105215827338031,-0.005732913669064699,-0.6455665354349758,-0.005845323741005659,-0.1848528199760332,-0.004372751798560337,-0.05967046383763175,-0.01431542266187047,-0.05238827430595305,-0.005560551558752569,0.12931263302597906
2017-11-27,89.4,0.0008948545861298118,0.0013422818791946067,-0.005480984340044848,-0.004921700223713743,0.2806762215338958,-0.009552572706933882,0.054563747631869663,-0.008378076062638962,0.18302468804297622,-0.018092841163311002,0.20084205469028182,-0.011976137211036186,0.44107438965648593
2017-11-28,89.38,0.00022376370552712466,0.004810919668829738,-0.003915864846721795,0.00022376370552712466,-0.0615715656129332,-0.0068024166480182835,-0.013661274106075538,-0.007708659655403016,0.07077916527186079,-0.016122174983217552,0.12161511844979889,-0.013149847094800715,0.3567526474499716
2017-11-29,89.99,-0.007111901322369163,0.0042226914101568536,-0.008667629736637372,-0.006778530947883055,-0.47303193960944057,-0.012068007556393923,-0.5014248508708932,-0.013868207578618952,-0.4344723757603033,-0.02110234470496708,-0.4189550783773699,-0.02110604882023881,-0.28556959152327466
2017-11-30,90.36,-0.0019920318725098474,0.00188136343514822,-0.013722886232846343,-0.004094732182381655,0.23092129929873995,-0.012439132359449823,-0.29116588909545327,-0.01595838866755117,-0.26488197874669417,-0.023395307658255704,-0.2539457223189384,-0.026139884904824773,-0.11057581510024606
2017-12-03,91.41,-0.013565255442511748,0.005469861065528825,-0.017284760967071433,-0.011486708237610777,-0.11672132880754793,-0.019603982058854275,-0.24605719601208476,-0.026047478394047863,-0.34238259411727867,-0.03250738431243838,-0.32474452501242734,-0.0377748605185424,-0.2167289732150327
2017-12-04,91.4,0.0013129102844637863,0.004814004376367587,-0.0036105032822758565,0.00010940919037194519,0.03701113723484939,-0.01413566739605987,-0.1535631953573836,-0.022680525164112897,-0.28278673297988544,-0.029759299781181636,-0.27730753705357625,-0.03651714077315804,-0.2299425757621999
2017-12-05,91.25,0.00273972602739736,0.0058082191780821635,-0.0019726027397261037,0.0016438356164383272,0.2887646388037557,-0.008131506849313741,0.2048962766087712,-0.017643835616437564,-0.019922769424267628,-0.025232876712328545,-0.04267366304380249,-0.03343561643835591,-0.030711757464862877
2017-12-06,90.1,0.010543840177580588,0.010710321864594974,-0.002330743618201958,0.012763596004439659,-0.07378768024573301,0.008679245283020443,0.15938858733755668,-0.0022974472807982815,-0.08480283015288481,-0.010421753607102957,-0.11425870703122631,-0.019519052904180212,-0.1241442629393199
2017-12-07,90.37,-0.0038729666924864903,0.0,-0.008741839105898097,-0.0029877171627753496,0.23640319305977764,0.005909040610823757,0.3479505420773925,-0.003319685736416167,0.1530905932554134,-0.011984065508465203,0.09822665013423393,-0.021253365792482715,0.07299572156731782
2017-12-10,90.23,0.0,0.0011082788429568335,-0.005320846725036077,0.0015515903801397446,0.2115422790907624,0.007491964978389998,0.547845148546821,0.0003546492297470394,0.47291856118639775,-0.009015848387454173,0.33676044745261224,-0.01867449850382341,0.29757295548372853
2017-12-11,89.85,0.006677796327212215,0.007345575959933237,-0.00033388981636062187,0.00422927100723447,-0.2596318064353832,0.009126321647191515,0.019484681470639753,0.005998887033946243,0.07000948308062904,-0.0036727879799663965,-0.028387624732240102,-0.01334075310703009,-0.052419079998881846
2017-12-12,90.88,-0.00946302816901412,0.005831866197183011,-0.01006822183098588,-0.011333626760563376,-0.08158640282161833,-0.005721830985913723,-0.12317248079138388,-0.004907570422534424,0.006762589444527123,-0.014497139084506783,-0.10986491763815343,-0.023210093896713357,-0.1242588955382391
2017-12-13,91.0,-0.0006593406593407014,0.004725274725274842,-0.001098901098900984,-0.0013186813186814028,0.2200657344575967,-0.007846153846152282,0.08359865661032084,-0.0045714285714277825,0.2621882170327037,-0.01469230769230756,0.10401382852904151,-0.02283516483516468,0.06859071812420647
2017-12-14,91.89,-0.003482424638154402,0.004135379257808269,-0.004461856567635203,-0.009685493524866695,-0.6324357333278074,-0.015496789639785069,-0.6195497777271244,-0.013113505278048998,-0.5607830523172486,-0.02272826205245393,-0.596824924828472,-0.030808575470671284,-0.605197686649928
2017-12-17,91.88,0.001088376142795111,0.01371353939921649,-0.0007618632999564223,0.0001088376142794889,1.150360188229575,-0.01208097518502238,0.08929224869528829,-0.01134087940792261,0.05211720464227598,-0.021185241619503525,-0.07415927948851242,-0.028751269772166577,-0.10195460795632283
2017-12-18,91.68,0.003490401396160525,0.0049149214659685025,-0.0010907504363002474,0.0021815008726002727,0.31203271396434307,-0.006326352530539592,0.5195302310436132,-0.00867146596858559,0.35209194265206056,-0.01716841186736462,0.22769089080782523,-0.02470549738219896,0.19184297500260716
2017-12-19,91.53,0.002949852507374562,0.004807167049055039,-0.001966568338249819,0.0016388069485415713,-0.18650487738617927,-0.000699224298042922,0.20977120205572986,-0.006740959248332956,0.056129682193450936,-0.013694963399977889,0.0038960792833768743,-0.021056848392148386,-0.02824264933189502
2017-12-20,91.67,-0.00010908694229305738,0.004472564634013354,-0.0015272171921021371,-0.0015272171921021371,0.4275575721714684,-0.0008072433729666706,0.7186624525666863,-0.007952438093159486,0.5118247516514733,-0.013668593869313739,0.44075439233923697,-0.020897421911930447,0.3876751634465643
2017-12-21,92.13,-0.00271355693042441,0.003275805926408415,-0.004450233365896006,-0.004992944751980866,-0.012057733702180773,-0.004341691088677435,0.6575702818999845,-0.01120156300879116,0.44453436399225166,-0.016780636057744047,0.4117296126085659,-0.024306233944788036,0.35705528443055945
2017-12-25,92.48,-0.0014057093425606793,0.0031358131487888574,-0.0035683391003460407,-0.0037846020761246324,0.4335244182516109,-0.0075908304498254475,0.7348229099103667,-0.013040657439445602,1.0426995246478565,-0.01851211072664327,1.063409059254973,-0.026430940023068006,0.9418735199271635
2017-12-26,92.1,0.004234527687296374,0.007057546145494031,-0.001845819761129075,0.0041259500542889516,-0.1975140576071951,-0.0021932681867518067,0.2063324235950812,-0.0065255157437560385,0.6059378191722193,-0.01255157437567822,0.6234923730700017,-0.020850524791892755,0.5287377599987031
2017-12-27,92.07,0.002498099272292942,0.0051048115564245045,-0.0017378081894210418,0.0003258390355165286,0.4230097871085938,-0.0009557945041798188,0.6255945500438878,-0.003758010209622187,1.2093227416681138,-0.010763549473226552,1.3008509899906238,-0.01940914521559678,1.1465983913747628
2017-12-28,91.88,0.003918154114061823,0.0063125816282108005,0.0,0.002067914671310289,-0.30859976465472916,0.0022855898998712654,-0.057036605046695166,-0.0004026991728333096,0.4323682106742768,-0.0072540269917281686,0.5660362496132216,-0.016220432448120548,0.4685903631134438
2018-01-01,90.65,0.014009928295642515,0.014120242691671336,-0.0011031439602868787,0.013568670711527675,-0.42495467362696315,0.016348593491452235,-0.4713450142312574,0.014131274131274907,-0.1962563227065781,0.007258687258687502,-0.1354626398899864,-0.0015296929582642171,-0.16581947635058047
2018-01-02,90.54,0.0020985199911640606,0.006074663132317193,-0.0002761210514690138,0.0012149326264634386,0.289129757067897,0.014314115308152742,-0.2284756235657509,0.013993814888447753,-0.10654769619707427,0.008642588910978688,0.11113834175578008,0.00019880715705777874,0.07737552674399661
2018-01-03,91.18,-0.0038385610879579923,0.006470717262557546,-0.006251370914674315,-0.0070190831322658465,-0.07259620099008335,0.0029392410616377873,-0.20756524902336027,0.005406887475324362,-0.19579969000585196,0.0010857644220225726,0.00563715659449282,-0.00605030342911439,-0.0012562143809871085
2018-01-04,91.24,0.00032880315651029335,0.0006576063130205867,-0.0073432704953967365,-0.0006576063130204757,0.06266508814000749,0.0002630425252099222,-0.08913203219172516,0.004197720298115826,-0.13400684588457001,0.0003068829460763922,0.048820256369402015,-0.005640800818354275,0.06915310386432028
2018-01-07,91.72,-0.008613170518970703,0.0005451373746183652,-0.008613170518970703,-0.005233318796336706,0.2240506633799575,-0.006781508940251202,0.2361004766921584,-0.0013737461840375165,0.03967705654370102,-0.00493349324029646,0.27570720514714786,-0.00992876871638293,0.30700642083689167
2018-01-08,91.05,0.004612850082372333,0.006589785831960571,-0.0004393190554639048,0.007358594179022626,-0.2668575041545539,0.00017572762218764915,-0.07825758807518579,0.00602965403624478,-0.23776432962890004,0.0032784184514007553,-0.08292559027244639,-0.0014021599853557554,-0.047541133527820856
2018-01-09,90.47,0.004863490659887226,0.004863490659887226,-0.005071294351718714,0.006410964960760435,0.009943952544436252,0.007472090195646874,-0.09739403856389095,0.011285509008511996,-0.2041329400435109,0.010086216425334582,-0.06811917479817331,0.00595777605836223,-0.015563484043317533
2018-01-10,90.15,0.002773155851358844,0.004104270660010956,-0.0025513033832501586,0.003549639489739187,0.20019584008026658,0.010892956184139324,0.10893929889909426,0.012645590682197172,0.012471367620826346,0.013804769828064556,0.13405881491521865,0.010086892216676135,0.18373830168452576
2018-01-11,89.61,0.004910166276085315,0.008146412230777944,-0.00290146189041407,0.006026113157013846,-0.32564091784270444,0.014685860953020713,-0.2732080123160183,0.01657181118178852,-0.3025214327641149,0.020081464122307935,-0.2419519241805913,0.016452776847822426,-0.19915285661899884
2018-01-15,90.22,-0.0008867213478164215,0.006096209266237995,-0.006429838173354074,-0.006761250277100395,-0.14314618936480594,0.004211926402130084,-0.33158339037020423,0.0069718465972077315,-0.348426347537671,0.012480602970516674,-0.3453435253529463,0.009665262691199494,-0.30339593603095283
2018-01-16,91.2,-0.007017543859649145,0.005811403508771962,-0.00844298245614028,-0.01074561403508778,0.13427053663040822,-0.009868421052629639,-0.13146894406700393,-0.0056688596491220045,-0.19959752150220622,0.001173245614035201,-0.23579886212262624,-0.001100146198830143,-0.21115627163206596
2018-01-17,90.18,0.0006653359946771076,0.00521179862497223,-0.005655355954757191,0.01131071190951416,0.08385171736219599,0.0016633399866952114,-0.014082954431816619,0.006187624750499943,-0.12226830513163178,0.012114659569749442,-0.22093885756809517,0.01050861240482015,-0.14331276593994635
2018-01-18,91.07,-0.008674645876798004,0.0020863072361920754,-0.009113868452838458,-0.009772702316898974,-0.17772289207319947,-0.008762490392004163,-0.16505943012605795,-0.004040847699570804,-0.25865246506180084,0.0012902163171188974,-0.357825819143867,0.00018300940668369847,-0.300209366845413
2018-01-21,91.89,-0.010991402764174651,0.0003264773098270446,-0.012188486233540186,-0.008923713135270517,0.08153921014574861,-0.01560561540972727,-0.007021101210203717,-0.013048209816083678,-0.16307582157761802,-0.007976928936772154,-0.2839833756230705,-0.008862045198969715,-0.24052690444629166
2018-01-22,89.05,0.008646827624929854,0.013026389668725491,-0.005053340819764163,0.03189219539584509,-0.5384048087927189,0.02090960134755937,-0.5358125143213399,0.019157776530040138,-0.5992410502888152,0.023862998315553163,-0.6649066102026905,0.02298708590679399,-0.6460176661047068
2018-01-23,88.31,0.00849280942135655,0.009625184010870758,-0.006907484996036661,0.00837957196240513,0.23873412120551718,0.026814630279698326,-0.30227891203634916,0.02467444230551541,-0.4117940635515007,0.03095912127731859,-0.5390213808566211,0.03116294870343128,-0.5362321900491237
2018-01-24,88.34,0.003848766130858161,0.008037129273262389,-0.0037197192664705225,-0.00033959701154628874,0.3442266048571856,0.019923024677384715,0.058566504508364314,0.02122481322164438,-0.13375336355155176,0.028446909667194875,-0.33496669672272383,0.03003546902120613,-0.3491932196115344
2018-01-25,87.73,0.0050153881226489005,0.0050153881226489005,-0.005699304684828488,0.006953151715490602,-0.020808278387393186,0.02282001595805494,0.09851197200110606,0.02589764048786125,-0.11092518934693618,0.03323834492191935,-0.3147619329925383,0.03647934951935894,-0.3441666000949418
2018-01-28,86.86,0.009555606723463006,0.010131245682707846,-0.0019571724614322328,0.010016117890858878,-0.015587151672915578,0.02537416532351111,0.11801039445800043,0.03338705963619715,-0.07314807802646495,0.0410718397421137,-0.2945204853485378,0.046047279146519626,-0.3402844962669831
2018-01-29,86.95,-0.001495112133410137,0.005635422656699252,-0.003680276020701645,-0.0010350776308223342,0.20936377576190157,0.012742955721681382,0.4147516273738454,0.029154686601496005,0.15789779137057458,0.036998274870615244,-0.10190148237170793,0.043423423423423646,-0.1864878960669164
2018-01-30,86.34,0.0054435950891822404,0.012392865415797871,-0.0030692610609219795,0.007065091498726028,-0.18129212331723843,0.015033588139913956,0.004167708448331808,0.03263840630067283,-0.050352017000860005,0.0414697706740792,-0.24219873220502064,0.04923171955833561,-0.32321264651065207
2018-01-31,85.85,0.0034944670937684386,0.007571345369831173,-0.003377984857309113,0.005707629586488183,0.3712775562353834,0.016237623762378472,0.29939715915302756,0.03287128712871379,0.3423974051133014,0.04490390215492135,0.06380785193028848,0.05306542418947835,-0.08790241430282808
2018-02-01,84.25,0.015548961424332264,0.016142433234421327,-0.0004747774480713396,0.0189910979228487,-0.32999772853697074,0.029626112759645995,-0.17077343238302933,0.04734718100890323,-0.09352882913164562,0.06196439169139456,-0.2765686367158412,0.07067853610286878,-0.3857756257434345
2018-02-04,81.06,0.03614606464347392,0.040833950160375165,-0.011843079200592244,0.03935356526030098,-0.26433341532001864,0.06155933876141351,-0.3745900641872709,0.08015050579817529,-0.3131978443705641,0.09948186528497405,-0.4491163677397759,0.10975820379965495,-0.5343882624081695
2018-02-05,82.38,-0.022456907016266014,0.0008497208060209704,-0.02464190337460548,-0.016023306627822254,-0.12494857335856935,0.030468560330179528,-0.39484415660558614,0.04969652828356508,-0.3548945935503851,0.07568584607914519,-0.48910363802459556,0.08773974265598472,-0.5749875532076778
2018-02-06,81.84,0.0056207233626588415,0.01893939393939381,-0.00024437927663745196,0.006598240469208205,0.6837415026598168,0.026099706744870277,0.19261311055806551,0.04847262952101783,0.09630415904766343,0.07707722385141724,-0.07610181080842104,0.0911331052460087,-0.24193425989862938
2018-02-07,80.22,0.0225629518823236,0.024931438544004036,-0.0008726003490400203,0.020194465220643387,-0.1880299205400079,0.03560209424083993,-0.030959060949288797,0.061580653203691105,-0.13237415774491024,0.09308775866367447,-0.23193494370716106,0.10889221308069508,-0.3686427918566205
2018-02-08,79.92,0.013263263263263214,0.01388888888888884,-0.016641641641641614,0.0037537537537537524,-0.2251974345386909,0.0254004004004027,-0.18559907731974934,0.055405405405406505,-0.3100744735835377,0.090778278278278,-0.38358448304315473,0.10794127460794134,-0.4910685311859757
2018-02-11,81.33,-0.008852821836960567,0.004119021271363765,-0.009221689413500544,-0.017336776097381046,0.7492415616332555,-0.0030247141276258382,0.5358704647716253,0.02750522562400204,0.2749547044720402,0.06557850731587322,0.14032776942470848,0.08374113693184171,-0.06468450545522542
2018-02-12,81.5,-0.004294478527607337,0.004049079754601115,-0.007239263803681006,-0.002085889570552113,0.16062224576791762,-0.0044417177914088946,0.6383235646956533,0.01857668711656557,0.469867176127309,0.05827607361963172,0.33781600792123934,0.07708793456032748,0.11343943480560514
2018-02-13,80.68,0.0047099652949924575,0.00718889439762016,-0.005081804660386879,0.010163609320773315,-0.014105223522532073,0.003495290034707166,0.3883527147349226,0.022174020823005458,0.44505872005827385,0.06362791274169521,0.31795377893770116,0.08374648818377128,0.11520292213426475
2018-02-14,82.41,-0.017473607571896532,0.0,-0.023176798932168396,-0.020992597985681205,0.05626980200908749,-0.020385875500543715,0.41171336252366797,-0.00615216599927082,0.4995437177186288,0.03491687901953622,0.3980995794724371,0.05696315172106958,0.18488709244932755
2018-02-15,82.6,-0.0047215496368039345,0.007869249394673261,-0.005690072639225163,-0.0023002421307505294,-0.13845606452844872,-0.017336561743338974,0.10630496315042692,-0.012602905569006229,0.29485849232189776,0.027832929782082072,0.2103777099362112,0.0512510088781275,0.030652447332142563
2018-02-19,81.34,0.010449963117777239,0.010818785345463322,-0.003319400049176413,0.015490533562822595,0.45922512140545324,0.004475043029261938,0.3746042083461487,0.000663880009836415,0.8541671769316941,0.038548069830341536,0.7731170867770345,0.06401934267682985,0.5228597321414294
2018-02-20,80.24,0.013334995014955275,0.01956630109670998,-0.0006231306081754262,0.013708873379860487,-0.22408149628210872,0.018270189431707218,-0.014034563405580402,0.01473080757726919,0.3251122745805357,0.04621136590229269,0.367199106094662,0.07449318710535091,0.1857675694319465
2018-02-21,80.84,-0.00457694210786741,0.00544285007422074,-0.00828797624938149,-0.007422068283028271,-0.1112327517479571,0.007595249876301002,-0.12652014526564426,0.0045522018802584,0.07243458307736583,0.032997278574962374,0.16831196114262714,0.06178459508494161,0.06773257139506472
2018-02-22,81.05,-0.0004935225169647728,0.0008636644046886577,-0.007032695866748817,-0.002590993214065307,-0.004258013675518035,0.005379395434918832,-0.11346194405727061,0.000715607649600214,0.05261960701414048,0.025712523133867737,0.13977557920505124,0.05483446432243477,0.07496662694225664
2018-02-25,81.63,-0.0022050716648289725,0.0007350238882763982,-0.0071052309200049235,-0.0071052309200049235,0.09541095677435218,-0.005096165625380511,0.001076844593825177,-0.0053779247825545,0.10768732474213616,0.013959328678181615,0.24352123618830346,0.0434929968557316,0.19082108577814827
2018-02-26,80.54,0.016761857462130436,0.01812763844052645,-0.0003724857213807109,0.013533647876831312,0.05641456551229296,0.005959771542093151,0.03692760967297093,0.010206108765831612,0.0646115003867842,0.02389495902657024,0.3020088568001167,0.054089065474712594,0.27277377789238066
2018-02-27,78.52,0.02750891492613361,0.028909831889964543,-0.00025471217524197787,0.025725929699439876,-0.47102030804733275,0.029801324503313742,-0.4297585517899212,0.035188487009680136,-0.4478142500061084,0.04621115639327544,-0.319466582541043,0.07735608762098867,-0.32512998788682734
2018-02-28,78.7,-0.003811944091486663,0.007369758576874164,-0.010165184243964398,-0.002287166454892131,0.2486477616423124,0.023074968233801396,-0.17352648894320577,0.02903430749682423,-0.25436392887704595,0.03846251588310001,-0.12359849576534121,0.0699364675984755,-0.13906916100747158
2018-03-01,79.5,-0.012830188679245236,0.0019496855345912945,-0.013584905660377289,-0.010062893081761004,0.4492111972886226,0.0073962264150966295,0.266980262520359,0.016188679245283888,0.1244991529091537,0.023207547169811216,0.2792211196322787,0.05392872117400449,0.2661242716844865
2018-03-04,80.29,-0.012579399676173941,0.0012940590359944437,-0.014198530327562575,-0.009839332419977698,0.1395063114304247,-0.0063768837962364655,0.4191870811089491,0.002565699339893701,0.286358887216015,0.009185452733839528,0.4620295347845269,0.03912483912483955,0.44935382391909684
2018-03-05,80.02,0.004873781554611378,0.004998750312422029,-0.00812296925768552,0.003374156460884903,-0.10012429277192691,-0.006373406648335522,0.2496835898877734,0.0030617345663592754,0.1337369648024218,0.01011622094476361,0.2899565773104893,0.038140464883779535,0.2998858971445675
2018-03-06,79.16,0.004674077817079292,0.0060636685194543904,-0.003284487114704304,0.010864072764022126,-0.0002443442179642652,0.003107630116222504,0.25306848371045887,0.012291561394644601,0.15545856841792127,0.02043329964628593,0.24357369756060643,0.044420582785919205,0.30114254666890217
2018-03-07,79.97,-0.010003751406777561,0.00025009378516949177,-0.011879454795548416,-0.010128798299362307,0.14310298361826335,-0.005452044516691568,0.23689535887891444,0.000687757909216824,0.3202408132780312,0.008084281605601928,0.35320813569792,0.02971947813763509,0.4468147880607649
2018-03-08,80.29,-0.0013700336280981773,0.005666957279860441,-0.004857391954166124,-0.003985552372649193,0.03776733854627867,-0.006252335284591348,0.1386784576764133,-0.004384107609913257,0.3397428982157529,0.0029019803213350404,0.3788645889275266,0.022153028604641634,0.4701771587903687
2018-03-11,79.86,0.004633107938893044,0.009516654144753334,-0.0012521913348358948,0.005384422739794781,0.06685350870438933,0.0010768845479609546,0.16868820209348656,2.5043826697546123e-05,0.3922786824782054,0.008345855246681522,0.4227729362431829,0.02429668586693401,0.5517455630817436
2018-03-12,79.72,0.00351229302558953,0.005895634721525322,-0.004515805318615174,0.001756146512794876,-0.2534376138213884,0.0017561465127968745,-0.1481942418643175,-0.00043903662819777534,0.016131401231724185,0.01007902659307569,0.001604346251523836,0.022804816859006705,0.1435006809186985
2018-03-13,79.0,0.008734177215189876,0.010632911392405076,-0.0017126582278481628,0.009113924050632827,0.08116488863210569,0.010126582278483287,-0.06707924066215776,0.007632911392406072,0.10647957023735688,0.018265822784809815,0.07644027317677526,0.029113924050632844,0.228574452216747
2018-03-14,78.67,0.005338756832337532,0.0059743231219016035,-0.0016524723528663632,0.004194737511122426,0.2716886203137847,0.013957035718827893,0.18091058126870152,0.012469810601246634,0.29327927848873214,0.020948264904029346,0.36617260658750905,0.03006228549637746,0.5587205406742126
2018-03-15,78.97,-0.0005065214638468873,0.005318475370393871,-0.001646194757502828,-0.0037989109788526543,-0.6050324098388269,0.006812713688744809,-0.5443558696941138,0.008585538812208027,-0.5259279670220744,0.015797138153729184,-0.4672221918660652,0.022911654214680777,-0.3933980363530284
2018-03-18,78.66,0.003941011950165274,0.011568777015001253,-0.0049580472921434415,0.003941011950165274,1.1169741322167788,0.00742435799644281,0.20485540600951468,0.011886600559370297,0.1039433638335241,0.01761378082888343,0.18048507217002885,0.024027459954233388,0.32044226172629764
2018-03-19,78.31,0.0054909973183501215,0.010088111352317686,-0.004469416421913008,0.004469416421912786,-0.011497692039369678,0.008862214276595282,0.21902559965810275,0.01432767207253316,0.09350458833936792,0.019646277614608465,0.15525126749722618,0.026224832928957387,0.28762835374452433
2018-03-20,77.04,0.01311007268951192,0.015576323987538832,-0.0020768431983386737,0.016484942886811904,-0.1381888842366129,0.021832814122535904,0.027061322189045445,0.02882917964693754,-0.06393468123103907,0.034488577362408845,0.0026218120075343077,0.0419522326064381,0.07916424763586494
2018-03-21,76.41,0.005496662740479108,0.014526894385551659,-0.0005234916895693331,0.008244994110718551,-0.0628324888332027,0.025127601099335095,-0.019821226297954464,0.03453736421934406,-0.11575198895832495,0.04092396283208988,-0.05709160203603547,0.04821358460934433,-0.02086489813764758
2018-03-22,75.91,0.011592675536820085,0.01673033855881978,-0.0013832169674613537,0.0065867474641021495,-0.10630941244158298,0.025925438018708835,-0.06460202765819356,0.036661836385194047,-0.18818449322698594,0.04486233697800035,-0.1564630581781088,0.052733500197602146,-0.12885036161734742
2018-03-25,76.41,0.0020939667582777766,0.006020154430048441,-0.005104043973301886,-0.006543646119617885,-0.09340704020371937,0.011202722156787859,-0.24453099371013953,0.02414605418139093,-0.23258249277344722,0.034661693495615875,-0.22981879432437724,0.043964577062338916,-0.21761132580949405
2018-03-26,77.79,-0.016197454685692336,0.008355829798174508,-0.019154132921969547,-0.01774006941766304,0.14605392658422733,-0.012520889574493266,-0.05324699622884199,0.0015426147319714811,-0.06951770459882833,0.012951536187170598,-0.1017655388627704,0.023940523632000277,-0.12076849708533277
2018-03-27,78.84,-0.011288685946220234,0.003805175038051667,-0.011288685946220234,-0.013318112633181056,-0.12208029524916786,-0.026991374936578216,-0.12492259889760648,-0.014244038559106165,-0.17013901283875643,-0.0022831050228311334,-0.2022116350564367,0.008806866226957144,-0.22676121517196668
2018-03-28,79.28,0.0018920282542886913,0.015262361251261236,-0.0012626135216952106,-0.0055499495459131465,0.28109063297909276,-0.027850655903126187,0.1815284926625349,-0.019916750756810542,0.10258103771758598,-0.007618567103935381,0.0020922453492790982,0.002089640094180778,0.002474137531068621
2018-04-01,77.4,0.024031007751937894,0.025452196382429015,-0.004392764857881204,0.02428940568475446,-0.16481384138166844,0.0031782945736453794,-0.020609111128992552,0.004677002583980183,-0.053845565597188005,0.016860465116278922,-0.17749340477854936,0.02582687338501266,-0.16101482074386553
2018-04-02,78.46,-0.011470813153198978,0.004333418302319592,-0.0163777721131787,-0.013510068824878818,0.007022434954720325,-0.006576599541165407,-0.008891140233341033,-0.01089727249553829,-0.09495038802173028,0.0017843487127198188,-0.16040879918147155,0.009839408615855305,-0.1464453673280759
2018-04-03,79.05,-0.01555977229601524,0.005888678051865881,-0.018469323213156197,-0.007463630613535832,0.32136243629372196,-0.00880455407969416,0.2873934537826923,-0.018532574320049733,0.235375160054619,-0.006850094876660329,0.13019900696378772,0.0005566097406706216,0.13372678017718842
2018-04-04,78.8,0.003680203045685282,0.006621827411167569,-0.003680203045685171,0.0031725888324873885,0.14825952954031307,-0.002461928934007984,0.4208692950122952,-0.014479695431471207,0.4257223814114859,-0.004314720812182649,0.2974049995670802,0.0027622673434857248,0.31004916466851906
2018-04-05,78.43,-0.0007650133877342702,0.011807981639678555,-0.006757618258319553,0.004717582557694611,-0.05248976197079025,0.0021420374856579993,0.22599253527984997,-0.007586382761697541,0.32729941546195995,0.0001530026775466986,0.2219292176741019,0.006880870415232332,0.23618697491224072
2018-04-08,78.16,0.008188331627430934,0.008828045035824017,-0.007548618219037961,0.0034544524053226056,-0.08089533524914183,0.003428863868988774,0.08837535910337158,-0.0015736949846459902,0.19578022397553818,0.002622824974411353,0.1250140341793997,0.009331286250426674,0.1288882390660917
2018-04-09,78.37,0.00433839479392617,0.005997192803368634,-0.0054867934158480125,-0.0026795967844839286,0.1546464321812595,0.002679596784485705,0.1803417177476454,-0.0013780783463053226,0.3462221809704913,-0.0014227382927141097,0.30774571350621716,0.0053974735230315485,0.2979675681277876
2018-04-10,78.27,-0.0010221029768748835,0.00536604062859336,-0.00293854605851529,0.0012776287210938264,0.09493687719546773,0.003730675865595501,0.17728511327612861,0.002401941995656909,0.4024250478813902,-0.0010987607001403665,0.43637647413229064,0.005293641667731386,0.41372206498953257
2018-04-11,77.79,0.010926854351458903,0.011698161717444311,0.0,0.006170458927882594,-0.13749523392580354,0.007918755624118035,-0.030166382171175843,0.009204267900759122,0.1595576358726558,0.004132921969404846,0.22393049777977625,0.01052406050477761,0.21219439272226004
2018-04-12,78.37,-0.003955595253285704,0.0008293990047212318,-0.008230190123772019,-0.007400791119050676,0.336104860986987,-0.002118157458209202,0.30926280225094804,0.0003955595253291033,0.47547978799120116,-0.004070435115477666,0.6303339754811592,0.0027348900514649888,0.5734844838114437
2018-04-15,78.61,-0.0006360513929525302,0.003180256964762762,-0.007250985879659,-0.003053046686172123,0.03967371725247859,-0.005317389645081438,0.2907005123409292,-0.003816308357714515,0.4696514310593858,-0.007301869991095056,0.6883226251820564,-0.00046643768816534426,0.5950698394638254
2018-04-16,78.43,0.006375111564452363,0.006502613795741352,-0.004271324748183147,0.0022950401632026995,-0.08165057311010127,-0.0018870330230760235,0.09077240292230004,1.2750223129742722e-05,0.25639326693627806,-0.005253091929108833,0.4599574558991164,0.0014492753623187582,0.4476018616394126
2018-04-17,78.2,0.004859335038363222,0.006138107416879812,-0.0023017902813300406,0.002941176470588225,-0.11477669799132084,0.0012020460358075358,-0.07067236295077484,0.002915601023018688,0.038002926494592915,-0.0024744245524296327,0.2796005847535412,0.0036018755328215413,0.27379295277996096
2018-04-18,74.95,0.005870580386924562,0.010273515677118095,-0.010006671114076049,0.043362241494329545,-0.5674398645696604,0.04442961974649973,-0.595760783612476,0.045270180120080994,-0.5610092589359773,0.04070713809206139,-0.44983191815768686,0.046310873915943906,-0.45245426206412376
2018-04-19,73.8,0.003252032520325354,0.015176151761517653,-0.0008130081300813385,0.015582655826558378,0.20380147805281212,0.053008130081302784,-0.39022201604767803,0.05634146341463531,-0.40700251534363885,0.05550813008130118,-0.31238735567870646,0.060713640469737706,-0.3222480674035514
2018-04-22,73.0,0.008082191780822034,0.013424657534246709,-0.0032876712328766544,0.010958904109588996,0.03158641546180729,0.052027397260276054,-0.2554459114759795,0.06157534246575436,-0.34590850246479465,0.06528767123287671,-0.2774725799472618,0.06952054794520546,-0.28586670920403845
2018-04-23,72.5,0.007724137931034436,0.011448275862068868,-0.004827586206896495,0.006896551724137945,-0.17510169196311332,0.043806896551726204,-0.29288299139576257,0.06177931034482853,-0.43251509935873755,0.07062758620689658,-0.39817259259845506,0.07354482758620695,-0.3988467006557177
2018-04-24,72.3,0.0015214384508990264,0.006224066390041472,-0.0048409405255877,0.0027662517289073207,0.16488644460139978,0.030290456431537383,-0.034696461663493605,0.05659751037344507,-0.2775036884356388,0.07088520055325032,-0.28621821055485164,0.07312125403411707,-0.2777436959724995
2018-04-25,72.75,-0.0024742268041237914,0.0035738831615121924,-0.005223367697594461,-0.006185567010309367,0.26818883856632914,0.00769759450172014,0.34690526967789825,0.04185567010309388,-0.020677377651696305,0.06048797250859095,-0.08175497807331689,0.06308361970217646,-0.07039040221008708
2018-04-26,72.81,-0.003845625600878977,0.003708281829418958,-0.00824062628759803,-0.0008240626287597808,0.3755602139877783,0.0008240626287616681,0.7115310438809992,0.034074989699218294,0.38298918704901275,0.055431946161241585,0.2529504900050028,0.05934624364785068,0.2881719636724134
2018-04-29,72.34,0.007879458114459448,0.007948576168095078,-0.002488249930882036,0.0064970970417472795,-0.3771080552429962,0.004589438761406495,-0.024747591618816678,0.03310754769145818,-0.12366308404017978,0.05781725186618747,-0.22677941924774792,0.06352870703161018,-0.19468112289311723
2018-04-30,71.96,0.001250694830461363,0.005211228460255679,-0.004168982768204543,0.0052807115063926435,0.6135401073108278,0.008060033351864337,0.5593633657555956,0.029849916620345862,0.5017875801363916,0.059887437465258486,0.25415729510773777,0.0660737446729669,0.2803339943809309
2018-05-01,70.94,0.014096419509444624,0.015083168875105857,-0.0029602480969832534,0.014378347899633548,-0.2517518395966113,0.021031857908093476,0.010796836463487391,0.03553707358331115,0.1385906417322873,0.07054553143501541,-0.0792565499001342,0.07825392350343052,-0.04280509273206656
2018-05-02,71.36,-0.007707399103139001,0.0050448430493272856,-0.008688340807174955,-0.0058856502242152775,0.15384196635793268,0.011210762331840485,0.0943224936608722,0.01926849775784878,0.3510040547833597,0.05856221973094167,0.07197889769805643,0.06846505979073281,0.1128510702851131
2018-05-03,72.43,-0.014496755488057622,0.0026232224216484745,-0.0150490128399835,-0.014772884164020561,0.15782389834863153,-0.007565925721384259,0.22219844421088553,-0.0007455474250991356,0.4708681837092721,0.03778820930553639,0.25054765419776537,0.050066731096691575,0.28669209529684214
2018-05-06,71.98,0.009585996110030637,0.017227007502083946,-0.0012503473186996628,0.006251736593498203,0.22217391586181057,-0.002417338149484083,0.4925955444618424,0.0035982217282588547,0.7075432492254943,0.04010836343428714,0.5269281084276123,0.05478836713902058,0.5606305859358847
2018-05-07,71.44,0.008538633818589103,0.009518477043673146,-0.004605263157894668,0.00755879059350506,-0.1794408816772609,0.004115341545354978,0.06536512824724872,0.009756438969765968,0.3143008584122071,0.043645016797312364,0.23810383625993725,0.06092758491974681,0.259581603421708
2018-05-08,72.37,-0.008290728202293929,0.002418129059002405,-0.008705264612408614,-0.012850628713555468,0.07372257645242986,-0.01022523144949361,0.14337319745804278,-0.00468426143429479,0.29872556815442475,0.02544562664087313,0.33112216118692683,0.045004836258118575,0.33095680407333683
2018-05-09,73.15,-0.002870813397129246,0.0025974025974024872,-0.006288448393711676,-0.01066302118933704,-0.011788981174511659,-0.01686944634312859,0.043218756738927944,-0.015201640464797106,0.19573759161168436,0.01047846889952142,0.31795922393276066,0.03139211665527508,0.2988197456203341
2018-05-10,73.37,0.0035436827041024355,0.009949570669210761,-0.0043614556358185785,-0.0029985007496251548,0.0042951895195531,-0.014937985552676114,0.0010909003671573103,-0.017609377129615855,0.1536125068115366,0.00428649311707785,0.31924702302569563,0.025714415519513478,0.28137895729292906
2018-05-13,73.28,0.006823144104803447,0.006823144104803447,-0.002592794759825323,0.001228165938864656,-0.12265158714215885,-0.011162663755456381,-0.133745038861648,-0.015638646288208213,0.0056561978971330085,0.002108351528384178,0.16546179193443433,0.024285844250364397,0.11476976235686132
2018-05-14,72.95,0.004934886908841696,0.006305688827964229,-0.004797806716929531,0.004523646333104869,-0.24827320184525636,-0.003125428375597483,-0.3138063002443232,-0.009897189856064581,-0.2825307977402356,0.002988348183687428,-0.11222214137228592,0.02703678318483016,-0.17176476227104986
2018-05-15,73.53,-0.007479940160478704,0.005439956480348229,-0.007751937984496249,-0.007887936896504799,0.3816970063731222,-0.006881544947638263,0.030238270467965567,-0.016360669114645954,0.03214709603550414,-0.008649530803753525,0.2567310809611252,0.016437735164785527,0.14264517620308692
2018-05-16,73.96,-0.005949161709031925,0.0005408328826392861,-0.007571660356949561,-0.005813953488371992,0.033699487428966,-0.009518658734448904,0.08472305879288222,-0.0185776095186575,0.03581478505628399,-0.01757030827474304,0.3052331452585908,0.008040382188570838,0.17822896925513332
2018-05-17,73.45,0.0072157930565011075,0.008441116405718097,-0.004628999319264859,0.006943498978897011,0.14343573652223274,-0.00043567052416415564,0.25265548774297986,-0.00822328114363391,0.16545901693109033,-0.011422736555479873,0.4292565003457831,0.012843203993646801,0.34812124996432847
2018-05-20,74.06,-0.004185795301107187,0.0025654874426139784,-0.00864164191196326,-0.008236564947340042,0.09565509162072172,-0.008452605995136975,0.3555860896602372,-0.015014852822034963,0.2603904044372314,-0.01980151228733451,0.5112027307092637,0.00225942929156564,0.47055558053109103
2018-05-21,74.03,0.005808456031338505,0.012292313926786314,-0.002701607456436661,0.0004052411184654048,-0.16994347983109415,-0.005943536404158345,0.0679234967950213,-0.011806024584626651,0.04354733559303825,-0.018688369579900055,0.20773634741523495,0.0008194875951195169,0.20944080373221885
2018-05-22,74.18,-0.0021569156106768794,0.0016176867080073265,-0.006133728767862112,-0.002022108385009491,0.17475077382145998,-0.00504179023995488,0.1405337130718869,-0.01031275276354715,0.22075743643712364,-0.019641412779725087,0.3519907074683366,-0.00315448908061422,0.4204010573866137
2018-05-23,73.77,0.00420225023722387,0.007862274637386424,-0.0024007048935881237,0.005557814829876717,0.012841720081013808,0.0022502372238060175,0.10194589998892312,-0.002358682391214839,0.22204551868722455,-0.012918530567981423,0.31084400736885254,0.0005377072884193979,0.4358192737389972
2018-05-24,74.31,-0.00551742699502078,0.004171713093796381,-0.007535997846857767,-0.007266855066612954,-0.13747671929381688,-0.005544341273043152,-0.09048411280218538,-0.008774054635983464,0.03933440535560595,-0.01940519445565858,0.09952385117044549,-0.008536311846767619,0.23059397410405857
2018-05-28,74.05,0.00013504388926399713,0.008777852802160702,-0.0037812288993923637,0.0035111411208643695,-0.1526157125672174,0.0002700877785302147,-0.21799312636521884,-0.004024307900066582,-0.11973248811453174,-0.014949358541525792,-0.07164291032755377,-0.006882736889488594,0.047829616561731125
2018-05-29,74.89,-0.007477633862999045,0.0016691147015623908,-0.011216450794498622,-0.011216450794498622,0.09557075920141256,-0.010976098277471369,-0.08230926469401445,-0.014167445586859895,-0.03242254161524427,-0.02485645613566556,-0.008574981743815102,-0.020051631281434612,0.1600405285665829
2018-05-30,73.17,0.020500205002049965,0.02077354106874396,-0.005056717233839048,0.023506901735683927,-0.4764522902352636,0.014623479568131259,-0.5145975982538517,0.011657783244499731,-0.5151581830221224,6.833401667361017e-05,-0.4808629841764487,0.0013712359345821046,-0.3891506964929864
2018-05-31,73.45,-0.0016337644656229111,0.0038801906058543167,-0.008032675289312508,-0.0038121170864533482,1.1536054330995795,0.008005445881554385,0.2931981531433998,0.007311095983663085,0.144043246638192,-0.002226004084410982,0.15057946949825074,-0.0047288404810523765,0.35340425702101563
2018-06-03,74.18,-0.008627662442706963,0.005931517929361085,-0.00984092747371268,-0.00984092747371268,-0.14018168504109796,-0.0027770288487440897,0.12862227543996063,-0.0032892963062812752,-0.02639971663144436,-0.010636290105149437,-0.023695437241497808,-0.015197267906892686,0.1249360910086934
2018-06-04,73.97,0.004190888197918019,0.005477896444504582,-0.005002027849128066,0.00283898877923483,0.2133927542934808,-0.00029741787210790793,0.39372621285152865,0.0005272407732872519,0.20077139099574492,-0.006644585642827772,0.1866483585818388,-0.012230183407687334,0.3374923808768546
2018-06-05,74.35,-0.003765971755211872,0.000941492938802968,-0.008473436449226601,-0.005110961667787461,-0.013237430823746288,-0.005622057834563821,0.31829000513355465,-0.00470746469401373,0.19175524011683653,-0.01038332212508375,0.17291547341868307,-0.01684375700515528,0.2876883891943556
2018-06-06,75.76,-0.020855332629355794,0.008367212249208,-0.021911298838437343,-0.018611404435058265,-0.48034947977773357,-0.025554382259765362,-0.33165791782422704,-0.02280887011615551,-0.386207700519855,-0.026880939809925897,-0.3945056710471355,-0.034327701513551356,-0.35447198662477475
2018-06-07,77.18,-0.017232443638248385,0.00038870173620098036,-0.018657683337652387,-0.018398548846851548,-0.01094304870578855,-0.03677118424462067,-0.36906297241864106,-0.03874060637470744,-0.34240357797466214,-0.0425887535630991,-0.3793079846245553,-0.05060032823702143,-0.36332929723261664
2018-06-10,77.53,-0.0072230104475686785,0.0020637172707338447,-0.008383851412356536,-0.004514381529730382,0.5056325737522118,-0.03149748484457404,0.09175407114994005,-0.038681800593317606,0.06873575419358624,-0.044311879272539545,-0.03227995446867049,-0.0529816415151122,-0.03249040776382617
2018-06-11,77.24,0.007509062661833266,0.008415328845158054,-0.0016830657690315443,0.003754531330916633,0.029928566404700208,-0.019186949766957673,0.13955973069058847,-0.030903676851371076,0.11782826210118058,-0.038030813050232704,0.005008807707899576,-0.047389090281373614,-0.00010376001152656578
2018-06-12,76.47,0.012161632012553936,0.012161632012553936,-0.0035307963907413864,0.010069308225447937,0.09524095028673552,-0.0007584673728235902,0.2948700954946102,-0.016973976722896578,0.2228079561266516,-0.025755198116908407,0.1015972545876016,-0.03566104354648869,0.07730252832007922
2018-06-13,75.99,0.007500986971969992,0.007500986971969992,-0.0038162916173180017,0.006316620607974777,-0.09811262975550983,0.011133043821557775,0.19075152943350782,-0.008685353335963875,0.10164110500313273,-0.017285169101197262,-0.02604564641927798,-0.02759134973900057,-0.028700838994851874
2018-06-14,77.38,-0.0157663478935125,0.0016800206771776516,-0.01886792452830177,-0.01796329800982166,-0.4047688289065712,-0.006435771517185551,-0.3525350341964164,-0.022848281209613464,-0.38864043817236527,-0.03334841044197434,-0.4183643601929731,-0.042883604721288826,-0.42617018873338364
2018-06-17,75.84,0.013449367088607556,0.01661392405063289,-0.0059335443037975555,0.02030590717299563,1.023397570773021,0.014266877637132858,0.34579372313398116,0.0021756329113935546,0.34175004373301787,-0.011464926160337341,0.22352785590146618,-0.020802566807313738,0.18616719678847105
2018-06-18,76.33,-0.009694746495480078,0.00458535307218666,-0.009956766671033734,-0.006419494301061146,-0.1325309865144988,0.0033276562295319057,0.12834936182972556,-0.0020830603956490945,0.15219175657529327,-0.016245250884318052,0.06338264247794867,-0.02559937115157862,0.026137886999384463
2018-06-19,75.85,0.006591957811469928,0.006591957811469928,-0.004087013843111276,0.006328279499011158,0.28931744113834057,0.007277521423865174,0.44654695477920514,0.007343441001979034,0.5098287185869113,-0.008523401450230561,0.3868291836378981,-0.017521423862887242,0.3325099058686931
2018-06-20,76.44,-0.011904761904761862,0.007980115122972364,-0.011904761904761862,-0.007718472004186294,-0.24021728600287962,-0.002119309262164082,0.06640910177667525,0.0015306122448992543,0.14254678359141604,-0.014985609628466734,0.04712435347024546,-0.023181580324437512,0.006739388344174202
2018-06-21,77.43,-0.008265530156270184,0.0025184037194885267,-0.008523827973653808,-0.012785741960480546,-0.2644052596780697,-0.013715614103058549,-0.21900622539455883,-0.010396487149682221,-0.20004511879165943,-0.02612036678290075,-0.22085927811964579,-0.0339188083860692,-0.2561689290667032
2018-06-24,77.79,-0.00655611261087552,0.0019282684149632967,-0.007841624887517717,-0.004627844195912112,0.04557376413779557,-0.018151433346186185,-0.23878772840530282,-0.014654839953720078,-0.17960418640957532,-0.028274842524746102,-0.16187198303504347,-0.03655568410678334,-0.20989121603869432
2018-06-25,78.0,-0.0026923076923076605,0.003974358974359049,-0.008205128205128198,-0.0026923076923076605,0.18223979489726827,-0.015794871794869603,-0.0181534665330757,-0.016974358974357506,-0.006547044330156737,-0.02866025641025627,0.010505138500942701,-0.03726068376068381,-0.052949898382181004
2018-06-26,77.69,0.005406101171322009,0.01306474449736128,-0.0016733170292185795,0.003990217531213869,0.21402663243159759,-0.007568541639848436,0.2185181563053762,-0.012073625949284184,0.21588229645917,-0.022242244819152823,0.23092641077408915,-0.03139400180203378,0.15360332315222736
2018-06-27,78.05,-0.00243433696348494,0.003395259449071153,-0.004996796925048064,-0.004612427930813623,0.37777375687866854,-0.007431133888530783,0.7232840798468902,-0.015067264573989547,0.6726009246162497,-0.02495836002562446,0.69370396320854,-0.033837283792440664,0.5682340940240591
2018-06-28,78.06,-0.0016653856008198575,0.006149116064565696,-0.009864207020240823,-0.00012810658467854452,-0.25604683012687823,-0.003433256469380308,0.20453535692805214,-0.012554445298486927,0.2029288357040011,-0.0219574686138867,0.19616965310920698,-0.03203091638910238,0.155364326896122
2018-07-01,78.13,-0.008063483937027938,0.0023038525534366805,-0.009074619224369473,-0.0008959426596697462,0.2606779357809834,-0.002713426340711922,0.3828325199756115,-0.012568795597080351,0.3973065892233043,-0.019883527454242933,0.5118574672311342,-0.03114893980118605,0.45450538905907356
2018-07-02,77.9,0.008215661103979421,0.011039794608472375,-0.001540436456996197,0.002952503209242563,0.033191726469326,0.0011039794608493914,0.2521281132610733,-0.00671373555840693,0.4217659805406293,-0.014454428754813953,0.5426078707370627,-0.02628583654257599,0.4974111203978264
2018-07-04,79.21,-0.013508395404620566,0.000504986744098046,-0.013760888776669478,-0.016538315869208287,-0.2587913775002523,-0.015705087741444634,-0.16394438301899106,-0.021158944577703398,0.020935813885442522,-0.028272945335184874,0.1370287017396301,-0.0407734713630431,0.10766855693951016
2018-07-05,79.31,0.0008826125330978485,0.003908712646576662,-0.005169587693859445,-0.0012608750472828945,0.09831415577683766,-0.013113100491739194,-0.07945845921085226,-0.018156600680871215,0.1399822339282275,-0.026434245366284137,0.25539521917355335,-0.03980582524271836,0.21754207478361276
2018-07-08,77.86,0.007706139224248565,0.012458258412535228,-0.001027485229899816,0.018623169791934346,-0.20360291011128118,0.008502440277423196,-0.23325249690885608,0.003814538916004473,-0.10803212612988766,-0.006023632160287673,-0.03446378999811672,-0.019727716414076335,-0.027965434155802327
2018-07-09,79.82,-0.02192432974191927,0.0015033826108745707,-0.02292658481583565,-0.024555249310949545,-0.2878932376942017,-0.016762716111248133,-0.43184244782900194,-0.02029566524680393,-0.3861123576083495,-0.030005011275369586,-0.33016398623658283,-0.04209053704167676,-0.3010563607423201
2018-07-10,79.16,0.005937342091965725,0.008590197069227035,-0.0016409802930772432,0.008337544214249482,0.6268572125782921,-0.004295098534611297,0.09447891828583077,-0.009562910560887983,0.017469127012975205,-0.02047119757453253,0.11344206836595361,-0.03178372915613914,0.15927243312243156
2018-07-11,78.89,0.005704145012042083,0.007985803016858917,-0.004119660286474924,0.00342248700722525,-0.08241691141007379,0.0023070097604278583,0.04995469748990322,-0.004702750665482314,-0.08633444202651863,-0.015901888705792788,0.016212572255838165,-0.026310897029619307,0.059623186891640145
2018-07-12,79.31,-0.002900012608750502,0.0020174000756525423,-0.005169587693859445,-0.005295675198587868,0.4209702740968526,-0.003807842642791992,0.5119007898854278,-0.00846047156726637,0.30964207891016193,-0.019587693859538513,0.4484447895559631,-0.02978607153364421,0.5080631217528859
2018-07-15,79.53,-0.004023638878410729,0.0012573871495031863,-0.008801710046523414,-0.0027662517289073207,-0.1314005788945385,-0.006563560920405331,0.2779763183178565,-0.009619011693698942,0.14198684556133978,-0.020212498428266112,0.23739527603940003,-0.029896475124690736,0.2642054585674898
2018-07-16,80.03,-0.0046232662751468645,0.005872797700862131,-0.005997750843433791,-0.006247657128576778,-0.22828158225189976,-0.008596776208919521,-0.061922328685681705,-0.013969761339496234,-0.12703961863277147,-0.02499062851430711,-0.08966784981249887,-0.03342496563788555,-0.02541555831389153
2018-07-17,79.72,0.0,0.006146512794781733,-0.00489212242849979,0.0038886101354742575,-0.013347632838781265,-0.004214751630705282,-0.15769017957850506,-0.007752132463621164,-0.10694467233594829,-0.018571249372804743,-0.0930436914689502,-0.027220270948318803,-0.03623166663188804
2018-07-18,78.73,-0.0039375079385240985,0.005842753715229243,-0.01066937634954912,0.012574622126254154,0.13662008067382225,0.009729455099710016,-0.011317803503954726,0.007036707735299519,0.055109385768696395,-0.004077225962148878,0.03455417620537937,-0.012553452728734982,0.10457182867529569
2018-07-19,78.68,-0.004575495678698749,0.004766141331977725,-0.004575495678698749,0.0006354855109302893,-0.027522451308911622,0.009964412811390266,-0.05178871775672533,0.007066598881547037,0.026730948360138118,-0.0016141331977628237,0.014622142926251858,-0.010070327063209206,0.0782495353865551
2018-07-22,78.51,-0.00025474461852004193,0.0054770092981784035,-0.0034390523500192893,0.0021653292574195238,0.4005014096834363,0.010546427206727715,0.4033087394592523,0.008444784103937675,0.4548265952510935,0.001974270793529742,0.41712116340919825,-0.00668704623614802,0.48040094866376615
2018-07-23,78.99,-0.01835675401949599,0.00025319660716549564,-0.01835675401949599,-0.006076718571971007,-0.2911354586834932,0.0018230155715939222,-0.03057832106199454,0.0031396379288535226,-0.007463459860712618,-0.0034308140270916665,-0.03120867816030304,-0.012161877030847257,0.018295866511423675
2018-07-24,79.47,-0.009437523593809005,0.0016358374229268335,-0.009437523593809005,-0.006040015100037821,0.3387372642775055,-0.006845350446706866,0.27565972288887797,-0.0039637599093981235,0.2565281745667447,-0.008695105071095721,0.27273194870812745,-0.017516043790109292,0.3591859216092539
2018-07-25,80.09,-0.006617555250343354,0.008490448245723536,-0.007741291047571486,-0.007741291047571486,-0.3656796489408889,-0.015157947309274555,-0.25032887741198095,-0.011287301785489645,-0.21988263779027128,-0.015451367211886446,-0.20987635191796883,-0.02419361551587773,-0.14667150678151664
2018-07-26,80.58,-0.011293124844874658,0.0030441796971953927,-0.013899230578307331,-0.006080913378009423,0.3039461677310116,-0.017771159096547362,0.024513945289636352,-0.015810374782822767,0.03343438538316823,-0.01994911888806139,0.0429410803872905,-0.028629932985852036,0.12047258836927699
2018-07-29,80.2,-0.0016209476309227977,0.0037406483790523026,-0.0044887780548628076,0.004738154613466383,0.05672470392733353,-0.008379052369074769,0.061645727008034834,-0.009563591022442197,0.11280815269637268,-0.013728179551122044,0.11464460633098628,-0.0221197007481293,0.1774417736565166
2018-07-30,80.88,-0.006058358061325375,0.0012363996043522896,-0.017927794263105645,-0.008407517309594326,-0.28213625751726057,-0.012537091988128024,-0.21339629850016195,-0.017062314540057577,-0.19955205701081546,-0.020697329376854312,-0.2028240685156686,-0.02917903066270988,-0.18125651809740695
2018-07-31,80.65,-0.0028518288902665834,0.002107873527588122,-0.006695598264104263,0.0028518288902663613,0.30717924851259104,-0.0050340979541203534,0.07006771133209733,-0.013205207687536968,0.05816693094936798,-0.016199628022318446,0.06709645963514577,-0.024327340359578065,0.08123899382637556
2018-08-01,82.0,-0.014634146341463428,0.002682926829268295,-0.017195121951219416,-0.016463414634146245,-0.18411106725307835,-0.018536585365851233,-0.09760039938640985,-0.028317073170729956,-0.15336938017371227,-0.0307195121951217,-0.12040871355944494,-0.038634146341463005,-0.12127380066034654
2018-08-02,82.33,-0.0023077857403133173,0.009352605368638356,-0.004979958702781451,-0.0040082594437022,0.3040007793982078,-0.017830681404103044,0.16240017480144764,-0.02824000971699092,0.12162554083421506,-0.03291023928094228,0.1561801519263355,-0.03999757075185184,0.15833636025917608
2018-08-05,82.52,-0.0038778477944739764,0.0049079011148811524,-0.004483761512360518,-0.0023024721279689686,0.25273743032524654,-0.015850702859910415,0.44240486102439625,-0.02605428986912084,0.3850918249935271,-0.03330707707222469,0.4471447284227843,-0.03982872838907703,0.44175263501846107
2018-08-06,82.64,-0.002783155856728059,0.0004840271055179812,-0.011011616650532408,-0.0014520813165538327,-0.11663283491679632,-0.011665053242979395,0.22988464487256954,-0.022616166505322388,0.22024324272531692,-0.03189133591481097,0.2516699703841707,-0.039169893514036325,0.24168120401041127
2018-08-07,82.35,-0.0030358227079538835,0.005452337583485178,-0.0030358227079538835,0.003521554341226585,0.31209761793497126,-0.003910139647842148,0.47227833646714523,-0.01474195506982201,0.5626672439585707,-0.02676988463873675,0.5773571662490296,-0.0338231127302161,0.5959408174949428
2018-08-08,81.4,0.012776412776412727,0.012776412776412727,-0.0012285012285013774,0.01167076167076142,-0.05343871565967029,0.011891891891894213,0.2904616043108559,0.00029484029484194707,0.453885176711347,-0.013452088452088229,0.4644284822530136,-0.020765765765765498,0.4805555405056061
2018-08-09,81.43,-0.0015964632199436668,0.004052560481395018,-0.005280609112120915,-0.00036841458921776926,-0.07159544943126872,0.010045437799339085,0.050968209361947014,0.0015350607884090373,0.26710015767501116,-0.012274346064103936,0.3291416008549697,-0.01960784313725472,0.35835386234314615
2018-08-12,81.52,0.0022080471050049955,0.006869479882237517,-0.004538763493621034,-0.0011040235525022757,0.09825973639065722,0.006722276741906175,0.09361033918419404,0.001472031403338514,0.35358613076688594,-0.01206452404317937,0.4552505038487831,-0.019308145240431562,0.49085153321620445
2018-08-13,81.31,0.0009838888205633278,0.005042430205386639,-0.0009838888205632168,0.0025827081539784302,-0.18604744529591521,0.006862624523431116,-0.12916993937533028,0.005681957938754589,0.06927114054706562,-0.00828926331324531,0.1695347103574545,-0.015356864674291648,0.19949550904878866
2018-08-14,82.3,-0.012150668286755817,0.0007897934386391636,-0.018104495747266025,-0.012029161603888117,-0.28863868448827534,-0.0084811664641532,-0.38490105205341374,-0.005893074119074804,-0.2810732285975108,-0.019441069258808952,-0.18378411708131115,-0.025913325232887585,-0.14621523099963452
2018-08-15,83.69,-0.014697096427291223,0.003704146254032814,-0.016489425259887613,-0.016608913848727425,-0.2910440405626168,-0.02506870593858046,-0.5013680395223836,-0.020432548691598162,-0.4806204484228084,-0.034185685267056676,-0.4227625529967003,-0.04033934759230462,-0.38699307831313223
2018-08-16,83.69,0.0004779543553592447,0.006093918030828149,-0.0010753972995579675,0.0,0.468265917282773,-0.019596128569719262,-0.09713205358243882,-0.018413191540206153,-0.2007272816350566,-0.031222368263830513,-0.12667854781977828,-0.0385549846656309,-0.08253815741287207
2018-08-19,83.64,0.0029890004782400226,0.0037063605930176546,-0.003945480631276865,0.0005978000956479157,0.23736476847774823,-0.013605930176946557,0.20083778985803113,-0.016200382592059692,0.008215558218802599,-0.027648254423720542,0.0818819004401714,-0.03623465646421142,0.14095016122944903
2018-08-20,83.9,-0.0039332538736592815,0.0011918951132299238,-0.009654350417163338,-0.0030989272943982016,-0.20377967748239256,-0.011609058402858419,-0.0033856100968227,-0.01791418355184593,-0.18404296548243382,-0.02760429082240734,-0.13322726380208239,-0.03692491060786651,-0.10053402246310628
2018-08-21,83.39,0.005036575128912313,0.005516248950713454,-0.00395730902985969,0.0061158412279649355,0.6629619072909407,0.0006475596594337496,0.7472868727530395,-0.010396930087538947,0.39815162075348454,-0.018713274973018112,0.44372923025728617,-0.02940400527641185,0.4682552964771891
2018-08-22,83.24,-0.002763094666025867,0.004324843825084024,-0.0048053820278710635,0.0018020182604516766,0.1872179419835096,0.005069678039406389,0.9069073407539558,-0.0073642479577110675,0.665484159647237,-0.014590341182123434,0.7017015134304201,-0.0259610764055741,0.7221760081344197
2018-08-23,83.36,-0.0016794625719769307,0.00227927063339739,-0.00395873320537421,-0.0014395393474089246,-0.19284621713612327,0.0025431861804245948,0.23956231718953713,-0.0065858925143938984,0.32853313453935273,-0.014119481765834552,0.32268103404981674,-0.025623800383877127,0.3637145536498243
2018-08-26,83.44,0.0007190795781399917,0.004554170661553059,-0.005033557046979942,-0.0009587727708533222,0.358944213075429,0.0007909875359561891,0.529576013284232,-0.00522531160114903,0.8000690851106744,-0.013398849472674557,0.7703383470569058,-0.024940076701821523,0.8475831416769102
2018-08-27,83.48,0.0028749401054144474,0.004551988500239634,-0.00191662673694315,-0.00047915668423581526,-0.27079403872001395,-0.00016770483948025383,0.009748326384796835,-0.0034020124580724787,0.2917714281485564,-0.011931001437469613,0.2618052103385342,-0.02384603098546545,0.32882130806390975
2018-08-28,83.49,0.00023954964666428324,0.003233920229967824,-0.0023954964666426104,-0.0001197748233320306,0.19571651872521567,-0.0012935680919845538,0.06887508898387384,-0.0009222661396558474,0.5264132231916863,-0.010492274523894674,0.45928595667453176,-0.02258553918632955,0.5625065645654601
2018-08-29,83.41,-0.00023977940294928057,0.003956360148663185,-0.0026375734324420863,0.0009591176117971223,-0.006422835419622852,-9.591176117729194e-05,0.035094502851174436,0.001462654357992088,0.4235667639037617,-0.007840786476441264,0.4165434388698692,-0.020141469847740012,0.518880905951977
2018-08-30,82.95,0.004822182037371725,0.006992163954189223,-0.006751054852320748,0.005545509342977706,-0.3184873749436592,0.005858951175409244,-0.2877890007491135,0.00667872212176146,-0.14662257068007845,-0.0014888487040382037,-0.06990270661998521,-0.01282700421940941,0.017855059846443533
2018-09-03,82.7,-0.0026602176541716815,0.003143893591293745,-0.007617896009673664,0.0030229746070133956,0.15077858958369794,0.007908101571948878,-0.13490903167364654,0.008827085852480376,-0.04783340329018426,0.0019044740024187767,0.0666555597596703,-0.008121725110842415,0.16235293475453472
2018-09-04,83.29,-0.014167367030856082,0.0021611237843677245,-0.014167367030856082,-0.007083683515428096,-0.2418741401781307,-0.0010085244327028287,-0.2955459217898121,0.0005522871893399728,-0.29114124229402927,-0.005084644014887285,-0.19048303056146876,-0.013471004922560037,-0.11914138325896728
2018-09-05,82.65,0.003145795523290973,0.007924984875983032,-0.0019358741681791969,0.0077434966727163435,0.01468679521098859,0.0062673926194820595,-0.2256127619985191,0.007562008469450987,-0.2924469160607559,0.0030127041742289418,-0.17041552318019904,-0.0040976003226458335,-0.10905757531717053
2018-09-06,81.91,0.0023196190941277006,0.0035404712489317536,-0.00805762422170675,0.009034305945550214,-0.32127364962620053,0.013307288487366398,-0.4200278915173876,0.01576120131852199,-0.49808820253615704,0.012257355634233358,-0.42501637355372945,0.006193789932039229,-0.39126408994886863
2018-09-09,82.38,0.0024277737314881698,0.008739985433357633,-0.00048555474629752293,-0.00570526826899731,0.63801600672726,0.003884437970383514,0.14345952646175486,0.008351541636321125,-0.07779557515183222,0.00679169701383886,-0.014361045933245054,0.0011896091284291366,0.0037030643195952173
2018-09-10,82.01,0.001463236190708317,0.004999390318253916,-0.004633581270576892,0.004511644921350921,0.31070739361579824,0.007023533715402763,0.5028859087247382,0.011705889525668978,0.23631115510742529,0.011913181319351596,0.3036387809431207,0.006438239239117127,0.31098566407629025
2018-09-11,83.11,-0.014559018168691984,0.0008422572494286573,-0.016965467452773386,-0.013235471062447268,-0.12662322155907912,-0.007965347130307054,0.29145610865608473,-0.00340512573697338,0.10058511666133652,-0.0011851762724095494,0.13946815323977702,-0.006156499418441319,0.1342057513716881
2018-09-12,83.45,-0.0021569802276812933,0.0004793289394846578,-0.009586578789694378,-0.004074295985620147,0.11204289863427919,-0.012438585979626438,0.37135037688131,-0.007908927501496299,0.2336618330071607,-0.004176153385260339,0.26430815574007394,-0.009314959057319716,0.23655801254694597
2018-09-13,83.61,-0.001674440856356929,0.0006578160507118014,-0.007654586771917216,-0.0019136466929792206,0.06480768001023152,-0.012414782920701195,0.37178615391993874,-0.009855280468841765,0.3297588806113314,-0.005394091615835039,0.31202175789742936,-0.010094486305465833,0.3018523854819457
2018-09-16,84.25,-0.008902077151335286,0.00028486646884284816,-0.010801186943620089,-0.007596439169139435,-0.29507554734140407,-0.01588130563798007,-0.20504300690533406,-0.017139465875369297,-0.05621863228743773,-0.012997032640949202,-0.12684385239320117,-0.016977250247279807,-0.10228646571421329
2018-09-17,84.0,0.0034523809523809845,0.0034523809523809845,-0.0050595238095237915,0.0029761904761904656,0.1785622618216327,-0.008499999999997954,-0.05261070220054653,-0.01266666666666505,0.1193272914846657,-0.009726190476190277,0.018190028691808413,-0.013289682539682546,0.05798884735034915
2018-09-18,84.0,-0.0009523809523809268,0.0034523809523809845,-0.002738095238095317,0.0,-0.02183435472532036,-0.0037619047619027457,-0.04574933177952489,-0.01111904761904603,0.09849476425974135,-0.009511904761904555,-0.010317244562279226,-0.012702380952380854,0.036801405313252156
2018-09-19,85.36,-0.012535145267103975,0.003221649484536071,-0.013238050609184593,-0.015932521087160256,-0.3874792279367515,-0.017549203373943723,-0.41088045298366704,-0.026042642924084536,-0.34201259583299437,-0.025234301780693302,-0.4056249941560699,-0.027901437050921518,-0.36580218609739457
2018-09-20,85.82,-0.00011652295502206922,0.005360055931018515,-0.003495688650664186,-0.005360055931018293,-0.42232443316987867,-0.0183640177114871,-0.6053818614935802,-0.028105336751338306,-0.605462848512385,-0.029311349335819026,-0.6425072699554077,-0.03194282607006882,-0.6237533401494821
2018-09-23,84.27,0.01613860211225826,0.01708793164827349,-0.00047466476800750446,0.018393259760294267,1.7236704749163545,0.004936513587281199,0.4629059535841984,-0.005589177643287813,0.1730620199321946,-0.00992642696095869,0.07604398461091089,-0.012388750444997876,0.08860000002086754
2018-09-24,83.12,0.013955726660250134,0.0155197305101058,-0.0004812319538017862,0.013835418671799715,0.129408799277259,0.01888835418671997,0.6271400519430383,0.010442733397499238,0.317907727485885,0.00431905678537059,0.2244246998285946,0.002414180301572255,0.23432326660775815
2018-09-25,83.26,-0.0001201056930099087,0.008767715589718783,-0.002762430939226568,-0.0016814797021378336,-0.14035138103547729,0.015061253903436933,0.3876466569538628,0.010076867643527887,0.14026425147287558,0.0024381455680999586,0.06561128058879762,0.0013692049003124485,0.06406694682655312
2018-09-26,82.86,0.0021723388848662317,0.009292783007482486,-0.000603427468018336,0.00482741974414691,0.04833137637494844,0.018175235336714612,0.46819737928465965,0.015133960897901755,0.20581698512440827,0.0071445812213373205,0.12647869830487735,0.006987690079652831,0.11737447177920513
2018-09-27,83.23,-0.0024029796948216164,0.0007208939084464294,-0.005286555328607445,-0.004445512435420018,0.2246634252695925,0.007641475429534639,0.6507365714920019,0.00991229124114068,0.49523605149377303,0.0022888381593175744,0.3966965920071075,0.0027353918859389648,0.35230637243474194
2018-09-30,83.67,-0.004302617425600563,0.0005975857535556184,-0.005975857535556406,-0.005258754631289553,0.046111758499437716,-0.003848452252896317,0.22576371981396037,0.00414724512967779,0.5666701020197835,-0.003089518345882558,0.4669810490956179,-0.0027210071311896122,0.3655397347907394
2018-10-01,84.36,-0.010431484115694611,0.0008890469416784619,-0.011735419630156452,-0.008179231863442382,-0.33701768839507984,-0.013418681839732383,-0.2276448671750132,-0.004753437648172931,0.008924025533592728,-0.010816737790421915,-0.039431362199767284,-0.010885885885885571,-0.11049875222531813
2018-10-02,83.03,0.016981813802240175,0.017945320968324685,-0.002167891123690313,0.016018306636155666,-0.07141654599049818,0.005371552450923467,-0.23924378948045555,0.011622305190896354,-0.045947856336434834,0.006027941707816398,-0.09804547324280799,0.005247099441969327,-0.17153337760848353
2018-10-03,81.92,0.007080078125,0.007080078125,-0.010009765625000111,0.0135498046875,0.1321450197210674,0.01843261718750222,-0.09950296566333805,0.024145507812501465,0.1057508222623249,0.019500732421875,0.023328844192828768,0.018513997395833925,-0.06478799360691012
2018-10-04,82.15,-0.0020693852708459914,0.0036518563603165077,-0.0020693852708459914,-0.002799756542909315,0.28884926971369707,0.013292757151554202,0.18820311253943856,0.017090687766282642,0.3697285831877406,0.01620206938527069,0.31423292897330923,0.0150659362953951,0.21694299055311816
2018-10-07,82.4,-0.0050970873786407855,0.0041262135922328635,-0.007888349514563187,-0.0030339805825242427,-0.24161983599765313,0.007597087378642842,-0.08974949183742142,0.009550970873787756,-0.12734174663333608,0.013264563106796023,-0.04263146881925539,0.011545307443366237,-0.07185142651640075
2018-10-08,82.2,0.0023114355231144135,0.006326034063260266,-0.0017031630170316614,0.0024330900243310083,0.14746147810857702,0.006958637469588691,0.1176253546840953,0.009732360097324921,0.01415419668698803,0.015742092457420975,0.10180942731420894,0.013617193836172659,0.07477971271319461
2018-10-09,81.44,0.004543222003929426,0.015225933202357655,0.0,0.00933202357563867,-0.32569387355099444,0.01105108055010029,-0.27053186483700586,0.018025540275050655,-0.30957783563389196,0.025337671905697468,-0.2511637978979455,0.02256876227897897,-0.26692617292561915
2018-10-10,78.87,0.03512108533029035,0.039305185748700344,-0.0025484975275771315,0.032585266894890275,-0.25990913685425365,0.039964498541906535,-0.43884553933990145,0.0488905794345138,-0.46741052136121475,0.0576898694053507,-0.43237653605434456,0.05502726004818115,-0.44713362474590834
2018-10-11,79.06,0.003921072603086273,0.003984315709587571,-0.007209714141158674,-0.0024032380470528913,0.27131832533809996,0.02974955729825668,-0.1746463633791826,0.04132304578801049,-0.25931685163076945,0.05225145459144964,-0.24177032635633455,0.05054389071591259,-0.2700050962337972
2018-10-14,80.13,-0.01397728690877309,0.005116685386247433,-0.015100461749656735,-0.013353300886060016,0.019428149618079926,0.008286534381632071,-0.06729187758910948,0.02221390240858745,-0.19587512056887457,0.035361287907150984,-0.20188503270269498,0.03470610258330287,-0.2374900514771141
2018-10-15,81.01,-0.013578570546846191,0.0009875324034069877,-0.013702012097271954,-0.010862856437476975,0.024117746389692662,-0.008270583878531412,0.008016867649647708,0.006739908653254023,-0.12584884039663868,0.021571410936921387,-0.16893764155969748,0.022305888161956,-0.20847773822624516
2018-10-16,81.86,-0.013437576349865532,0.0038651355973613466,-0.01807964817981922,-0.010383581724896063,-0.08791292992435318,-0.02147569020278306,-0.01901190106384687,-0.007806010261420693,-0.18272367516463606,0.00913755191790866,-0.22542118859512628,0.01100252463555762,-0.26629742999000494
2018-10-17,80.24,0.005857427716849495,0.013708873379860487,-0.0029910269192422456,0.020189431704885408,0.05125308383481375,-0.0006729810568272265,0.05314403982081961,0.010767696909273594,-0.11635513294292965,0.028177966101694985,-0.1643546032361356,0.030820039880360195,-0.21949485141815617
2018-10-18,87.3,-0.027949599083619714,0.005269186712485663,-0.027949599083619714,-0.08087056128293246,-0.6740189896872322,-0.07835051546391547,-0.6744699115265219,-0.07289805269186567,-0.7025706580953952,-0.05790378006872843,-0.7278985989992814,-0.05346315387552414,-0.743006729323545
2018-10-21,86.6,0.0015011547344112586,0.007390300230947,-0.01581986143187053,0.008083140877598094,1.143609583053582,-0.05187066974595633,-0.01336878469281777,-0.05945727482678853,-0.186686418664328,-0.04943418013856804,-0.37114688957013386,-0.043737490377212085,-0.4038751288780441
2018-10-22,87.16,-0.013194125745754848,0.0016062413951354326,-0.013194125745754848,-0.0064249655805415085,-0.13192420134166893,-0.04311610830656043,-0.08904360254989496,-0.06068150527764882,-0.25138049040630317,-0.0542049105094079,-0.4303389985305426,-0.04826755392381743,-0.4674790731840701
2018-10-23,89.46,-0.02436843281913692,0.013860943438408269,-0.025039123630672844,-0.025709814442208767,-0.39070521843924877,-0.05396825396825189,-0.3939756526709557,-0.07928683210373233,-0.5064136180453308,-0.0762631343617256,-0.6330364737347962,-0.0708174975780601,-0.6616878753193306
2018-10-24,89.0,-0.010000000000000009,0.0037078651685393815,-0.01904494382022459,0.005168539325842714,0.8218860573722728,-0.03199999999999803,0.3269111440880994,-0.06551685393258289,0.01802565523570787,-0.06800561797752791,-0.2627894527247371,-0.06363670411984945,-0.3363798848983185
2018-10-25,87.86,0.009446847256999735,0.014910084224903253,-0.005406328249487724,0.012975187798770715,0.02240588386905973,0.0005007967220598264,0.42343444489435633,-0.04186205326655912,0.055462301755457855,-0.05241862053266533,-0.21704561093655228,-0.04938159192654901,-0.299820049253129
2018-10-28,88.24,0.0005666364460563678,0.013372620126926638,-0.00906618313689933,-0.004306436990027196,0.11313424561381713,-0.002538531278329925,0.3369326691036938,-0.036015412511331446,0.20947230702814168,-0.05387579329102421,-0.09271035275811634,-0.05186990027198468,-0.19645289363318907
2018-10-29,89.19,-0.003812086556788885,0.002716672272676357,-0.011043838995403066,-0.010651418320439587,-0.06973176312869822,-0.0094853683148316,0.22571960810373537,-0.03719026796725955,0.14815746059079138,-0.061391411593227696,-0.12716053979636655,-0.06047763202152634,-0.2385686232587525
2018-10-30,88.68,0.0010148849797022574,0.007216959855660621,-0.015899864682002773,0.005751014884979533,0.036070295575877376,0.0007893549842148406,0.23361882152062807,-0.022428958051419645,0.22235882516216487,-0.05327018493459623,-0.0715288115067767,-0.05312359043752757,-0.1915933388966674
2018-10-31,89.59,-0.008706328831342813,0.0026788704096438742,-0.01573836365665804,-0.010157383636566597,0.3729853834112429,-0.011117312200020324,0.4195739298541423,-0.024746065409084528,0.708972317821799,-0.059733229155039536,0.30253595837013036,-0.06100011161959984,0.13460649878473374
2018-11-01,89.81,0.000779423226812126,0.001558846453624252,-0.009239505622981925,-0.002449615855695364,-0.14148296455299958,-0.012225810043423047,0.1318409753841916,-0.01672419552388249,0.4659717917601751,-0.05776639572430675,0.13016734335521019,-0.06173031956352237,-0.026864069124763135
2018-11-04,91.2,-0.014364035087719329,0.002631578947368318,-0.015186403508771984,-0.015241228070175472,-0.07612826640105319,-0.02300438596491039,-0.003218966001443113,-0.028958333333331976,0.20001294979765238,-0.06792763157894732,0.06809625424046795,-0.07457236842105208,-0.11742705640042994
2018-11-05,91.51,-0.007103048847120541,0.00021855534914205776,-0.011801988853677225,-0.0033876079117036717,0.38525241521010845,-0.019844825702107327,0.36705156117262216,-0.027221068735655884,0.6413940510898433,-0.0662769096273631,0.5082458476449054,-0.07518304010490606,0.24471714312324844
2018-11-06,91.29,0.0032862306933947316,0.0036148537627340716,-0.0073392485485814785,0.002409902508489381,-0.01797831086183055,-0.01240004381640758,0.23190876899135482,-0.020111731843573954,0.5297046116275324,-0.05892759338372233,0.4954851508704292,-0.06989082411363001,0.23416680607767715
2018-11-07,91.36,-0.004487740805604212,0.0018060420315237913,-0.00755253940455336,-0.0007661996497372314,0.3635805813571693,-0.007443082311731963,0.5485174612139312,-0.01885945709281822,0.818544644870963,-0.054257880910683065,1.0371301060437759,-0.06767367192060658,0.6951765713218012
2018-11-08,92.41,-0.011470620062763781,0.002759441618872538,-0.013418461205497167,-0.011362406665945235,-0.3825688703639958,-0.014890163402227263,-0.102092058879093,-0.027453738772858616,0.04776035510248877,-0.05824586083757166,0.23004084843479666,-0.07520109656242058,0.04770454210003483
2018-11-11,92.7,-0.00528586839266465,0.008090614886731462,-0.01024811218985977,-0.0031283710895362304,-0.14442215255240654,-0.01236245954692372,-0.24171346007475814,-0.025587918015101296,-0.13248712430945864,-0.053991370010787465,0.055725404901566744,-0.0747932398417831,-0.08873294058680614
2018-11-12,93.47,-0.016047929817053608,0.0010698619878035664,-0.02014657109232909,-0.008237937306087462,-0.0682336439905501,-0.017288969722903724,-0.2897071934817791,-0.028843479191182908,-0.1943358892795357,-0.05506044720231096,-0.005779176665364538,-0.07919475054384606,-0.13200666455841403
2018-11-13,93.49,-0.0007487431810888623,0.0043854957749493995,-0.0054016472349983635,-0.00021392662316821465,0.15626175200466452,-0.013306235961063395,-0.09988365327177962,-0.024473205690446642,-0.0719278479933394,-0.04859878061824785,0.16668319421712963,-0.07614361607302,0.020973418519477427
2018-11-14,93.83,-0.005328786102525851,0.0007460300543538079,-0.0118299051476074,-0.003623574549717623,-0.07017753399250926,-0.01219226260257722,-0.12140562903761787,-0.022881807524244513,-0.1509731722251404,-0.04584887562613227,0.08979837529701395,-0.07577533837791739,-0.04090631278372425
2018-11-15,93.82,0.0,0.010552121082924915,-0.0016520997655082859,0.00010658708164568154,-0.03950467724824147,-0.006821573225323174,-0.06567197230940558,-0.01825836708590778,-0.16324631755496977,-0.03850458324451056,0.0568529180369135,-0.07144532082711563,-0.06478497418330675
2018-11-18,93.29,0.004609282881337773,0.009593739950691349,-0.004073319755600879,0.00568120913281156,0.37595449143833437,0.0018437131525370631,0.3342400015224498,-0.008382463286524588,0.16907628530709085,-0.029547647121878073,0.36292830530193143,-0.06200021438525016,0.3134550341634914
2018-11-19,92.1,0.01237785016286641,0.01834961997828466,-0.002605863192182367,0.012920738327904635,-0.2166558159192019,0.016069489685127003,-0.005579407139231329,0.006699239956570402,-0.1074999438897235,-0.013376764386536233,0.0483213875727706,-0.0459391965255157,0.03514261575922761
2018-11-20,91.41,0.0027349305327644124,0.01044743463516018,-0.0018597527622798982,0.007548408270429796,0.3548076145196817,0.020741713160487896,0.31662092645334994,0.014943660431026462,0.2452566226252313,-0.0032272180286621044,0.3967321807001545,-0.035127447762826614,0.42413511650411384
2018-11-22,91.54,-0.0031680139829582954,0.00491588376665919,-0.009941009394800249,-0.0014201441992572894,1.0256371617816118,0.014747651299980014,1.5437742542410402,0.013633384312869978,1.5199879038471766,-0.0035776709635132464,1.6270819724593193,-0.032867234724346384,1.881875021876263
2018-11-25,91.94,-0.008592560365455637,0.005003262997607116,-0.008592560365455637,-0.004350663476180072,-0.4615807750722961,0.005351316075703716,0.17135691558041466,0.009419186425931425,0.32970069872493757,-0.006531433543615406,0.351707633964907,-0.03248132840258122,0.5183681145717829
2018-11-26,92.72,-0.00852027610008621,0.0015099223468506562,-0.009383088869715284,-0.008412424503882687,-0.09447317849084313,-0.00716134598791851,-0.04663445971238478,0.0004206212251955943,0.1759090563552994,-0.012688740293356204,0.18985164566410662,-0.0359900776531491,0.3686131388209415
2018-11-27,93.01,-0.004085582195462956,0.002257821739597876,-0.008601225674658708,-0.0031179443070638024,0.1149358470732702,-0.011482636275667257,0.05220977918702108,-0.002677131491236273,0.26784395782335335,-0.013358778625954137,0.3027942714127976,-0.034483747267318954,0.523167190582132
2018-11-28,92.82,0.0004309416074121941,0.005171299288946329,-0.0017237664296487765,0.002046972635208144,0.32101308109075033,-0.007498383968970179,0.260047638228879,-0.0011312217194556773,0.5875954870008415,-0.00928140486964013,0.6740798777609707,-0.02819794584500468,1.0046733927293325
2018-11-29,94.51,-0.014072584911649533,0.0014813247275420327,-0.018622368003385903,-0.017881705639614998,-0.6239234084417029,-0.022262194476773023,-0.5603176935618294,-0.01970161887630828,-0.4366770325374667,-0.02480689874087405,-0.39262346575843765,-0.04170987197122,-0.2547815995890643
2018-12-02,93.32,0.014466352336048205,0.014466352336048205,-0.011358765537933913,0.012751821688812726,0.16936186229402383,-0.003429061294468627,-0.3151387399745714,-0.006472353193312075,-0.3140566733958632,-0.009735319331332981,-0.26621649284304516,-0.02439277039577059,-0.11320451824182653
2018-12-03,93.31,0.0019290536919942536,0.01661129568106312,-0.0015003750937734317,0.00010716964955514996,0.2524920482707118,-0.00036437680848588894,-0.03864087796117133,-0.006901725431356809,-0.1326093223996625,-0.007748365662844314,-0.06927324237363508,-0.022137677276461876,0.06172673116629879
2018-12-05,93.55,-0.00908605024051301,0.00085515766969535,-0.026402993051843904,-0.00256547300908605,-0.21662281933870342,-0.0016675574559039674,-0.21732144224128347,-0.009428113308390218,-0.30877859727377766,-0.009166221272047026,-0.274927957726279,-0.022255478353821245,-0.1753110141431431
2018-12-06,92.45,0.012276906435911172,0.014386154678204477,-0.003353163872363507,0.01189832341806385,0.7756244256432014,0.011379123850732142,0.5424452878452128,0.003926446727962052,0.2539247584309545,0.003726338561384601,0.32085397391443204,-0.008318009734991638,0.45570556618247204
2018-12-09,93.03,0.0023648285499300314,0.003977211652155255,-0.01788240352574444,-0.006234547995270345,-0.14086317961420336,0.004278189831239176,0.36535081504231726,-0.0012146619370084766,0.06745962980681375,-0.0019079866709664772,0.12929856114528238,-0.013429359704754451,0.18365872679336315
2018-12-10,93.91,-0.0020232137152592644,0.006495580875306217,-0.005430731551485324,-0.009370674049621885,0.0645205929232151,-0.008284527739322978,0.2937057289233449,-0.008987328293045382,0.19246749685126896,-0.010371632414013288,0.2175616385591992,-0.021243744010222332,0.2396372300591525
2018-12-11,94.03,0.0019142826757416742,0.00553014995214296,-0.009890460491332576,-0.0012761884504945975,-0.0933349743999824,-0.008295224928212441,0.06536232283790344,-0.008156971179409833,0.08710378764957016,-0.010836966925449332,0.09370837236396756,-0.020348115849551318,0.10460740521993306
2018-12-12,96.49,-0.016789304591149246,0.0031091304798425146,-0.017514768369779277,-0.025494869934708175,-0.47953374772535284,-0.03208622655197224,-0.4614842461576887,-0.03208622655197335,-0.4308532252134225,-0.035366359208208076,-0.43852786136836797,-0.04332400594189345,-0.43090848215984234
2018-12-13,96.64,-0.0019660596026489507,0.002638658940397276,-0.0064155629139073245,-0.0015521523178808616,0.4638756869151939,-0.027504139072845768,-0.14326252721590393,-0.02998758278145608,-0.08439477201841683,-0.035301117549668914,-0.15796662832476438,-0.04229097682119176,-0.1545825788721371
2018-12-16,92.77,0.034817290072221674,0.040206963458014444,-0.0039560202651718335,0.04171607200603655,0.01854423789667825,0.02209766088175269,-0.05236358164662791,0.014595235528727768,-0.014862877567474841,0.006640077611296702,-0.13818754335115924,0.0005210017606269712,-0.14079444000092267
2018-12-17,92.49,0.0069196669910260855,0.008865823332252276,-0.006811547194291223,0.0030273543085739263,0.014423950487124415,0.02462968969618551,0.012230637585530557,0.015785490323279028,-0.03219673959588509,0.009114498864742249,-0.1260534105566672,0.004696003171514196,-0.12106809685578357
2018-12-18,91.76,0.008609415867480319,0.017327811682650296,-0.005122057541412373,0.007955536181342593,0.1315439096846691,0.029686137750655872,0.21016545316855417,0.022962074978204683,0.07958130135630559,0.016417829119442118,-0.01461710962603624,0.01366245277535616,-0.0026342587285920205
2018-12-19,90.98,0.005825456144207486,0.013684326225543941,-0.009342712684106469,0.008573312816003487,-0.25021060081830293,0.033523851395913296,-0.07625148549409821,0.030028577709387383,-0.19259816726732792,0.02429105297867662,-0.25643253225149654,0.022558071370997412,-0.25551863250515017
2018-12-20,90.97,-0.003957348576453801,0.0241837968561065,-0.006705507310102221,0.00010992634934603451,-0.39872363000094113,0.021523579201936816,-0.4786352268459103,0.027316697812466595,-0.5135290181378456,0.023788061998461174,-0.5479860195594584,0.022476274229599635,-0.5446133996363937
2018-12-23,87.36,0.035370879120879106,0.03777472527472514,-0.005494505494505586,0.04132326007326004,2.2467268396579327,0.05075549450549688,0.999811347640845,0.06807463369963473,0.7959950648088587,0.06584249084249105,0.5696570174648767,0.0646062271062271,0.5460908150519184
2018-12-25,90.09,-0.029637029637029633,0.0,-0.037185037185037295,-0.030303030303030387,-0.14302060490790336,0.006904206904209342,0.5972208637625407,0.02941502941503038,0.5169841870658649,0.031224331224331214,0.36252494033494465,0.03086543086543103,0.32798678360658373
2018-12-26,92.02,-0.026189958704629368,0.00032601608346016775,-0.04151271462725492,-0.02097370136926746,-0.24023587540222535,-0.01943055857422049,0.14978399654584607,0.0036731145403183785,0.1515563454453186,0.008590523799174132,0.03721997388258247,0.008403970151416695,0.0028457715296674735
2018-12-27,91.18,0.015134898003948294,0.023031366527747288,-0.0037288879140162656,0.009212546611098826,0.18188525733718652,-0.009826716385169854,0.3700144642700902,0.010715069094100471,0.3788612750301421,0.017498354902390822,0.238027026951108,0.017445346201652612,0.18121891048039007
2018-12-30,91.92,-0.0031549173194082014,0.0028285465622279737,-0.008376849434290623,-0.008050478677110506,0.3276568819025627,-0.01736292428198205,0.6855440203884284,-0.0031984334203645215,0.7074766087925441,0.008311575282854644,0.6541595042841695,0.00842399187699483,0.550631875800869
2019-01-01,91.28,-0.0027388255915863358,0.00120508326029789,-0.014789658194566124,0.007011393514460895,-0.26455324649598866,-0.00839176161261812,-0.10119006610575398,-0.0013803680981586686,0.20071743663066366,0.014888255915863402,0.22219827154912974,0.01492112182296279,0.12556500568446838
2019-01-02,90.64,0.003309796999117376,0.020520741394527864,-0.0028684907325684517,0.007060900264783676,0.0024017133973674998,0.007259488084733423,-0.04918863001628537,0.0040269196822604325,0.17729392090353135,0.02027250661959412,0.19230507767994043,0.021149602824360514,0.11925251719474805
2019-01-03,92.49,-0.01783976646123897,0.0,-0.022921396907773728,-0.020002162395934664,-0.07054469993622858,-0.011698562006701052,-0.09374948773662783,-0.018056006054707696,0.07123981648809452,-0.0015839550221642407,0.08873615421905323,-0.00042166720726521945,0.03021903388027125
2019-01-06,92.12,-0.0022796352583587254,0.004125054277029916,-0.007815892314372519,0.004016500217107977,0.17232298687969827,-0.006708640903167362,0.044790369199189994,-0.013319583152408998,0.25294499459099606,0.0019811115935737256,0.2732557654433996,0.003303661890288412,0.2118451859865189
2019-01-07,92.46,0.002595717066839809,0.006813757300454304,-0.006921912178239231,-0.0036772658446895257,-0.056398331768996,-0.00832792558944162,-0.026681100797943058,-0.015714903742157782,0.12546345130339054,-0.002476746701275956,0.17429380506698733,-0.0003785420722470789,0.13281422808893817
2019-01-08,90.95,0.019131390874106646,0.02210005497526102,-0.0015393073117097034,0.016602528862011967,-0.3639014143375193,0.009323804288072779,-0.3500834595793776,0.0022649807586596626,-0.38041741377597194,0.01409015942825742,-0.24785728585079092,0.01660252886201241,-0.27799962776619136
2019-01-09,91.17,-0.00307118569704945,0.004003509926510773,-0.006197213995831952,-0.002413074476253163,0.3524674320798551,0.00616430843479443,-0.027847730038506047,0.0037841395195796768,-0.09341020731259042,0.010502358231874842,0.04295232937200222,0.013933677013638013,0.008354658277139215
2019-01-10,91.77,-0.001089680723547981,0.0022883295194509046,-0.007191892775416764,-0.006538084341287886,0.5491275772543174,0.0007409828920150741,0.5417614440647194,-0.001601830663614745,0.4389056690072013,0.002402745995423672,0.6321197742783784,0.0070248083978066145,0.5757012941426913
2019-01-13,91.15,0.0038398244651671742,0.008337904552934594,-0.003291278113000673,0.006801974766867724,-0.09874870239413391,0.005968184311576641,0.3040288123518873,0.00491497531541496,0.2440832379188258,0.007981349424026618,0.4553740594518838,0.013527153044432527,0.412317695414256
2019-01-14,92.01,-0.009346810129333805,0.006521030322790944,-0.009455493968047013,-0.009346810129333805,0.014947872553869646,-0.005542875774370293,0.29644784932485235,-0.004510379306596257,0.2414950782562615,-0.0043419193565914505,0.4096264812327408,0.003380067383980334,0.4328259154487599
2019-01-15,91.37,0.004049469191200528,0.008536718835504109,-0.004158914304476458,0.00700448724964442,-0.016312950724171826,0.0004377804531050522,0.23220001104839194,0.002561015650652143,0.22871580020489746,9.850060194827037e-05,0.35635487811614874,0.010112728466674437,0.4166003386499535
2019-01-16,90.64,0.0007722859664607284,0.01015004413062659,-0.003254633715798816,0.008053839364519089,-0.00994202196336258,0.009421888790823063,0.04466686712385659,0.010734774933804925,0.19314216396561168,0.0073808473080319015,0.3151344080374465,0.017093262724330982,0.36801460246517603
2019-01-17,91.42,-0.0005469262743381664,0.004594180704440953,-0.004156639684970376,-0.008532049879676262,-0.11604640410183742,-0.0003500328155742194,-0.14375204645772177,0.002111135418946475,0.03517315284803191,-0.0022259899365563163,0.139411050893673,0.007438197330999818,0.18769852379619212
2019-01-21,90.44,0.010504201680672232,0.014484741264927159,-0.015037593984962405,0.010835913312693624,-0.3264600538456478,0.009708093763823644,-0.39465396300725997,0.011786819991155273,-0.3136097209607198,0.008397832817337747,-0.2389464116728377,0.017658115877930314,-0.20502709118866047
2019-01-22,94.84,-0.006959088991986495,0.016554196541543664,-0.012758329818642,-0.046393926613243375,-0.4091458700112143,-0.03863348797975319,-0.5937027283314783,-0.036925347954448795,-0.5747681482759607,-0.03867039223956115,-0.5523557770553875,-0.030648109096021225,-0.5312887922657236
2019-01-23,94.3,-0.00010604453870610708,0.002757158006362781,-0.011770943796394429,0.005726405090137998,0.882751007416605,-0.02712619300105812,0.012499712884106673,-0.028886532343583404,-0.08975343269176062,-0.03111346765641554,-0.16191406643948214,-0.02425238600212065,-0.07672077508036568
2019-01-24,93.6,0.008707264957265037,0.013782051282051455,-0.005769230769230638,0.007478632478632452,0.1439045907943779,-0.013589743589741188,0.23696493642569383,-0.01804487179487091,0.014216697910590437,-0.020160256410256094,-0.018943287051642832,-0.016502849002848596,0.06505379837652137
2019-01-27,93.52,-0.002138579982891353,0.0048118049615055725,-0.0058810949529511936,0.0008554319931566301,0.08733775459683568,-0.006415739948671728,0.39770680704937744,-0.01460650128314711,0.09784187181953952,-0.017445466210435967,0.07691593574849076,-0.01577202737382344,0.1644717975919423
2019-01-28,93.54,0.0026726534103056476,0.006200555911909378,-0.004703870002138233,-0.00021381227282457616,-0.0004323479369152672,-0.002138122728242542,0.4107074078172068,-0.012946333119520315,0.12396730614379314,-0.01685375240538789,0.0682898172337123,-0.016164207825529076,0.16438305276606635
2019-01-29,94.52,-0.009627592044011868,0.0014811680067710054,-0.010050782903089361,-0.01036817604739726,0.26054526251196375,-0.005924672027082023,0.6816887644760845,-0.020651713922978487,0.44026504210931305,-0.025798772746508436,0.34764661619793813,-0.027405134715756563,0.4300832380496744
2019-01-30,96.47,-0.02114647040530726,0.0035244117342179138,-0.024774541308178688,-0.02021353788742619,-0.5169337773741496,-0.02668187001140032,-0.3760916517596622,-0.03784596247538019,-0.3047831804488911,-0.044143256971078904,-0.34740577299182995,-0.047797242666113515,-0.31937070824377234
2019-01-31,97.47,-0.0114907150918232,0.001436339386477803,-0.015184159228480598,-0.010259567046270623,0.2612287846974142,-0.032215040525287786,-0.15182881059099218,-0.042484867138605886,-0.059660863303210965,-0.05128757566430675,-0.15255924295793333,-0.05630108409425094,-0.1320934889704546
2019-02-03,98.03,-0.00836478628991133,0.001938182189125781,-0.013363256146077807,-0.005712536978475957,0.0701225341645002,-0.029848005712534986,-0.05697680082067991,-0.04098745282056426,0.04561586950551,-0.05322350300928269,-0.08093365792640372,-0.05999863987214782,-0.06991459943978529
2019-02-04,97.44,0.00564449917898191,0.005952380952380931,-0.002360426929392534,0.006055008210180679,0.21641013603400538,-0.014716748768470844,0.1905301430698767,-0.028396962233168233,0.3004117765093792,-0.044647988505746916,0.12472453837839548,-0.05216201423097944,0.1349842595064501
2019-02-05,97.92,-0.006881127450980351,0.004033905228758128,-0.008169934640522847,-0.004901960784313819,0.12407284590729462,-0.011580882352939192,0.33830858200259994,-0.02601102941176381,0.4187449548991855,-0.04661458333333324,0.26864325923922006,-0.05460920479302811,0.25791210599521497
2019-02-06,97.14,0.003911879761169468,0.004735433395099742,-0.008235536339304073,0.008029647930821504,-0.004403077779996822,0.00335598105826862,0.35402559258899613,-0.01501955939880495,0.2501732488003474,-0.03614885731933293,0.2581483391750934,-0.044633175485553234,0.19389130310642377
2019-02-07,97.71,-0.007164056903080418,0.000102343670044025,-0.010336710674444638,-0.005833589192508426,0.16693092071723692,-0.0011257803704819436,0.3846348062473266,-0.017858970422678366,0.41324260900462884,-0.0386040323405995,0.4261913915584896,-0.04686998942448717,0.39913903290901676
2019-02-10,98.27,-0.007937315559173763,0.001221125470642237,-0.00854787829449466,-0.0056985855296631804,-0.11902504387611001,-0.006329500356159534,0.09650052999797998,-0.01927343034496698,0.2081213890797342,-0.040755062582680135,0.23513606420816036,-0.04971676673111469,0.22810240709966534
2019-02-11,99.26,-0.00886560548055626,0.0008059641345958823,-0.012895426153536227,-0.00997380616562571,-0.24419737347400217,-0.015756598831350166,-0.23164764875064014,-0.024269595003021616,-0.098210426024809,-0.04704815635704218,-0.06057511889979028,-0.057095842568338884,-0.08029682564935026
2019-02-12,99.24,0.0005038291011689733,0.004635227730753755,-0.0023176138653767664,0.00020153164046776695,-0.030074997199536102,-0.011890366787583706,-0.2294507138205525,-0.018309149536476332,-0.1126544289703113,-0.0427700523982264,-0.07464592902304101,-0.05419185812172467,-0.10327675562044614
2019-02-13,98.46,0.0024375380865326868,0.003656307129798808,-0.006296973390209071,0.007921998781230899,0.4611676109459901,-0.0013812715823665611,0.1988704208337484,-0.005738370912044433,0.3449429838554088,-0.03151533617712776,0.37575590053731234,-0.0442210034531787,0.32853726866417565
2019-02-14,98.48,0.004772542648253442,0.007311129163281915,-0.0023354995938261736,-0.00020308692120241112,-0.3429371885300253,0.0010966693744940414,-0.22556214874894998,-0.003919577579203026,-0.18351922968095358,-0.028112307067424847,-0.09618592181192753,-0.04198483617655002,-0.1323533855915051
2019-02-18,99.99,-0.014301430143014215,0.00010001000100023916,-0.015201520152015147,-0.015101510151015018,0.19513561649763478,-0.012481248124810551,0.016379915328748496,-0.01795179517951695,-0.030652288285480056,-0.038868886888688836,0.10010515332491554,-0.05383871720505351,0.04437783556584041
2019-02-19,99.28,0.005036261079774285,0.009468170829975753,-0.003424657534246589,0.007151490733279475,0.12862100543579702,-0.001954069298950478,0.18296522846820684,-0.008954472199837804,0.07403095447086994,-0.02767929089443999,0.24717580072335732,-0.04455412301907036,0.17696603299327673
2019-02-20,99.78,-0.006814992984566115,0.0008017638805370986,-0.011926237722990507,-0.005011024253357421,0.20185845218978615,-0.0069152134696313095,0.3602071752426659,-0.012076568450590464,0.2797510377902741,-0.02812186810984174,0.4682728792375457,-0.046949956571122775,0.4142554225563211
2019-02-21,100.25,-0.005586034912718252,0.0014962593516210099,-0.008478802992518686,-0.004688279301745646,-0.060670839721778336,-0.0104937655860331,0.1731507911914656,-0.014852867830422944,0.1863465597277134,-0.030214463840399053,0.28188716222831656,-0.04898420615128807,0.3195919436450827
2019-02-24,99.57,0.007934116701817873,0.008838003414683326,-0.002410364567640766,0.00682936627498254,0.0657411864684827,-0.000140604599777161,0.25015565709183707,-0.005001506477853801,0.25349026336383895,-0.020603595460480073,0.33778173852943305,-0.03937598339526582,0.37456535867736296
2019-02-25,99.83,0.00010017028949227402,0.003505960132224928,-0.002003405789842816,-0.002604427526795572,0.04517865203848115,-0.0005609536211540478,0.1764304333869824,-0.00572974055894937,0.3094681870130629,-0.02016427927476716,0.37586279105196674,-0.039073090921232234,0.41949443619628957
2019-02-26,98.91,0.004347386512991713,0.007267212617531049,-0.0009099181073703999,0.009301385097563397,0.1830847746544304,0.008411687392581024,0.2926132397692556,0.005095541401274772,0.5262834882481242,-0.007860681427560468,0.605728995719184,-0.027418865635425616,0.679096906237838
2019-02-27,98.55,0.0036529680365295913,0.0065956367326232,-0.0047691527143581824,0.0036529680365295913,-0.43131697074630715,0.011344495180113379,-0.3203875491889828,0.008411973617453938,-0.18142999773161217,-0.001511922881785921,-0.10460497855810902,-0.021241332656857348,-0.05123396735671115
2019-02-28,98.44,0.001726940268183652,0.003453880536367304,-0.006196668021129614,0.001117431938236546,0.36757718279017326,0.009975619666803937,0.010394772794250606,0.008837870784234925,0.10637680256110205,0.0016507517269401806,0.24278874695744967,-0.017933089530000945,0.3093245735645105
2019-03-03,98.87,-0.0030342874481643634,0.00010114291493867889,-0.010013148578942088,-0.004349145342368854,0.1215233172073591,0.0019217153838391177,0.12759676382181828,0.00443005967432053,0.2379706942155042,-0.0017093152624659824,0.33354909159783475,-0.01982063989750804,0.4673178209176676
2019-03-04,99.09,-0.0018165304268846771,0.005954183065899787,-0.0018165304268846771,-0.0022202038550812597,0.09886564290859479,-0.0017156120698338384,0.2218160550254027,0.0025936017761638563,0.2779100291318455,-0.0032192955898677766,0.4189683215084812,-0.019228310963097073,0.6062780295738166
2019-03-05,98.93,-0.0007075710098050081,0.0017183867380974327,-0.005357323359951538,0.0016173051652683679,0.3575152243757893,-0.0015970888507006453,0.6222682064583069,0.0033053674315179915,0.6520611670626046,-0.0010714646719903742,0.8655576473214854,-0.015057784965800236,1.1601664259164752
2019-03-06,98.55,0.004261796042617894,0.010654490106544845,-0.0030441400304414,0.00385591070522584,-0.4502836493304134,0.0022932521562679664,-0.14131954082369258,0.006818873668189784,-0.14327460551800286,0.003536276002029437,-0.005098284831926092,-0.008388296972771436,0.15223731863159817
2019-03-07,98.41,0.0041662432679605566,0.007824408088608958,-0.006706635504521885,0.0014226196524742551,0.6344654655296751,0.0037191342343279032,0.31923274442761973,0.00700132100396389,0.41902077335909516,0.005284015852047519,0.6233581523820262,-0.005720963316735661,0.7895977182414338
2019-03-10,99.58,-0.007933319943763784,0.0010042177144005127,-0.01074512954408513,-0.011749347258485643,-0.3181301871832751,-0.008134163486642088,-0.1690761502163478,-0.00667804780076231,-0.06927502896697824,-0.0058897368949588635,0.08314122525215395,-0.016027314721831498,0.18933702841790234
2019-03-11,100.05,-0.0026986506746626837,0.004697651174412787,-0.0031984007996000985,-0.004697651174412787,-0.006996486029073323,-0.011374312843576373,-0.15779289090475235,-0.011334332833582317,-0.07436621449687064,-0.00962518740629692,0.07596755285664303,-0.018657337997667445,0.1675306445315936
2019-03-12,101.18,-0.011761217631943155,0.004052184226131628,-0.01205771891678209,-0.011168215062265396,-0.231251998902823,-0.020517888910850157,-0.3257824544164155,-0.0221585293536265,-0.28353840984415823,-0.019806285827238757,-0.17738697959345973,-0.02746590235224322,-0.10977404839241078
2019-03-13,101.32,-0.003750493485984996,0.004540071061981843,-0.005921831819976298,-0.0013817607579943436,0.1505438792427669,-0.01742992499012841,-0.1017920856554222,-0.021269245953414062,-0.13063728896901006,-0.02021318594551913,-0.06143631801633609,-0.026296223187260992,0.024684973150805645
2019-03-14,102.44,-0.006638032018742579,0.004392815306520914,-0.006930886372510714,-0.010933229207340966,-0.7211196785550664,-0.0227645450995686,-0.7483277035625723,-0.029265911753220575,-0.7639975597112376,-0.029910191331511182,-0.7431179233963334,-0.03472927241962731,-0.7133267540852415
2019-03-17,101.51,0.005418185400453135,0.00768397202246085,-0.00305388631661907,0.009161658949857099,2.6482547889772956,-0.0058713427248529015,0.5259524509157734,-0.01643187863264639,0.1342311573906123,-0.019062161363412655,0.07262184403977123,-0.02392539322890974,0.1041226948436913
2019-03-18,101.9,9.813542688896781e-05,0.002355250245338558,-0.005986261040235474,-0.003827281648675185,0.1511915374133559,-0.00588812561334473,0.7811619258863756,-0.017605495583905006,0.3268221969467868,-0.02132973503434754,0.21007380930111164,-0.026339548577035687,0.2516133269232743
2019-03-19,101.72,9.830908375940695e-05,0.005800235941801013,-0.0065867086118757134,0.0017695635076682148,-0.023923522661290386,-0.0004915454187948143,0.7315327288051254,-0.01310460086511922,0.30917863543707136,-0.018659064097522715,0.16273054586003943,-0.023348407392842496,0.20147088969593785
2019-03-20,102.49,-0.01180602985657131,0.004097960776661136,-0.01180602985657131,-0.007512928090545379,-0.08600710898456254,-0.006947019221385631,0.5249651082707936,-0.017796858230070378,0.23175404013017165,-0.024841447946141182,0.05400815166158113,-0.029293914853481096,0.08897772889570388
2019-03-21,101.66,0.00806610269525887,0.014656698799921486,-0.025280346252213204,0.008164469801298369,-0.255090299556025,0.003462522132600787,0.12927109692053596,-0.005902026362383572,-0.08415316796649797,-0.015546921109581002,-0.2113423829963903,-0.019870155420027125,-0.1902383224724873
2019-03-24,101.96,-0.002942330325617859,0.0037269517457827472,-0.006865437426441634,-0.002942330325617859,0.5867079746631254,-0.0010200078462123674,0.22345811706731045,-0.005639466457433517,0.537888786428802,-0.017752059631227834,0.27373034556269693,-0.021276317510134257,0.29589639205350626
2019-03-25,103.02,-0.005629974762182077,0.004465152397592709,-0.00601824888371183,-0.010289264220539773,0.0066479787091009435,-0.010425160163073488,0.1885317555135817,-0.013560473694427477,0.5395847585807552,-0.026698699281692773,0.2787152084651845,-0.029971526564420703,0.3019653953905901
2019-03-26,102.9,-0.0013605442176870541,0.0011661807580174433,-0.00839067055393583,0.0011661807580174433,0.14450779061872598,-0.007094266277938299,0.3462148410926462,-0.009523809523808713,0.7506651348299551,-0.0240136054421769,0.4617952751914507,-0.027301587301586938,0.48135960004838885
2019-03-27,103.55,-0.0023177209077739347,0.0012554321583777561,-0.0042491549975857135,-0.0062771607918878924,-0.11136433285613223,-0.011047802993721434,0.15281735563490262,-0.014080154514726329,0.4990877393475388,-0.028213423466924126,0.29917212533460735,-0.03223563495895665,0.2908672125972447
2019-03-28,104.05,-0.0018260451705910397,0.0009610764055743015,-0.009034118212397857,-0.0048053820278711745,-0.09846428800810214,-0.01376261412782187,0.0014237396274947578,-0.01667467563671232,0.32764097132244174,-0.030480538202787066,0.14615640063122792,-0.035505366009930595,0.1425592519322465
2019-03-31,103.64,0.005692782709378674,0.005692782709378674,-0.004858162871478222,0.003956001543805376,0.13721102618677095,-0.005248938633730771,0.03317502073476519,-0.011231184870705624,0.1586883344460286,-0.02393863373214966,0.301931894596164,-0.029891933616363775,0.29734693095292997
2019-04-01,103.75,-0.0013493975903614563,0.0025542168674699273,-0.0046775903614457714,-0.0010602409638553745,0.08829105566934992,-0.003065060240962314,0.11358861097936068,-0.010226506024095583,0.23115514788094882,-0.022674698795180692,0.41467403586035845,-0.02926265060240929,0.382095955647759
2019-04-02,103.69,-0.0010608544700549949,0.0019288263091907787,-0.009065483653197037,0.0005786478927571892,0.16498623395954937,-0.0010801427331452729,0.26591210780177676,-0.007869611341497995,0.41045170597497815,-0.01986208891889274,0.6462967342245387,-0.027492204326999836,0.5845509311608692
2019-04-03,103.43,0.0004834187373101706,0.0023204099390892186,-0.0062361017113024,0.0025137774340131536,0.09198339282177459,0.0029585226723400915,0.34848515491090937,-0.0034709465338870205,0.49239909459456066,-0.015097167166199355,0.8040411364451181,-0.023626285088143018,0.7043887663648927
2019-04-04,103.65,-0.00038591413410526965,0.0003859141341051586,-0.0046309696092620145,-0.0021225277375783724,0.1178154698473175,0.0005981669078642948,0.41359441424361343,-0.004679208876024354,0.5880103206737397,-0.014833574529667048,0.9742876803729941,-0.024524843222382797,0.8844961256603683
2019-04-07,104.97,-0.00990759264551766,0.0016195103362866003,-0.014004001143183786,-0.012575021434695577,-0.49438525447227155,-0.012746498999712808,-0.3621112279205634,-0.015299609412212312,-0.276837626346387,-0.02472611222253962,-0.006864384934469836,-0.0357117906703498,-0.06151352774294028
2019-04-08,104.66,-0.0010510223581119416,0.0009554748710109973,-0.004968469329256653,0.002961972100133714,0.45498192329042664,-0.0072807185171013256,-0.008585041112638137,-0.009506974966557613,0.07818484855096819,-0.01926237339957948,0.4529308786416497,-0.031135741130007943,0.3713900113158042
2019-04-09,104.65,9.55566172957667e-05,0.0033444816053511683,-0.0039178213091257685,9.55566172957667e-05,0.07899331801485077,-0.005446727185856148,0.05977604366045619,-0.007845198279980092,0.14316377027466687,-0.01696607740085998,0.5512273015031455,-0.029504698200350177,0.4717189419927561
2019-04-10,104.75,-0.0016229116945107869,0.0028639618138424083,-0.003626730310262616,-0.0009546539379474694,0.06218764355769668,-0.004563245823387518,0.13228627243339774,-0.007121718377087416,0.20159640589122874,-0.01624821002386634,0.6034967479782056,-0.028604614160699704,0.5591727899900751
2019-04-11,105.06,-0.0029506948410432665,0.0,-0.008471349704930575,-0.0029506948410432665,-0.24290168102015974,-0.004987626118407196,-0.13403676356696914,-0.008909194745858606,-0.1158439962724499,-0.01751856082238712,0.18782811169710412,-0.02950377562028017,0.15312971941056697
2019-04-14,105.73,-0.007093540149437194,0.00047290267662902785,-0.00889057032062801,-0.006336895866830616,0.1894313723473635,-0.008625744821714187,0.11603864686329368,-0.014234370566536536,0.03696276565374235,-0.022505438380781118,0.1992156948622752,-0.03356663198713683,0.36550827029965727
2019-04-15,106.42,-0.004134561172711826,0.0007517383950386147,-0.0072354820522457786,-0.006483743657207275,-0.3068541643544713,-0.013625258410071672,-0.295966044128425,-0.01866190565683068,-0.29336421750331576,-0.02686055252772046,-0.18599787345626784,-0.03768401929461851,-0.05864818827741225
2019-04-16,105.85,0.003967879074161518,0.00623523854511121,-0.004723665564478008,0.0053849787435049645,0.200293072953863,-0.0049881908360872584,-0.08662723719657262,-0.010854983467169621,-0.12162785753875072,-0.01948512045347195,-0.017043868149921315,-0.03019367028814335,0.13905093105173294
2019-04-17,106.05,-0.00028288543140031486,0.006223479490806261,-0.0021216407355020284,-0.001885902876001877,-0.06491902537727667,-0.004601603017442946,-0.1077341079741646,-0.010683639792549937,-0.15724299339382153,-0.019387081565299336,-0.0859298083368154,-0.02984755618418966,0.0750194333852523
2019-04-21,106.01,0.0011319686821997799,0.011225356098481187,-0.0025469295349496157,0.00037732289406644526,-0.19963293486056688,-0.0017734176021115822,-0.23792931362815728,-0.007838883124233087,-0.29829401822717017,-0.01733798698236022,-0.2737743186451338,-0.027123227368487046,-0.14385714807264482
2019-04-22,103.16,0.00823962776269882,0.009208995734780956,-0.009984490112446731,0.027626987204342868,-0.4332283068708407,0.027646374563786047,-0.5386769569279701,0.02185924777045445,-0.5724103570013224,0.011918379216750763,-0.5945883733822466,0.002210158976347909,-0.5066010647073018
2019-04-23,103.69,-0.003568328672003185,0.009258366284116137,-0.008679718391358726,-0.005111389719355763,0.5830133626417604,0.017436589835087002,-0.06484762903376784,0.01489053910695426,-0.24870896147424426,0.007324717909152234,-0.3135280217257467,-0.0017616613623938626,-0.19108859707037906
2019-04-24,103.28,-0.0017428350116189817,0.002807900852052514,-0.006678931061192883,0.00396979085979865,0.6588876195409181,0.01618900077459484,0.6156877386463653,0.01798024786986918,0.31654908399891935,0.011647947327652952,0.16495180896327644,0.0033759359669509603,0.35557061719452343
2019-04-25,105.86,-0.018042697902890592,0.00018892877385212614,-0.018420555450595177,-0.02437181182694126,-0.21456766569146368,-0.013432835820894162,0.251120468045787,-0.008123937275646309,0.04297900988269032,-0.012828263744568358,-0.08469833780966407,-0.020416902827633532,0.04836806130540383
2019-04-28,104.78,0.007539606795189835,0.009257491887764813,-0.0005726283641916963,0.010307310555449423,0.6183141419610123,-0.0036266463065457444,1.0455376508490324,0.0031589998091245963,0.7436215840694065,-0.0015508684863524413,0.49120900214889907,-0.008875739644969904,0.6907227148871131
2019-04-29,106.48,-0.015214124718257005,0.0013148009015777617,-0.01713936889556722,-0.01596543951915852,-0.4197887345962914,-0.02184447783621213,0.08335443272686804,-0.013119834710743072,-0.011603745390794451,-0.01714876033057855,-0.15143674629657777,-0.02396694214875983,-0.12411802070802669
2019-04-30,104.93,0.011626798818259676,0.01391403793004864,-0.0011436195558944817,0.014771752596969279,0.22523277266939634,-0.0010673782521668507,0.09782957350686572,0.0021728771562001814,0.24979809416332888,-0.0012770418374157266,0.05175114984984197,-0.00797039296038593,0.07221012956769113
2019-05-01,105.56,-0.0034103827207275783,0.0018946570670708152,-0.004831375521030745,-0.005968169761273123,0.07402243835862432,-0.0046798029556637255,0.07191230958421779,-0.005219780219779424,0.3199581272268235,-0.006678666161424984,0.13475249596398853,-0.012934192244536735,0.1483895903035568
2019-05-02,106.08,-0.0008484162895927572,0.0031108597285067763,-0.004713423831070873,-0.004901960784313708,0.3080945144052796,-0.00526018099547354,0.4098837710217158,-0.010369532428355144,0.7160304617345583,-0.010666478129713663,0.4952509776147347,-0.016566113624936762,0.49355408112211796
2019-05-05,105.68,-0.005299015897047732,0.0013247539742617942,-0.006056018168054456,0.0037850113550339515,-0.019875234114943297,-0.0010787282361831574,0.26105321054396446,-0.00659538228614609,0.6317156433764894,-0.005668054504163855,0.46560603055557825,-0.011711455967700846,0.4405083463510784
2019-05-06,104.7,0.003151862464183308,0.008404966571155637,-0.005730659025788065,0.00936007640878711,-0.1836603887275844,0.00999044890162537,0.03289253949827109,0.0023877745940792394,0.2624893153744272,0.004608404966570667,0.2015137157960536,-0.001181152499203697,0.14175058997382495
2019-05-07,105.07,-0.0007613971637955297,0.0066622251832111345,-0.008660892738174497,-0.003521461882554422,0.11098202482177899,0.003045588655184117,0.0636940267993027,0.0003235937946139966,0.2173615598997367,0.0009422289901965808,0.3118879509580068,-0.0038291932362547465,0.2625027035490404
2019-05-08,104.24,0.004125095932463685,0.007674597083653145,-0.004412893323100464,0.007962394474290146,-0.2187212685435156,0.011300844205681004,-0.20784338156185533,0.009612432847276198,-0.1170285520229698,0.00910878741366039,0.021850670170051156,0.004758250191865487,-0.020959650326071055
2019-05-09,106.01,-0.01914913687387987,0.0013206301292330025,-0.01971512121497976,-0.016696538062447086,0.18677917288158907,-0.008074709933023505,-0.038156766492290606,-0.006339024620318101,0.0619381617011765,-0.007933213847750809,0.2256747234986396,-0.011596390277646473,0.16686277021479645
2019-05-12,106.11,-0.009141456978607132,0.004523607577042732,-0.01187446988973706,-0.0009424182452171248,-0.2322790809538524,-0.009141456978605356,-0.23458051118341594,-0.007134106116293504,-0.21022820919217744,-0.00827443219300783,-0.05415668015772135,-0.011755096912009266,-0.10847746092726807
2019-05-13,105.6,0.001609848484848575,0.008522727272727293,-0.00028409090909087276,0.004829545454545503,0.08160297357983914,-0.003541666666664889,-0.09545395164506199,-0.0010795454545446947,-0.10597414393861415,-0.0029876893939397853,0.02922151979067067,-0.006332070707070314,-0.0355369242007364
2019-05-14,106.7,-0.010215557638238115,0.002764761012183703,-0.011246485473289658,-0.010309278350515538,0.26525582559041716,-0.012127460168695703,0.1810808560065973,-0.012202436738518618,0.10863880932961578,-0.013327085285848694,0.3145531057019837,-0.015963761324585768,0.22256583398139895
2019-05-15,108.11,-0.012672278235130952,0.005272407732864748,-0.01405975395430581,-0.013042271760244195,-0.40375743309927914,-0.02199611506798471,-0.292706657904938,-0.02344833965405535,-0.3518952013379121,-0.026066043844233278,-0.23021229240664665,-0.027888261955415494,-0.27304052270798884
2019-05-16,107.45,-0.0016751977664030138,0.005118659841786943,-0.0018147975802699223,0.006142391810144199,0.45741095796225606,-0.008785481619356328,0.1056014534682026,-0.015076779897626236,-0.008134191508312405,-0.019032107957189903,0.1415645095816318,-0.020545990383123658,0.08071063259375855
2019-05-19,107.33,0.0010248765489611067,0.007453647628808291,-0.0017702413118420024,0.001118047144321288,-0.029693394092576098,-0.004993943911299925,0.08966232804081287,-0.01269915214758166,-0.013568154463894366,-0.017283145439299763,0.10097561202223915,-0.018202428646852065,0.056663142110686016
2019-05-20,106.37,0.010341261633919352,0.0109993419197143,-0.0007520917551940842,0.009025101062329455,0.25618461842242723,0.006279966155872785,0.33015700571364714,-0.0022374729717022923,0.2711815934153192,-0.007793550813199546,0.3591894109827083,-0.008188398984675938,0.34192761259397897
2019-05-21,106.72,-0.005903298350824593,0.0030922038980509825,-0.0073088455772114536,-0.003279610194902527,0.06882292203700824,0.004422788605698891,0.3489952855857701,-0.003944902548725482,0.3430306609730225,-0.00954366566716669,0.34277155531087855,-0.011003873063468061,0.4121813063410811
2019-05-22,106.76,-0.0007493443237167607,0.0025290370925439287,-0.008195953540651946,-0.00037467216185838037,-0.20820104020933727,0.004083926564258045,0.0472185087310224,-0.0027725739977517705,0.05527018886988966,-0.00849569127013916,0.02106370472563346,-0.010731235169226694,0.11314089028792518
2019-05-23,106.69,0.004311556846939846,0.00698284750210898,-0.0014059424500889595,0.0006561064767083291,0.41250931467333807,0.0022120161214751466,0.33700362340221046,0.00024369669134904903,0.47396013022473693,-0.006214265629393978,0.44329485326844975,-0.009422938732152053,0.5782787307067898
2019-05-27,104.46,0.021443614780777498,0.026660922841279078,-0.0003829216925138601,0.021347884357648894,-0.4259281604988442,0.022152019911929832,-0.28493978142083676,0.02224775033505688,-0.17279898056789622,0.01539823856021405,-0.19360665467000082,0.012342842555364442,-0.09704635610577106
2019-05-28,104.19,-0.002207505518763808,0.005950667050580671,-0.00470294653997505,0.0025914195220271274,0.06706071481812348,0.019291678663981182,-0.20754681557683452,0.023313177848162336,-0.1167607022644761,0.01787599577694543,-0.1197150546251784,0.014774290558915215,-0.03225251474586521
2019-05-29,105.33,-0.009114212475078265,0.00037975885312824254,-0.009114212475078265,-0.010823127314155467,0.5091825545208228,0.0041203835564431746,0.27676917527224987,0.010899079084781382,0.33578762496051207,0.005772334567549109,0.3167324552036732,0.0033039020222163096,0.47106444781539625
2019-05-30,102.91,0.019240112719852265,0.019337285006316263,-0.0049072004664268976,0.023515693324263953,-0.5400776635958459,0.025031580993102542,-0.4159090559876143,0.03333981148576437,-0.39348375589940887,0.02961811291419636,-0.4041559797370563,0.026544229585722556,-0.33446864232636797
2019-06-02,103.8,-0.00626204238920991,0.0015414258188823915,-0.01348747591522148,-0.008574181117533719,0.20492054443307173,0.008824662813103679,-0.19996365134113303,0.019470134874759237,-0.2574959617483682,0.01951348747591486,-0.25854709653076535,0.016798330122029803,-0.1844000430434366
2019-06-03,104.68,-0.006400458540313347,0.0039644631257163,-0.007928926251433044,-0.008406572411157942,0.23562792346243944,-0.00517768437141608,0.10906582117857333,0.007413068398929967,-0.05121486306909517,0.009853840275123815,-0.056761293726513506,0.007534072092727273,0.01397933751115965
2019-06-04,106.73,-0.013960460976295441,0.00018738873793688882,-0.01723976389019022,-0.019207345638527107,0.06555126589543292,-0.023873325213153107,0.1598778166836785,-0.014419563384240774,0.016244089546380902,-0.010011243324276609,0.02061952230081565,-0.012233361441643886,0.06938703869868612
2019-06-05,107.38,-0.004935742223877826,0.0027938163531384674,-0.009778357235984303,-0.006053268765133124,-0.029907078614252125,-0.025051219966472638,0.10556414802406988,-0.020050288694356655,0.0046387506394462985,-0.01505867014341633,-0.0062325471199699,-0.017104364561991492,-0.009982730585053834
2019-06-06,108.77,-0.009469522846373146,0.005608164015813211,-0.009469522846373146,-0.012779258986852948,-0.17138899660931783,-0.033740921209890806,-0.03549544872748034,-0.031966534890135345,-0.145326021269242,-0.026583616806105104,-0.16856086926272973,-0.02853421592963723,-0.19377106258200716
2019-06-09,108.72,-0.003679175864606421,0.0027593818984548157,-0.011605960264900572,0.0004598969830758026,0.6914817051567148,-0.022516556291388934,0.5383364906968777,-0.02967255334805019,0.48526733824708734,-0.024052612214864322,0.4185441844551989,-0.02640421878832455,0.37755365892320714
2019-06-10,109.38,-0.004022673249222897,0.002011336624611504,-0.004662643993417315,-0.0060340098738342896,-0.409598824538696,-0.019418540866701584,-0.18506736126944667,-0.03367160358383636,-0.11820408258299298,-0.028702687877126043,-0.1689844827763437,-0.031407326141281056,-0.19899546887442154
2019-06-11,109.68,-0.0007293946024800047,0.00888949671772421,-0.0009117432530999503,-0.002735229759299851,0.05025751606646356,-0.013530269876001366,-0.11373066093102235,-0.031828956965718525,-0.06792417440853771,-0.029868708971554137,-0.12397565238790931,-0.032658643326039405,-0.1444879664546671
2019-06-12,110.91,-0.008385177170678881,0.00036065278153474267,-0.009512217112974453,-0.011090073032188119,-0.10723724043847205,-0.01915066269948429,-0.1807552004042946,-0.03761608511405656,-0.1614825544600491,-0.038788206654044255,-0.21394678212101859,-0.04242478886785073,-0.2384113476231473
2019-06-13,111.2,-0.0020683453237410054,0.00494604316546754,-0.004946043165467651,-0.0026079136690647653,0.3375640005293381,-0.015359712230214151,0.15574611523543425,-0.03510791366906496,0.18187069485578955,-0.03940197841726667,0.07528378150012704,-0.043129496402877776,0.028391388645032878
2019-06-16,110.99,0.0015316695197766794,0.001982160555004997,-0.00680241463194875,0.0018920623479592447,0.06930772001871466,-0.009117938553020899,0.18185855310416277,-0.025813136318587504,0.19992984473663622,-0.036192449770249935,0.12617429098589583,-0.03962519145868992,0.10059586023047484
2019-06-17,109.6,0.016879562043795593,0.01788321167883211,-0.0015510948905108624,0.012682481751824737,-0.22125467514462438,0.007591240875914229,-0.04720078524710147,-0.006897810218978284,-0.09806439279738322,-0.022354014598540584,-0.12525716286414457,-0.025951946472019483,-0.13762450507630242
2019-06-18,110.42,-0.008331823944937478,0.002762180764354305,-0.010505343234921138,-0.007426190907444341,0.10007750191976261,0.0005071545009980305,0.03839607592996974,-0.009817062126426634,0.003936861333030173,-0.028586306828473518,-0.029418431114708654,-0.032002052768218436,-0.037846713903899376
2019-06-19,111.74,-0.008591372829783395,0.002505817075353578,-0.011141936638625283,-0.011813137640952154,0.002877835402027351,-0.009987470914621377,0.02255316568315413,-0.018211920529801584,0.014623878699409065,-0.03824950778593195,-0.0137701812702401,-0.041730803651333415,-0.03014475982008291
2019-06-20,111.2,0.003776978417266097,0.011420863309352436,-0.0016187050359712796,0.004856115107913617,-0.4923325907199747,-0.0036870503597102866,-0.5041147599149894,-0.00952338129496444,-0.48254345968771417,-0.03132194244604358,-0.49165126095284684,-0.03507793764988021,-0.5037353133201037
2019-06-23,112.33,-0.004540194071040782,0.0015133980236803346,-0.008279177423662354,-0.01005964568681561,1.5015175564125252,-0.013709605626277765,0.5074328461580697,-0.017323956200480994,0.3984571645714683,-0.03909018071752901,0.34076393548795125,-0.04271936852725611,0.2831063205211306
2019-06-24,111.72,0.00349087003222337,0.008145363408521344,-0.003669889008234839,0.005460078768349419,-0.18914102958195234,-0.00592552810597724,0.20754768547715452,-0.008727175080558869,0.1449901522796695,-0.031319369853204826,0.09559199169629395,-0.03560687432867904,0.03896083089564795
2019-06-25,109.73,0.015128041556547789,0.015583705458853458,-0.0006379294632279375,0.01813542331176521,-0.05093751080756348,0.015966463136792397,0.12021321161181353,0.011382484279594873,0.06897332609668183,-0.01044381664084626,0.034134866398992214,-0.01641301376105031,-0.017540531384420577
2019-06-26,109.78,0.0012752778283839916,0.004463472399344193,-0.004463472399344082,-0.0004554563672799494,0.27744676818208225,0.014246675168520628,0.436096629070168,0.010967389324102239,0.3563436743003341,-0.00837128803060716,0.32135095322568996,-0.01560697151879542,0.25603027315625204
2019-06-27,109.65,0.020155038759689825,0.02106703146374822,-0.005745554035567757,0.0011855905152757806,-0.5380654556203173,0.011874145006841585,-0.359569459749322,0.011135430916552114,-0.3981292998293873,-0.005166438668491091,-0.38598440464641404,-0.013503571971424488,-0.4195829284986936
2019-06-30,110.49,-0.005158837903882607,0.0019006244909043346,-0.007964521676169789,-0.007602497963616561,0.7922572113831763,0.0013756901077039974,0.09907753643558515,0.0020454339759250484,0.16297821843859328,-0.009679609014390578,0.11425840837647527,-0.0205388119588501,0.05435514714492906
2019-07-01,111.48,-0.007804090419806231,0.00017940437746677418,-0.010719411553641978,-0.00888051668460721,0.03066398970236195,-0.01081808396124695,0.17114378204711156,-0.007301758162899463,0.21018313026062097,-0.015473627556512826,0.1350972380732911,-0.028327951202009594,0.0887628403791123
2019-07-02,114.08,-0.01858345021037877,0.001665497896213175,-0.019635343618513268,-0.022791023842917202,0.05706577541395852,-0.03378330995792256,0.23067973551647403,-0.028278401122019958,0.2607167407145554,-0.034931626928471626,0.19723703894142308,-0.049260752688172205,0.1509647971248529
2019-07-04,113.15,-0.0015908086610694205,0.002651347768448886,-0.008174988952717732,0.008219178082191636,-0.2842750862246429,-0.018152894387978846,-0.14096415193937883,-0.017057003977022034,-0.10692875814663305,-0.023751657092355827,-0.14459282647772187,-0.039175136249816056,-0.1724037747552033
2019-07-07,114.05,-0.0062253397632616725,0.001534414730381295,-0.006576063130206089,-0.007891275756247151,0.6351286449657698,-0.019991231915824526,0.5205405454196028,-0.023577378342832356,0.4920149143990369,-0.02892590968873343,0.41763475555933316,-0.04487797749525069,0.3770795355635479
2019-07-08,112.91,0.008768045345850739,0.008856611460455133,-0.005225400761668664,0.010096537064918865,-0.2945202417287963,-0.002302718979716567,-0.10862096436008628,-0.011194756886015789,-0.05999971610013388,-0.01678327871756302,-0.018100447221887195,-0.03308239600862051,-0.03229184534780327
2019-07-09,113.75,-0.0025494505494505493,0.00659340659340657,-0.003076923076922977,-0.007384615384615434,0.34585889447322304,-0.005415384615382823,0.22672185176833182,-0.01798681318681361,0.30116442564232493,-0.02220219780219812,0.34623321686755815,-0.0384000000000001,0.3212396400720112
2019-07-10,114.38,-0.006294806784402862,0.0001748557440113263,-0.008218219968525897,-0.005507955936352449,0.21086446817549453,-0.006924287462841461,0.4431143381880014,-0.021620912746984078,0.549485487342299,-0.025677566008043717,0.6033662707047647,-0.04098910065862338,0.5853194377333784
2019-07-11,114.99,-0.008000695712670702,0.001913209844334185,-0.008000695712670702,-0.005304809113836018,-0.34482928106145294,-0.011670580050437529,-0.09978359491370148,-0.022767197147578577,-0.02087760916997783,-0.028802504565614617,0.02878841339008953,-0.04312259037017718,0.026794839252862745
2019-07-14,115.48,-0.003550398337374583,0.0034205057152754126,-0.005975060616556949,-0.004243158988569529,0.13122782279870382,-0.012677519916867164,-0.034059117839102426,-0.02240214755801917,0.13078721503623258,-0.031156910287495898,0.15136295501067543,-0.04439441173074721,0.17398690632131197
2019-07-15,115.89,-0.001466908275088441,0.0054361894900336605,-0.003796703770817089,-0.003537837604625005,-0.18361483110133925,-0.013702649063765837,-0.18726947077826606,-0.02083009750625653,-0.15416684544247283,-0.03273794115109174,-0.06133483522451977,-0.04415969166163325,-0.0591986780008783
2019-07-16,115.94,-0.001811281697429612,0.0030188028290496494,-0.001811281697429612,-0.00043125754700701346,-0.027685321243160144,-0.00898740727962577,-0.20705556028278416,-0.016594790408832716,-0.16659145921658847,-0.031041918233569277,-0.0769964601749652,-0.04109596917946079,-0.08901595594375644
2019-07-17,115.44,-0.0044178794178793,0.0028586278586277825,-0.005630630630630518,0.004331254331254364,0.34884292661703675,-0.0009009009008991153,0.14715262107500116,-0.008471933471933868,0.14615954984201962,-0.02409909909909924,0.24610771318778357,-0.0336913836913838,0.23423929817133193
2019-07-18,115.01,0.004260499087035852,0.00817320233023211,0.0,0.0037388053212763506,-0.10979812230807595,0.004677854099645051,0.05795593835266866,-0.003582297191549011,0.014287520774070694,-0.018267976697678545,0.10012922609733366,-0.02755412572819782,0.0953986508906417
2019-07-21,115.3,-0.002254986990459562,0.0012575888985255634,-0.006244579358196001,-0.002515177797051127,0.6292700114037002,0.0021856027753701657,0.6982120102884617,-0.004475281873374204,0.5991132335424549,-0.019319167389418745,0.7866818317880817,-0.02779416016189651,0.7835909388482487
2019-07-22,113.85,0.016337285902503274,0.019323671497584627,-0.00013175230566531138,0.01273605621431706,-0.5095811683862383,0.014633289415899586,-0.2213958580670874,0.00930171277997327,-0.23161562864523522,-0.005028546332893846,-0.18348351443047906,-0.013500219587176066,-0.14174576485116386
2019-07-23,112.6,0.011101243339254108,0.011377442273534655,-0.002841918294848922,0.011101243339254108,-0.14958529330209558,0.022273534635880887,-0.3264443855923409,0.02134103019538136,-0.33973759179959584,0.006691829484902545,-0.2917353641598438,-0.0010301953818827592,-0.25827127226809554
2019-07-24,112.77,-0.011439212556530909,0.0018178593597588666,-0.01232597321982798,-0.0015074931276048975,0.23376515461998326,0.014808903077061064,-0.12356513559408622,0.018781590848629293,-0.13372401719910376,0.0055644231621889695,-0.1080472566922569,-0.0015843457184240295,-0.07821564228343025
2019-07-25,114.73,-0.013248496469973059,0.001307417414799783,-0.016124814782533026,-0.017083587553386237,0.4048272817990637,-0.007182079665299601,0.30252125477454506,-2.614834829683943e-05,0.27425479684845855,-0.01028937505447547,0.25879079272736694,-0.017743107004852043,0.29568132551227655
2019-07-28,116.0,-0.010948275862068924,0.00181034482758613,-0.011896551724137838,-0.010948275862068924,-0.28435943982835,-0.01853448275861913,-0.09330137486543988,-0.011198275862069784,-0.10740228294262477,-0.01899137931034456,-0.09950433996972252,-0.027399425287356283,-0.08585230668922006
2019-07-29,120.41,-0.004899925255377524,0.011211693380948518,-0.013370982476538451,-0.03662486504443152,-0.5865276871674361,-0.05331783074495311,-0.5851891768301932,-0.04698114774520468,-0.6228037357113745,-0.05228386346648928,-0.6393342234169481,-0.06169199678874948,-0.619664659951407
2019-07-30,118.04,0.013724161301253757,0.022365299898339464,-0.008217553371738462,0.020077939681463874,0.48619632848107797,-0.023195526940018918,-0.2159088395924037,-0.02401728227719513,-0.3512599796274568,-0.0290537106065738,-0.41648560815395297,-0.0401925900824579,-0.40108197167027904
2019-07-31,116.73,0.015677203803649453,0.02090293840486601,-4.283389017400996e-05,0.011222479225563298,0.11794858190599866,-0.0029127045318241285,-0.07025835498708288,-0.011265313115738085,-0.23247130408408068,-0.015347382849310254,-0.32085001191564166,-0.027011051143664755,-0.315965029176005
2019-08-01,116.44,0.0006011679835109529,0.005496392992099031,-0.006441085537615909,0.0024905530745449322,-0.07807882207119732,0.0063723806252162785,-0.08581348808437217,-0.007694950188939398,-0.24772600985520465,-0.011757128134661343,-0.35314903412668674,-0.022781403870376526,-0.35774176942151736
2019-08-04,113.08,0.02661832331093028,0.02847541563494871,-0.002210824195259975,0.0297134771842944,-0.054600862437716,0.03929961089494305,-0.03234855123565972,0.023054474708170236,-0.24472642843655223,0.019061726211532015,-0.3747060235763805,0.007640608418818751,-0.37930049544567634
2019-08-05,114.28,-0.0055127756387819415,0.00630031501575079,-0.009625481274063707,-0.010500525026251317,0.36712555552300885,0.023276163808191974,0.4326098670622298,0.010369268463422232,0.126920578095856,0.007936646832341632,-0.10480454567390118,-0.0023917862559792447,-0.15433943487556712
2019-08-06,115.52,-0.015322022160664805,0.006221433518005526,-0.024584487534625943,-0.01073407202216059,-0.0017988560651152063,0.0016793628808879912,0.23443069197847777,-0.00010387811634438027,0.1385226977392766,-0.0022896468144041338,-0.09614564349834442,-0.012537511542012547,-0.1419344309619348
2019-08-07,117.44,-0.016348773841961872,0.00042574931880112743,-0.017881471389645687,-0.016348773841961872,0.2819114440120041,-0.01898841961852704,0.49789874962618774,-0.013964577656676469,0.4577527409987727,-0.01784741144414148,0.18499949169603913,-0.02760274750227032,0.11210796663764255
2019-08-08,116.78,0.007193012502140883,0.010789518753211214,-0.007963692413084478,0.005651652680253472,0.06874838160060182,-0.012228121253637814,0.48871559356729755,-0.004392875492379655,0.5522994060140982,-0.010986470286007632,0.286577865382889,-0.019906376662670255,0.18974479831843527
2019-08-11,116.03,0.00646384555718349,0.014134275618374659,-0.0037921227268810087,0.00646384555718349,0.4232140678145113,-0.005257261053174256,0.9002793834000364,0.0038093596483659287,1.2375564052792245,-0.0038222873394807566,0.8298433685151745,-0.011560228676491424,0.7023279489017338
2019-08-12,117.25,-0.00631130063965879,0.006950959488272845,-0.00776119402985076,-0.010405117270788855,-0.27924638074472385,-0.010575692963751049,0.13021186284721997,-0.006609808102346237,0.5699682481401713,-0.013953091684434482,0.30877920225835664,-0.02003127221037626,0.19110935114271577
2019-08-13,115.79,0.005786337334830138,0.018568097417738905,-0.0011227221694447564,0.012609033595301744,-0.33335977451225385,0.007029968045601409,-0.3002653840362811,0.003186803696346052,-0.07187850550909358,-0.0009327230330766767,-0.13184743925886389,-0.005728761838960872,-0.2060080237974552
2019-08-14,117.39,-0.005025981770167887,0.005963029218843285,-0.008092682511287141,-0.013629781071641478,0.3080863753870775,-0.00623562484027429,-0.06817232902336334,-0.012403100775194686,0.18191368390551532,-0.01461368089275028,0.15035183709076505,-0.01805662038220135,0.05394760201849169
2019-08-15,119.18,-0.00939754992448405,0.0030206410471556033,-0.013257257929182864,-0.015019298540023596,-0.06556638776677048,-0.021245175364992375,-0.12104694717892839,-0.026682329249874903,0.06165530121586249,-0.028595401913072305,0.08654590345728352,-0.031878950606924805,-0.008994394179135501
2019-08-18,120.24,-0.002245508982035904,0.0017465069860280735,-0.009397870924817031,-0.00881570192947434,0.4149635552128854,-0.02588157019294579,0.2901370107213408,-0.03298403193612842,0.43464813725034057,-0.03542498336659983,0.552374982595226,-0.03874196052339729,0.40000531729691136
2019-08-19,118.9,0.009671993271656687,0.011438183347350694,-0.0009251471825063584,0.011269974768713054,-0.14710028431720268,-0.007821698906642527,0.12918306771865962,-0.01606391925988293,0.12030315539766612,-0.022476871320437297,0.33745672738689825,-0.026173254835996418,0.196728176668159
2019-08-20,119.2,0.0005872483221476266,0.0037768456375839587,-0.004362416107382527,-0.00251677852348986,0.6593599552335285,-0.007550335570468025,0.8792381981495239,-0.014664429530201972,0.7960100435122384,-0.022818791946308647,1.2034617193605341,-0.0269491051454136,0.980510681884694
2019-08-21,119.42,-0.002847094289063823,0.0030983084910400915,-0.006029140847429226,-0.0018422374811589703,-0.10631504660096824,-0.003667727348851124,0.4206787673840213,-0.013398090772065552,0.48949164226217867,-0.02185563557193082,0.9100278950520071,-0.027220454418578566,0.7594993922050204
2019-08-22,117.32,0.015513126491646823,0.023803273099215927,-0.007586089328332601,0.017899761336515496,-0.375297644897165,0.017627003068532154,-0.1964973273733659,0.005949539720422337,-0.10691434330947869,-0.0015129560177291612,0.17184731387389118,-0.008375951812705673,0.09922503814751749
2019-08-25,119.32,-0.013157894736842035,0.0023466309084814174,-0.017641635936976097,-0.01676164934629565,0.2905801499017755,-0.0025477707006352768,0.006527164309418909,-0.01045926919208906,0.16105315312309276,-0.017163928930606587,0.5285817602127709,-0.024346295675494067,0.42075999518957397
2019-08-26,120.55,-0.004645375362919979,0.004147656574035707,-0.006387391124014874,-0.010203235172127734,-0.19662239422992345,-0.0142513479883849,-0.19454721625361082,-0.017826627955205954,-0.05497653742354236,-0.025815014516797685,0.2139643167789882,-0.033239319784321375,0.1391414507378972
2019-08-27,121.4,-0.007742998352553654,0.000247116968698613,-0.014579901153212615,-0.007001647446458037,0.5100584545285498,-0.018434925864907914,0.22820655535723544,-0.021985172981878742,0.43541474548477455,-0.03257825370675416,0.7105938344239533,-0.03872872048325049,0.716782053536303
2019-08-28,121.18,0.005033833966000989,0.006766793200198018,-0.007096880673378547,0.001815481102492189,-0.0940087581670882,-0.013021950816964889,0.1355590905044981,-0.015580128734115073,0.19722992308811915,-0.0294355504208611,0.474340663895501,-0.03548165263794867,0.5355303817783059
2019-08-29,120.23,0.014389087582134197,0.014721783248773157,-0.005988521999500951,0.007901522082674806,-0.15260566851160495,-0.0022956000998070047,-0.018434470429326555,-0.004649421941279819,-0.026308183740641367,-0.019915994344173238,0.20019640945167372,-0.026269095345032745,0.29799736113662645
2019-09-02,121.36,-0.012936717205009884,0.0014831905075807228,-0.014226268951878729,-0.009311140408701402,0.19954143714739647,-0.0067897165458123965,0.12896469601911598,-0.013052076466711249,0.12673795379384156,-0.027480224126565145,0.38058116987697543,-0.03390188969457231,0.5546091960963586
2019-09-03,123.21,-0.011038065092119131,0.0005681357032709666,-0.014203392581770946,-0.01501501501501501,-0.10053627917812435,-0.018391364337308702,-0.005624050622742627,-0.026962097232368087,0.000934786230541329,-0.038722506290073455,0.17346059863900898,-0.04676839001163291,0.4049017409455591
2019-09-04,122.76,0.003910068426197455,0.005457803844900688,-0.004724666014988554,0.003665689149560114,-0.2512481111612651,-0.010459433040076793,-0.29302271209259534,-0.01988432714239241,-0.26563167370072216,-0.031561583577712216,-0.14598149395702376,-0.04073259476485247,0.041162745326742245
2019-09-05,122.87,0.0010580288109383051,0.004150728412142923,-0.0026857654431512445,-0.0008952551477170445,0.4099699958369547,-0.009131602506712855,0.10391219329805002,-0.017864409538537407,0.09999577795665648,-0.0294823797509558,0.1869927694281288,-0.03883508315021256,0.45578672523200026
2019-09-08,122.17,0.004420070393713615,0.004993042481787668,-0.0031922730621265494,0.005729720880740086,-0.31067418379237643,-0.0006875665056872426,-0.23425169916297184,-0.009413112875502172,-0.23177124339750999,-0.021699271506916196,-0.19443918503214053,-0.03057215355651921,-0.006598615844688127
2019-09-09,119.88,0.009592926259593071,0.010880880880880905,-0.002485819152485802,0.019102435769102533,-0.1895948176472394,0.021638304971639988,-0.3446159531449262,0.013555221888554403,-0.3728688330251395,-0.0007632632632629255,-0.342386761171657,-0.009984984984984568,-0.1870161173318634
2019-09-10,121.27,-0.011626948132266834,0.0005772243753607853,-0.015749979384843682,-0.0114620268821638,0.25870439213803187,0.007487424754681227,-0.05686452090646088,0.0023996041889990938,-0.15935361432631745,-0.010629174569142918,-0.14093086034547397,-0.020266072950165803,0.03169158167061892
2019-09-11,122.77,-0.0009774374847274503,0.003583937444000984,-0.009367109228638815,-0.012217968559094294,0.22034246891751907,-0.007982406125273345,0.21383686941972413,-0.009261220167794071,0.034597077895573536,-0.021080068420623488,0.055860772887001975,-0.03200293231245366,0.20061022196543843
2019-09-12,122.12,-0.0024566000655094067,0.003766786767114283,-0.005076973468719381,0.005322633475270067,-0.0846844331636386,-0.0026858827382887362,0.07262259815469241,-0.002866033409761659,-0.030170226704424707,-0.013011791680314189,-0.06126587304575393,-0.02555955890381001,0.06842353086778719
2019-09-15,119.75,0.017202505219206632,0.018455114822546914,-0.006137787056367472,0.019791231732776637,-0.29373392085442485,0.015799582463467132,-0.2121332139473021,0.01765344467640828,-0.29795864204696243,0.00849686847599207,-0.34136280075129344,-0.004773834377174269,-0.2604186590616878
2019-09-16,121.16,-0.012627930009904254,0.006850445691647389,-0.014196104324859626,-0.011637504126774445,0.4983185337332199,-1.6507098050677627e-05,0.2389925790532792,0.005414328161108317,0.10704127215879256,-0.0030042918454931122,-0.0018481418211752088,-0.015445141410806107,0.09541689984183921
2019-09-17,121.41,-0.0011531175356230827,0.004530104604233642,-0.005271394448562727,-0.002059138456469767,0.11037148945097641,3.2946215305029725e-05,0.2674109466463417,0.003179309776788708,0.2526296714801437,-0.004678362573098949,0.1139190672940198,-0.01525409768552799,0.1797432010606903
2019-09-18,121.9,-0.00418375717801478,0.0027071369975388837,-0.0054142739950779895,-0.004019688269073063,0.2157965997209359,-0.003757178014764939,0.464930994214954,-0.00232977850697369,0.5260677718211466,-0.007649712879409076,0.343930190535197,-0.017262783702488127,0.4094111002965444
2019-09-19,122.24,-0.0008998691099476597,0.0029450261780104015,-0.0040085078534031204,-0.002781413612565342,-0.7384292927981161,-0.007951570680626796,-0.632908425645754,-0.005808246073298995,-0.6160495694972923,-0.009305464659685403,-0.6466056814886,-0.018256435427573714,-0.6397691973040012
2019-09-22,123.22,-0.008277876968024622,0.004463561110209291,-0.01014445706865763,-0.007953254341827698,1.9044524243924892,-0.015646810582696236,0.4300278505390549,-0.014226586593085955,0.3203681092861377,-0.016040415516961226,0.1351846950750233,-0.024766001190282716,0.10423375027680026
2019-09-23,123.61,0.0007280964323275185,0.009060755602297688,-0.002022490089798601,-0.0031550845400857286,-0.20194934331229075,-0.013138095623330015,0.05557322899509898,-0.016487339212038377,0.03483776083513401,-0.016758352884070682,-0.10073333973824794,-0.02610630207911957,-0.12117713134406383
2019-09-24,123.02,0.004389530157697941,0.006584295236546911,-0.0005787676800519392,0.004795968135262507,0.3355697120659591,-0.004422045195901614,0.4582756454603778,-0.00873841651764018,0.3530145382485421,-0.010299138351487436,0.21961758158186995,-0.019381672356798108,0.19102160273064683
2019-09-25,124.31,-0.005389751427881895,0.005550639530206736,-0.0062746359906684646,-0.010377282599951743,-0.16596264402542893,-0.012163140535755845,0.21884354379221094,-0.01761724720456992,0.10410031075724713,-0.019576059850374028,0.00887500930818752,-0.02801061861475329,-0.01034815252676724
2019-09-26,124.57,-0.0012844183992934965,0.002488560648631344,-0.006823472746247061,-0.0020871798988519874,0.25113630782068896,-0.010355623344302733,0.6061729704955883,-0.01843140402986332,0.39600612906163524,-0.02045436300875003,0.2833424780993197,-0.027759492654731988,0.22076428219297028
2019-09-29,124.38,0.0015275767808329288,0.007879080237980451,-0.0020099694484644326,0.0015275767808329288,0.0744227101611088,-0.005097282521304147,0.2464380388249776,-0.014962212574369693,0.4776496925158671,-0.017595272551857,0.38341220527488584,-0.02435010987832964,0.2988636718616726
2019-09-30,123.85,0.004117884537747418,0.006378683891804737,-0.005248284214775856,0.004279370205894306,-0.038687108804537185,0.0010335082761419034,0.160728701156591,-0.007008477997578644,0.3400868864880733,-0.011715785224061137,0.3221874593221712,-0.01877540034988523,0.23069381428601443
2019-10-01,121.08,0.01750908490254388,0.021225635943178167,-0.007185332011892975,0.022877436405682072,-0.20398270849471067,0.024331020812687232,-0.14600187113862095,0.017930294020481297,0.05254931858650003,0.0119218698381236,0.05527578456325011,0.004666336306574426,-0.021921016489109713
2019-10-02,121.74,-0.000574995892886454,0.006571381632988427,-0.007392804337111758,-0.005421389847215297,0.30182935955577506,0.015590602924266506,0.14874964453025608,0.012140627566944673,0.3904667879005581,0.005561031706916353,0.385315647778127,-0.0001834510705872594,0.27378267203488327
2019-10-03,124.0,-0.014596774193548434,0.0004838709677419395,-0.016209677419354862,-0.01822580645161298,0.18855843727860622,-0.007064516129030807,0.28474209253208427,-0.006435483870969039,0.6640145223187144,-0.013177419354838849,0.6209284673292301,-0.017723118279569627,0.5228529873546037
2019-10-06,122.84,0.0056170628459784044,0.008547704330836847,-0.0013025073266036413,0.009443178117876982,-0.07621988420184689,0.0013839140345177636,0.13653853659498538,0.0043796808857037295,0.2499345538714488,-0.0033987300553567357,0.48786205410459793,-0.007204493650276644,0.40580834048529835
2019-10-07,120.93,0.014305796741916676,0.01653849334325641,-0.00041346233358152684,0.015794261142809907,-0.22487698345470453,0.014653105102126585,-0.13358122403850936,0.01992888447862251,-0.054947252237735555,0.012618870420904482,0.12939006339667047,0.009997519225998674,0.07609742031470335
2019-10-08,121.98,-0.0013936710936218732,0.0033612067552057923,-0.004509755697655327,-0.008607968519429354,0.609590824563238,0.0011313330054121273,0.4325871319994177,0.00895228726020525,0.47776962789372157,0.004332677488112724,0.7739182438486316,0.0017434552112369772,0.7365725363601012
2019-10-09,121.94,-0.005002460226340766,0.002050188617352733,-0.009348860095128808,0.0003280301787764728,-0.0778059895048594,0.002935870100050586,0.17664863117188645,0.008430375594553396,0.3139171104636831,0.004953255699524206,0.5908518137477692,0.0024629599256467127,0.575769435268346
2019-10-10,121.09,0.007845404244776644,0.008010570649929827,-0.0022297464695681946,0.007019572219010506,-0.3400239775685261,0.01030638368156045,-0.258191025663423,0.013551903542818211,-0.17849555887762758,0.01166487736394406,0.03362530322920376,0.009648470834365819,0.03730757008171803
2019-10-13,120.05,0.013077884214910407,0.013077884214910407,-0.003915035401915845,0.008663057059558499,-0.13986409540584088,0.014210745522700297,-0.3105871041974577,0.019433569346104518,-0.28413640959425035,0.020000000000000018,-0.11426062432179185,0.018370123559628082,-0.1025167805644911
2019-10-14,117.2,0.025511945392491464,0.028668941979522078,-0.004266211604095571,0.024317406143344655,-0.33872898545800034,0.034112627986349287,-0.49823701909457563,0.04052901023890643,-0.5077334614686115,0.04493174061433458,-0.42459699624386316,0.04308304891922665,-0.40274887848361507
2019-10-15,117.53,0.001191185229303171,0.0020420318216625155,-0.008721177571683891,-0.0028077937547860143,0.38722005871619425,0.02486173742874276,-0.18109261744900362,0.03194928954309417,-0.24656612168632197,0.04031311154598827,-0.17258657832571467,0.03897444624067625,-0.14637011796817123
2019-10-16,116.63,0.0058304038412073655,0.008659864528852035,-0.0006859298636714417,0.007716710966303664,0.33300816881518047,0.02513932950355935,0.23018379834156244,0.036868730172338715,0.023476812587115203,0.046677527222841686,0.12138911529001661,0.04536854439966875,0.15101519031256916
2019-10-17,117.47,-0.007831786839192945,0.0023835872988848816,-0.011055588660934701,-0.007150761896654534,-0.38784629994745545,0.008768196135184647,-0.2094929088954557,0.025104281944325013,-0.36593931827056114,0.036949859538605745,-0.3072036304350272,0.03615391163701398,-0.3005979319888141
2019-10-20,119.08,-0.013940208263352294,0.0003359086328518224,-0.014528048370843205,-0.013520322472287516,0.3552748561190051,-0.010950621430969587,0.1678904059918518,0.005760833053408465,-0.06635536686591226,0.02092710782667151,-0.11907652247625033,0.020633187772925998,-0.03155028062986964
2019-10-21,122.18,0.014896055000818365,0.016696677033884333,-0.004747094450810341,-0.025372401375020504,-0.5057936551872958,-0.03763300049107765,-0.42425284109770334,-0.022835161237519497,-0.521912205881888,-0.0066704861679486305,-0.5613320324983626,-0.0061057456212145755,-0.5225550626675947
2019-10-22,123.0,-0.00821138211382122,0.005934959349593427,-0.00943089430894306,-0.006666666666666599,0.7394117870053334,-0.035951219512194044,0.08558507730641574,-0.02833333333333432,-0.06795068030394646,-0.01387398373983717,-0.19664879753375786,-0.0121084010840109,-0.14941342739150054
2019-10-23,124.79,-0.008253866495712803,0.007853193364852906,-0.011619520794935556,-0.01434409808478243,0.23681004038590325,-0.04101290167481264,0.35486402100506886,-0.04145364211876057,0.21998429308461587,-0.028027085503646076,0.012238811391406479,-0.02581670539840264,0.05603251768511264
2019-10-24,123.25,0.012738336713995935,0.012738336713995935,-0.0006490872210953569,0.012494929006085176,0.11746933009395999,-0.015789046653142957,0.5403762860791035,-0.027164300202840885,0.40662085747662635,-0.015687626774847696,0.12914591928216312,-0.013098039215686308,0.18326105438326645
2019-10-27,123.48,0.0,0.005183025591188883,-0.00712666018788477,-0.0018626498218334842,0.11062754941500841,-0.008260447035956298,0.5752459076456229,-0.027227081308715095,0.5581535302797584,-0.01805555555555549,0.258218033442865,-0.014631249325126827,0.3098410412652617
2019-10-28,123.6,-0.003236245954692518,0.007766990291262266,-0.004045307443365731,-0.0009708737864076999,-0.031666628405983444,-0.002103559870549221,0.4634817430454252,-0.02539644012945086,0.47602056894331635,-0.019372977346278297,0.2204899697879732,-0.01458198489751883,0.24395791927737842
2019-10-29,124.94,-0.007603649751880881,0.0018408836241396997,-0.011525532255482585,-0.010725148071074164,0.1908920193433059,-0.010533055866815189,0.36523130013501537,-0.03072674883944404,0.6434271882844962,-0.029990395389786983,0.4556575794108819,-0.02449975988474462,0.4760635114464187
2019-10-30,124.51,0.0022488153561963653,0.007533531443257413,-0.009276363344309702,0.0034535378684441564,-0.2572157194674356,-0.003999678740662427,-0.10033524493094348,-0.021427997751185757,0.16999364031504904,-0.02509035418841854,0.06485581791178974,-0.020185794982999883,0.09101836288520282
2019-10-31,123.87,0.007750060547347948,0.01023653830628879,-0.005045612335513039,0.0051667070315652985,0.06056470804752534,0.0006942762573676209,-0.05922640694886738,-0.010010494873659126,0.2474608891268788,-0.01893517397271316,0.1387730428900491,-0.0144210328032075,0.16615782204953833
2019-11-03,119.07,0.040732342319643955,0.040732342319643955,-0.003611321071638418,0.04031242126480228,-0.4155919345749748,0.04207608969513843,-0.45124931705907756,0.035273368606700606,-0.3074750208100323,0.02055933484504946,-0.3267111567517471,0.02576635592508625,-0.3577452858403741
2019-11-04,118.9,-0.0005887300252312988,0.005761143818334702,-0.005577796467619911,0.0014297729184187258,0.11144929279462823,0.03614802354920199,-0.28581544146751536,0.03674516400336292,-0.19700981922057725,0.020433137089991726,-0.22189639029322017,0.02606952621250369,-0.2715953067400305
2019-11-05,120.32,-0.010139627659574435,0.0002493351063830307,-0.013796542553191515,-0.011801861702127603,0.37264444348759107,0.016107047872341518,0.08756182372122345,0.021783577127658438,0.02322727389101331,0.00754654255319176,0.09101168191942732,0.012655141843971984,0.0069348225722236645
2019-11-06,119.62,0.006019060357799644,0.006019060357799644,-0.006771442902524627,0.005851864236749549,-0.2383415653367048,0.0143287075739853,-0.12631034994333312,0.02552248787827982,-0.23917976384146022,0.012748704230062247,-0.1525546706476626,0.017828679707964534,-0.22971866044979505
2019-11-07,119.7,0.0012531328320801727,0.007435254803675795,-0.004511278195488799,-0.000668337510442707,1.088531958618797,0.005480367585631862,0.9415973096247836,0.020517961570591936,0.6379439307699979,0.011102756892230836,0.8253889351307735,0.01584238373712088,0.6231648393215996
2019-11-10,119.33,0.0012570183524680534,0.005614681974356772,-0.0020112293639487078,0.0031006452694208875,0.09822831519038977,0.0016089834911601208,1.0404413773473902,0.020707282326320797,0.751505925734856,0.013655409368976912,0.9781431553855127,0.017631777423950723,0.7707506269660855
2019-11-11,119.27,0.001844554372432361,0.0027668315586484304,-0.006078645090970003,0.0005030602833906439,-0.19100598066204633,0.0025488387691803283,0.38126566351631674,0.017741259327574976,0.3833849231395494,0.013863502976440234,0.5641371728265361,0.016732343981442854,0.42300290638108606
2019-11-12,120.65,-0.006216328222130141,0.0033153750518026825,-0.006464981351015364,-0.011438043928719499,-0.3462133342903546,-0.00830501450476473,-0.2198562828245193,0.0025113966017393796,-0.10747062636908145,0.0031247409863242037,-0.020449972048795728,0.0038375466224618293,-0.07268370496091425
2019-11-13,120.5,0.000995850622406591,0.00556016597510367,-0.003203319502074642,0.0012448132780082943,0.4137525097797323,-0.0065228215767623166,0.12441712111589864,0.00019917012448011917,0.31143952186202006,0.005668049792531216,0.378328757486583,0.004968188105117788,0.3140451701443483
2019-11-14,120.54,0.0037332005973120808,0.0037332005973120808,-0.0047287207565953615,-0.00033184005309450093,-0.30473989514579625,-0.005392400862783031,-0.31767322597769376,-0.003459432553510444,-0.10456342500831683,0.006939605110336755,-0.047205471115945974,0.00429179802002122,-0.08676069687538068
2019-11-17,121.89,-0.013454754286651882,0.005496759373205373,-0.01411108376404957,-0.011075559931085333,-0.0029853852588040963,-0.015029945032405068,-0.2341555261372692,-0.017228648781689393,-0.08827012573024318,-0.0029534826482893184,-0.06577956702429644,-0.007777504307161953,-0.07599896816458429
2019-11-18,121.42,0.004200296491517097,0.011200790644045444,-0.0024295832647009963,0.0038708614725744273,0.24980182846271726,-0.007000494152527126,0.07755305440987859,-0.01110196013836362,0.09180393801210762,0.0020630868061275454,0.16960386106475434,-0.00419755119969234,0.16976383330619704
2019-11-19,122.29,-0.007114236650584749,0.0006950690980456198,-0.011121105568730028,-0.007114236650584749,-0.0743207760347725,-0.010548695723279544,0.03435594228200234,-0.01607653937362108,-0.04057134331833678,-0.005376563905470477,0.015685455321828412,-0.011148363180417897,0.0817787655564215
2019-11-20,120.34,0.011966096061160059,0.018281535648994485,-0.0005351504071796631,0.016204088416154283,-0.0847623343478815,0.008210071464186175,-0.07780424101781747,0.0015040717965753014,-0.12625212456765933,0.01044540468672106,-0.0842479679049064,0.004960943992022848,0.002451903805099631
2019-11-21,120.29,-0.000498794579765538,0.002660237758749684,-0.007481918696483514,0.0004156621498045965,0.5756724254787216,0.00836312245407056,0.5369104162326241,0.0025189126278151175,0.33595464331143554,0.009015712029262879,0.4457752045824357,0.004935295258680528,0.6010628221255827
2019-11-24,120.51,-0.0005808646585345745,0.0034022072857025076,-0.004066052609742021,-0.0018255746411086626,-0.12496788515886659,0.006107376981164814,0.2287424751273439,0.0011783254501689377,0.17340246934282644,0.005945564683428994,0.24939165452584655,0.002879429093021413,0.3890537172960662
2019-11-25,122.26,-0.012514313757565843,0.0007361361033861868,-0.01513168656960584,-0.0143137575658433,-0.373955094558871,-0.010551284148534568,-0.2883366436904049,-0.01218714215606198,-0.25016627230518107,-0.009667920824472098,-0.22003905129797374,-0.011350128142210258,-0.13943288595155734
2019-11-26,121.76,0.005420499342969842,0.005584756898817211,-0.006570302233902869,0.004106438896189335,1.1712688176540245,-0.00510840998685802,0.6619006516744084,-0.00567509855453463,0.7180714306252989,-0.006151445466491046,0.726914976486918,-0.00590505913271977,0.8426858849187782
2019-11-28,122.06,-0.0005734884483041824,0.004669834507619042,-0.002867442241520579,-0.0024578076355890044,0.2728202521065999,-0.00842208749795037,0.9332083203296297,-0.007209569064395738,1.06654470357212,-0.009896772079304728,1.1813697907274334,-0.007193183680156978,1.2977222391168706
2019-12-01,122.72,-0.006355932203389814,0.0004889178617992762,-0.01433996088657108,-0.005378096479791372,-0.5271033883995062,-0.0109517601043011,-0.21683025401431744,-0.011277705345503097,-0.058247653338947214,-0.016219850065188557,0.004068883222518194,-0.011057692307691935,0.07037988075446866
2019-12-02,122.95,-0.0052053680357868615,8.133387555919747e-05,-0.009394062627084199,-0.0018706791378609866,-0.03659078589471365,-0.00884912566083651,-0.19075375897223834,-0.01135420902806139,-0.111099669911366,-0.018527856852378566,-0.03095401011608878,-0.01148434322895453,0.01301552095674774
2019-12-03,124.53,-0.014293744479241921,0.0004015096763831938,-0.014775556090901865,-0.012687705773709146,-0.05261064230027934,-0.01750582189030625,-0.19320650093927316,-0.023046655424396878,-0.17214910381664728,-0.029422629085360752,-0.10987317478637837,-0.022990444069701743,-0.04387022956197073
2019-12-04,124.62,-0.0028085379553843826,8.024394158234749e-05,-0.007703418391911465,-0.0007221954742416825,-0.020313196423506485,-0.01457229979136454,-0.2473817571370044,-0.021256620125181813,-0.1764567913532058,-0.02786470871449176,-0.14534905871680248,-0.02306745840688995,-0.10035507750419825
2019-12-05,124.19,0.004348176181657282,0.01014574442386662,-0.0024156534342539837,0.003462436589097395,-0.020143881916743656,-0.006554472984941162,-0.17204681917846565,-0.015991625734762316,-0.18552229742351145,-0.02276753361784345,-0.16095652455621934,-0.01925007381163235,-0.12509009564786044
2019-12-08,124.87,-0.004484664050612652,0.0021622487386883105,-0.005525746776647744,-0.0054456634900297285,-0.04322263491946243,-0.008552895010810024,-0.09576356317169554,-0.018266997677585772,-0.21961596294166363,-0.026259309682069132,-0.20890634645112616,-0.024751074450761745,-0.16139561866774998
2019-12-09,124.27,0.004103967168262779,0.004828196668544393,-0.001181298784903806,0.004828196668544393,0.5722876412305036,-0.00030578578900652964,0.47256738033423096,-0.00984147420938375,0.28985255681623756,-0.019477750060352128,0.2776310645826321,-0.0196078431372545,0.328188925201675
2019-12-10,124.66,-0.003128509545964997,0.004893309802663337,-0.00473287341569073,-0.003128509545964997,-0.03165967386844892,-0.0013155783731736426,0.35465525970013534,-0.00992299053425405,0.24142343824773116,-0.020563933900208275,0.2460883171036019,-0.02246376811594164,0.28114556446805716
2019-12-11,124.57,0.001685799149072853,0.009552861844746019,-0.005539054346953454,0.0007224853496026196,-0.1652906955498794,-0.0003853255197867611,0.0642395912919902,-0.0072810468009961715,-0.019534286355089137,-0.01769286345026866,0.04109069038705426,-0.02147387011318902,0.06507963992982568
2019-12-12,125.47,-0.01004224117318886,0.0021519088228261207,-0.013389654897585035,-0.0071730294094206615,0.07343642826862551,-0.0076352913046929816,0.10129599200805539,-0.012162269865307329,0.09097699796818626,-0.023176855025105247,0.10428331782303002,-0.028591163890438254,0.15011711298674224
2019-12-15,125.56,-0.0007167887862377098,0.006291812679197095,-0.0016725071678879155,-0.0007167887862377098,-0.3394447652243614,-0.006307741318890003,-0.3128556150444486,-0.01015450780503424,-0.24901680889406363,-0.021897897419560275,-0.268805661885712,-0.029032600615907067,-0.24401908419961738
2019-12-16,125.31,0.0022344585428137886,0.005346740084590129,-0.007980209081477896,0.0019950522703695572,-0.060665960246741646,-0.0032240044689156866,-0.3359648833899136,-0.005913334929376068,-0.2716003894650616,-0.017943500119702915,-0.30844982544743993,-0.026645918123054613,-0.28137991030603104
2019-12-17,124.01,0.010483025562454618,0.014998790420127417,-0.0025804370615273298,0.010483025562454618,0.026865138798574106,0.008902507862270648,-0.22331606930436076,0.006410773324730945,-0.22497689900497186,-0.006269655672929364,-0.2820452646514192,-0.014764938311426334,-0.2679241518476364
2019-12-18,124.92,-0.006083893691962938,0.0022414345180916673,-0.008165225744476423,-0.007284662183797641,0.29137902955972805,0.0005123278898508943,0.11382147499578044,-0.0013368555875770127,0.026893667295387003,-0.012471982068523624,-0.05324433781531013,-0.02057850357562152,-0.058133815779993214
2019-12-19,125.36,0.006301850670070275,0.009891512444160755,-0.002632418634333056,-0.0035098915124441854,-0.6414958593574805,-0.0024409700063802164,-0.5923177168546243,-0.004602744097001454,-0.6337294815605068,-0.014889119336311096,-0.6600733492828681,-0.02279302276111439,-0.6625492451836253
2019-12-22,124.9,0.004963971176941584,0.007365892714171318,-0.0017213771016814094,0.003682946357085548,1.7938936629377036,0.0010568454763824064,0.5329719097699583,-8.881784197001252e-16,0.19514229885019962,-0.009251401120896396,0.03625371263875721,-0.017662129703762797,-0.008682123779389705
2019-12-23,125.22,-0.003433956237022806,0.0007179364318798953,-0.005111004631847993,-0.002555502315923941,2.2461153589177303,-0.0025555023159226087,3.8154264055469014,-0.0025315444817131105,2.839229146649774,-0.009942501197891307,2.416587730310598,-0.018788265985199004,2.256795281821805
2019-12-25,125.22,-0.0009583133684715195,0.004192620987062856,-0.002795080658041793,0.0,-0.5682403474508266,-0.0026992493211932533,0.7931466292950995,-0.0017728797316731715,0.600582146818633,-0.008061811212266234,0.4426946081898351,-0.017220358835116523,0.39328402924575934
2019-12-26,126.09,-0.004203346815766507,0.001625822824966372,-0.005551590134031281,-0.006899833452296056,-0.08271203760279333,-0.0076611943849617115,0.49570684920277097,-0.008216353398367127,0.46498911894428496,-0.013732254738678673,0.2900535616750439,-0.022428424141486047,0.27770898251881904
2019-12-29,124.47,0.010363943118823826,0.012131437294127245,-0.0026512412629549065,0.013015184381778733,0.33163418663855837,0.007134249216680155,0.9151113114985494,0.005913071422831928,0.9325415913944428,0.0008435767654857429,0.7359019186420233,-0.00824830615141503,0.6828713082761029
2019-12-30,124.9,-0.003763010408326606,0.0007205764611688537,-0.00760608486789438,-0.003442754203362708,-0.18647298057549022,0.002241793434749173,-0.057530725389328796,0.0016493194555633472,0.5387467667811392,-0.0016373098478783543,0.42184269104595606,-0.010603149186015348,0.3599507275757874
2020-01-01,123.41,0.008832347459687195,0.01069605380439187,-0.0038084434000486,0.01207357588526059,-0.383609143503696,0.014342435783163188,-0.46748625956394685,0.013208005834210335,-0.09699803266133544,0.011299732598655021,-0.1332240968561026,0.0025200551008834893,-0.17331090086899492
2020-01-02,122.58,-0.0034263338228096574,0.007750040789688439,-0.005873715124816492,0.006771088268885617,-0.0448568023634659,0.0182574645129725,-0.35086401790424915,0.018518518518517713,-0.15089867176025662,0.01833496492086817,-0.16445510823979936,0.009721542394083071,-0.20932500813960309
2020-01-05,122.75,-0.0014663951120162944,0.003584521384928596,-0.0030248472505092217,-0.0013849287169043212,0.19863707785434426,0.012545824847251863,-0.12244481246739858,0.01594297352342089,0.010500755907747461,0.016130346232179127,0.010703086753257818,0.008638153428377704,-0.04182299909623366
2020-01-06,121.99,0.007295679973768454,0.009967210427084261,-0.0009836871874743247,0.006230018854004538,-0.11009901339386985,0.013378145749652903,-0.17714587060283626,0.02049348307238219,-0.09936884651944722,0.02169440118042476,-0.10217258532205975,0.01504768150394864,-0.14602332322417322
2020-01-07,122.51,-0.002612031670884085,0.007508774793894446,-0.004160476695780013,-0.004244551465186652,0.4050957020504289,0.005028160966453088,0.29363851853309764,0.013411150110194336,0.06263141502792546,0.016459880826054762,0.2656912673302727,0.011188202323619834,0.20320215081236492
2020-01-08,123.85,-0.01081953976584571,0.00024222850222033188,-0.01081953976584571,-0.01081953976584571,-0.0947847221225554,-0.009705288655630473,0.19231404602842406,0.0005167541380695084,-0.058813272421366136,0.004509487283003599,0.12844893558300474,0.000845108329969424,0.09430965914824085
2020-01-09,123.97,-0.0005646527385657629,0.0028232636928289256,-0.005444865693312928,-0.0009679761232556094,0.49427985028269195,-0.009954021134143898,0.6932334856405877,-0.0015568282649036647,0.5046150922224697,0.003367750262160296,0.7015002174174552,0.0007743808986047096,0.6422859366567473
2020-01-12,124.88,-0.007046764894298452,0.00016015374759770218,-0.008568225496476511,-0.007286995515695005,-0.5248863282747371,-0.014942344650863415,-0.29313896287162833,-0.009833440102499313,-0.2939767307774065,-0.004220051249199219,-0.19699859563902056,-0.006061819346572683,-0.23631741595393574
2020-01-13,124.69,-0.00032079557302100437,0.004090143556018999,-0.0016841767583606337,0.001523778971850076,0.06887442620188544,-0.010024861656907746,-0.20246457940124085,-0.00929505172828693,-0.2041259760154297,-0.002578394418156993,-0.1255893898251913,-0.0037132087577190775,-0.16405328480186465
2020-01-14,125.96,-0.007145125436646471,0.0012702445220704739,-0.0075420768497934665,-0.010082565893934525,0.6059739870709369,-0.01571927596062106,0.2920011298605867,-0.01910924102889866,0.3595588919726622,-0.0129445855827246,0.4287136577427113,-0.013062347835291588,0.3758996447908636
2020-01-15,126.07,0.00031728404854458603,0.0056317918616641816,-0.003807408582533478,-0.0008725311334972785,-0.21727890109533887,-0.011104941699054738,-0.004875750550328739,-0.01912429602601795,0.06623480665200399,-0.013647180138018467,0.09122259941521715,-0.013066814732555887,0.06969891333693279
2020-01-16,126.41,-0.00047464599319679834,0.004667352266434666,-0.004192706273237867,-0.0026896606281149316,-0.49375377304515033,-0.010252353453048202,-0.49155425800244057,-0.01965825488489925,-0.47217566708712866,-0.015999525354006616,-0.45793710484098527,-0.014898610342008678,-0.4591120524106941
2020-01-20,126.09,0.0025378697755571444,0.004203346815766507,-0.009913553810770082,0.0025378697755571444,0.41795053281339345,-0.0038702514077233463,-0.08710690765358553,-0.014132762312634606,-0.20267530632618902,-0.012550559124434923,-0.2097484608855621,-0.011901551801623111,-0.2120016360892092
2020-01-21,126.31,0.00015834059061026196,0.0029253424115271986,-0.0038001741746497286,-0.0017417464967144358,0.17632525337753657,-0.003689335761221102,0.08221482694588311,-0.013205605256908393,-0.035624200669029604,-0.013807299501227166,-0.056466108366856727,-0.013234634365186015,-0.0653283549201139
2020-01-22,124.99,-0.0055204416353308305,0.01248099847987838,-0.010720857668613415,0.01056084486758957,-0.33223601347519793,0.009424753980319833,-0.285541526507058,0.000672053764300351,-0.3576602500029503,-0.0030122409792783245,-0.4201401937696331,-0.002248179854388188,-0.37505557213321605
2020-01-23,125.14,0.000639284001917817,0.013185232539555836,-0.002956688508870098,-0.0011986575035960456,0.16815286690222808,0.006664535719994813,-0.03488490205610151,0.0014543711043621954,-0.18970936590148912,-0.004171328112514194,-0.29917568851984955,-0.0034121783602364397,-0.2572251906379336
2020-01-26,125.69,-0.0074787174795131195,0.005569257697509711,-0.0074787174795131195,-0.0043758453337576775,0.016520471394541048,0.000779696077652714,0.050451471609163745,-0.001901503699579088,-0.1385400365164191,-0.008560744689315003,-0.24771574826155063,-0.007542366138913126,-0.22800537234655494
2020-01-27,126.03,-0.0007934618741568533,0.007537887804490939,-0.0024597318098865673,-0.002697770372133701,0.4985538774210987,-0.003062762834244337,0.47747253961797975,-0.0032293898278195066,0.37674777310701457,-0.011048956597635495,0.16428156965008855,-0.00994736702901422,0.18061931013895238
2020-01-28,125.06,0.006796737565968325,0.008076123460738716,-0.000279865664481016,0.007756276987046284,0.17385549104450448,0.004573804573805962,0.6409521860794765,0.005421397729089117,0.5752368010278275,-0.0034023668639052707,0.376782100796633,-0.0018790980329440599,0.3881485068861006
2020-01-29,125.95,-0.009210003969829295,0.0008733624454149158,-0.012147677649861022,-0.007066296149265572,-0.10936513441502305,-0.004509726081777132,0.3911567712794555,-0.0013894402540699513,0.3601617929112144,-0.010210400952758936,0.23823080952084608,-0.009040624586476032,0.2354413148957577
2020-01-30,124.62,0.010993419996790266,0.01869683838870162,-0.00128390306531867,0.010672444230460654,-0.10634720129743591,0.007655272026963367,0.0894343027764497,0.009260150858609206,0.2315020750389185,0.0007743540362701307,0.115517917411194,0.0016396512063339141,0.09247294316337151
2020-02-02,125.11,-0.0035968347853888583,0.006714091599392624,-0.004955639037646953,-0.00391655343297892,0.08474068285014602,0.002877467828312552,0.0899372029284391,0.004148349452480993,0.34264627474022835,-0.0026616577411877618,0.20143576853604928,-0.002467162230570308,0.1734326548185814
2020-02-03,125.66,0.00039789909278997726,0.01344898933630434,-0.0023873945567404187,-0.004376890020690749,-0.057774652440215846,-0.002435142447873684,-0.07078622208605823,-0.0012812350787849702,0.17003584455278586,-0.006020213273913666,0.11713557032853839,-0.006541461085468603,0.09320818045045054
2020-02-04,126.81,-0.007097232079489091,0.0019714533554135993,-0.011118996924532776,-0.00906868543490269,0.058050642644405626,-0.012065294535129945,-0.007303924461963707,-0.010677391372920897,0.20253811438863045,-0.013886917435533386,0.18016137497347895,-0.015356307336435115,0.15602124653499527
2020-02-05,127.14,-0.0018876828692778735,0.007472078024225226,-0.004247286455875465,-0.0025955639452571733,-0.3194394081845797,-0.01187667138587245,-0.3054507989377895,-0.012851974201668281,-0.1952488226008524,-0.014550888784017557,-0.20465378819626145,-0.01753185464841911,-0.25875408479879447
2020-02-06,126.08,0.008803934010152226,0.009438451776649703,-0.00023794416243660965,0.008407360406091469,0.5213685773199146,-0.0016814720812167172,0.16082055310481413,-0.0028473984771579808,0.1903114328016433,-0.004429727157360452,0.24076663863197756,-0.008679674280879901,0.1412931809638076
2020-02-09,126.17,0.0022984861694539394,0.005231037489102031,-0.003249583894745167,-0.0007133232939684486,0.13236721336740054,-7.925814377274243e-05,0.28737401291530684,-0.0028136641039875343,0.28066033139449753,-0.0042561623206784915,0.4049337074471835,-0.009159599482180147,0.3171571362335386
2020-02-10,124.16,0.016994201030927858,0.016994201030927858,-0.0010470360824741398,0.016188788659793785,-0.13593536854560961,0.017815721649486083,0.08319908310240942,0.013716172680411587,0.03959668852842113,0.012749677835051543,0.22437695777658795,0.007135953608247592,0.1409918587953578
2020-02-11,123.45,0.0018631024706359245,0.004212231672741984,-0.004860267314702349,0.00575131632239767,-0.012995400599269957,0.021239368165250516,0.054935714462311935,0.01803159173754465,0.023763246106619507,0.018282705548805067,0.18971892373863408,0.01240718239503158,0.13117523847046075
2020-02-12,124.96,-0.009843149807938434,0.00256081946222797,-0.011523687580025643,-0.012083866837387935,-0.13866935692170046,0.003521126760564819,-0.0913332699513204,0.004441421254800959,-0.10619580700506803,0.0054817541613314535,0.012933324137445856,-9.869825010666577e-05,-0.01501239154989542
2020-02-13,126.14,-0.006738544474393482,7.927699381649056e-05,-0.010702394165213236,-0.009354685270334562,0.2176287958389327,-0.009322974472806389,0.04176631903557504,-0.0057396543523077215,0.10874137648663029,-0.0043205961629936285,0.2526530284154582,-0.009436604830611595,0.21293696106265236
2020-02-17,124.87,0.007687995515335944,0.010490910546968824,-0.00032033314647239575,0.010170577400496539,-0.15233297503949272,0.0008488828381532088,-0.1191045301009368,0.005589813405941335,-0.07151807871309179,0.0058340674301271545,0.059158649960152854,0.0013667547582818518,0.019291637005798057
2020-02-18,125.44,-0.004703443877551061,0.00821109693877542,-0.0062978316326529615,-0.004544005102040782,0.45691577066892886,-0.005771683673467698,0.3538511598714218,0.0008290816326523842,0.3693015814447018,0.0006497130102038895,0.4862810441704175,-0.002574936224489899,0.4769492285050241
2020-02-19,126.58,-0.008769157844841224,0.001422025596460763,-0.011455206193711542,-0.009006162110917981,-0.22097532892698557,-0.012703428661714256,0.01130875673493792,-0.00835835045030886,0.037875067858366585,-0.008619055142992882,0.12556006791228302,-0.010849528624848559,0.1397377521918406
2020-02-20,126.7,-0.004498816101026093,0.010812943962115185,-0.005682715074980305,-0.0009471191791634581,-0.3336530309879365,-0.0086977111286487,-0.3273183200912442,-0.00947908445146084,-0.3090083849584452,-0.009451460142068102,-0.2570245060424572,-0.010578795053933221,-0.2458902335637494
2020-02-23,123.3,0.015896188158961877,0.026642335766423386,-0.0012976480129764933,0.027575020275750317,0.20103969325712856,0.021459854014600266,-0.1393800018444965,0.017477696674776277,-0.16863027839017697,0.018556366585563477,-0.12018813092216074,0.017837253311705936,-0.07780937952268763
2020-02-24,121.43,0.013093963600428138,0.020835048999423345,-0.0045293584781356255,0.015399818825660772,-0.1416566251040503,0.032512558675781955,-0.2218020373233246,0.03085728403195165,-0.2675021313099184,0.03348431194927093,-0.25523530534918704,0.03336078399077658,-0.20217222060252626
2020-02-25,120.16,0.010486018641810979,0.01855858854860193,-0.002579893475366246,0.010569241011984198,0.27487990000441176,0.03769973368841706,0.04829069195610858,0.037807922769639735,-0.014026656187501874,0.04263482023968024,-0.05365881607895917,0.04357800710164228,0.0405708072100075
2020-02-26,113.5,0.049515418502202646,0.05656387665198248,-0.0006167400881056384,0.05867841409691632,-0.4773970032680398,0.08928634361233656,-0.4189480309039917,0.09518061674008726,-0.47804714180210817,0.10122907488986743,-0.5026356351433832,0.10342731277533024,-0.4597393616830594
2020-02-27,113.23,-0.033295063145809545,0.0,-0.057935176190055615,0.0023845270687978815,-0.41638152921488125,0.06878035856222042,-0.5975855085632374,0.08900468073831935,-0.663968439247753,0.09875033118431475,-0.6921455472644344,0.10276428508345825,-0.6766870455827856
2020-03-01,119.56,-0.05327868852459017,0.001923720307795307,-0.05863164938106391,-0.05294412847106056,0.8433869325412653,-0.010337905654063118,-0.037303619105522046,0.021537303445967826,-0.2539059359220197,0.03525844764135133,-0.3643396458025542,0.040830266532842385,-0.3557022108553909
2020-03-02,118.17,0.013201320132013139,0.031056951849031122,-0.008758568164508707,0.011762714733011714,-0.012364481477658007,-0.00502665651180334,0.02679277272115721,0.027985106202927046,-0.21115315707214954,0.04529491410679509,-0.3493457613155261,0.05123691856365098,-0.3473265925002317
2020-03-03,124.5,-0.03710843373493977,0.0015261044176706484,-0.03935742971887557,-0.05084337349397594,0.3229463296322166,-0.060851405622488364,0.435673298883825,-0.02966265060241069,0.10287863516827733,-0.010638554216867657,-0.10542585448496267,-0.004417670682731023,-0.13577533033900246
2020-03-04,121.63,-0.0027131464276904937,0.01044150291868795,-0.011099235386006656,0.023596152265066284,0.006104461951444318,-0.03155471511962327,0.4978394884244617,-0.007539258406644045,0.15979739161814188,0.012229713064211056,-0.08420700436952722,0.01863849379264959,-0.12770437588878858
2020-03-05,121.66,-0.029837251356238714,0.0078086470491534055,-0.03378267302317939,-0.0002465888541838268,-0.04704794776756538,-0.01842840703600024,0.3484163012720578,-0.01185270425776841,0.13884448802794935,0.009851224724642282,-0.11076119056563172,0.0171050468518823,-0.16188299205569512
2020-03-08,116.06,-0.0068068240565225535,0.03420644494227121,-0.008099259003963466,0.04825090470446325,-0.23202382594265725,0.04346027916595041,-0.16554182801928474,0.03148371531966143,-0.11968652515133849,0.05621661209719098,-0.3137992692997401,0.06522488368085444,-0.359388236311848
2020-03-09,120.55,-0.013189547905433474,0.0022397345499791665,-0.05068436333471593,-0.037245956034840266,0.12536076820429987,-0.00121111571961674,-0.05239359445376823,-0.012940688510992171,0.036596187652060186,0.012720862712567227,-0.1974812482899465,0.02303884971657677,-0.26916076586488524
2020-03-10,111.59,0.05385787256922647,0.06138542880186382,-0.008154852585357086,0.0802939331481316,-0.30044394566296195,0.08325118738238357,-0.3505578040469003,0.06552558472981351,-0.2591749990756884,0.09151805717358164,-0.41966079204621465,0.10364728022224212,-0.4844070012882743
2020-03-11,101.84,0.011390416339355891,0.0956402199528672,-0.008248232521602561,0.09573841319717213,-0.20618738488118404,0.16160644147682834,-0.41773095266148963,0.15912215239591387,-0.366345138782449,0.18984681853888463,-0.5143696702421086,0.2045823514008902,-0.5743139491499236
2020-03-12,114.07,-0.06636275970895056,0.004909266240028076,-0.07589813272551937,-0.10721486806346969,0.18432440920871573,0.002366967651443952,-0.1818704249404287,0.024625230121853914,-0.20771826060401521,0.05280529499430209,-0.38332777716241084,0.06864790625639228,-0.4665204419409198
2020-03-15,108.5,-0.062211981566820285,0.06866359447004622,-0.06912442396313367,0.05133640552995389,0.01947966032449089,0.03983410138249033,-0.07793115897717218,0.07799999999999874,-0.22415007776953366,0.1018341013824886,-0.3412767480542085,0.11985867895545321,-0.433762205743935
2020-03-16,118.24,-0.05742557510148838,0.012347767253044761,-0.06317574424898509,-0.0823748308525033,-0.11963412738083845,-0.05860960757780598,-0.14502291388441124,-0.020153924221922637,-0.2928381918668752,0.0036112990527743527,-0.39120096456590236,0.023066080288678625,-0.48360174661077593
2020-03-17,117.45,-0.03771817794806309,0.034482758620689724,-0.04563644103873987,0.006726266496381417,-0.15619153208282133,-0.05621115368241625,-0.20941688210936327,-0.013503618561091169,-0.37351003950573347,0.007539378458918833,-0.45916762198184724,0.027997729530296445,-0.5450337712783583
2020-03-18,110.83,0.05215194441938098,0.06469367499774425,-0.009382838581611486,0.05973111973292444,0.40959057417464906,0.010737165027521423,0.19559355025522818,0.039059821348009116,-0.034122547463774744,0.06411621402147438,-0.1817466254652046,0.08693193780264075,-0.32501504374618384
2020-03-19,102.43,0.06599629014937025,0.07097530020501797,-0.008200722444596353,0.08200722444596309,-0.245743862405311,0.11117836571317197,-0.13808584293098847,0.11372644732988246,-0.23966871943379053,0.14369325392951282,-0.35922943063143276,0.17086790979205313,-0.4752402766470316
2020-03-22,97.7,0.02548618219037868,0.06192425793244616,-0.034390992835209855,0.04841351074718525,0.21206163562050295,0.1411463664278425,0.09191782798373027,0.14796315250767522,-0.012697343132708983,0.18664278403275336,-0.18841793977415033,0.21912316615489602,-0.34046485173359586
2020-03-23,103.27,-0.01975404280042603,0.007068848649172121,-0.06972015106032736,-0.05393628352861424,0.2220907189513981,0.058681127142444334,0.3448616880362847,0.06826764791323581,0.24050934029910342,0.11024498886414258,0.026806988867178028,0.14420774022788163,-0.16683380952233529
2020-03-24,100.92,-0.004062623860483505,0.03745541022592147,-0.02298850574712652,0.023285770907649495,0.05268032768593334,0.053666270313121434,0.3464695620262912,0.07602061038446162,0.32855571011548057,0.12710067380103052,0.1014942638667351,0.1632877526753862,-0.10047915938292684
2020-03-25,107.38,-0.0325945241199479,0.008660830694729116,-0.04516669770907056,-0.06016017880424651,-0.1165405110257931,-0.04051033712050445,0.07332043841552238,0.0013503445706823936,0.1577919535362362,0.05033525796237681,-0.004903868938498812,0.08608989880176332,-0.188770697993339
2020-03-26,110.17,-0.03340292275574119,0.037396750476536234,-0.03340292275574119,-0.025324498502314663,-0.018295960036676884,-0.07107197966778411,0.046018859580969185,-0.0189797585549617,0.10581795295802054,0.02095851865299103,-0.015731878032503976,0.05372303409881707,-0.18372968978483306
2020-03-29,115.0,-0.009565217391304337,0.006869565217391349,-0.041738260869565114,-0.04200000000000004,0.1019330840873196,-0.09662608695651986,0.07498766216659325,-0.06357391304347926,0.20874082601092203,-0.02325217391304324,0.06094710957519456,0.005179710144927574,-0.08022064584729638
2020-03-30,110.0,0.031818181818181746,0.039000000000000146,-0.009545454545454524,0.045454545454545414,-0.32559611430848767,-0.02410909090908886,-0.3059769374280088,-0.015100000000001224,-0.19675552959542097,0.019072727272727574,-0.2795826311722709,0.04749393939393953,-0.36631547122042984
2020-03-31,109.33,-0.012622336046830607,0.02606786792280258,-0.02131162535443154,0.006128235616939648,0.9209769821299396,-0.005817250525928519,0.4567276551002639,-0.01660111588768065,0.5619129715978413,0.021581450653983536,0.42391845167134945,0.049379554254703084,0.26070729577985396
2020-04-01,114.4,-0.05865384615384617,0.0051573426573425785,-0.06031468531468531,-0.04431818181818192,0.21995368690938233,-0.03517482517482318,0.7190398594342056,-0.06728146853146977,0.777050986132825,-0.03032342657342657,0.7464390926144104,-0.0018210955710955545,0.5614045236589482
2020-04-02,115.08,-0.01164407368786935,0.007125477928397794,-0.01798748696558905,-0.005908932916232068,0.17550889484988663,-0.028675703858183632,0.8538935636947984,-0.06969064998262198,0.997667558719846,-0.039194473409801645,1.0513564260848507,-0.011247248291043732,0.8485763523096421
2020-04-05,117.81,-0.006875477463712754,0.010101010101010166,-0.02741702741702745,-0.02317290552584672,-0.5354548651451301,-0.04284865461335874,-0.2360799170789133,-0.08051099227569947,-0.15415222503318804,-0.06425176131058463,-0.05325607436812585,-0.03744730215318437,-0.14393034365370827
2020-04-06,112.77,0.034938370133900776,0.06464485235434969,-0.002394253790901746,0.04469273743016755,0.16383792335937786,0.004912654074667122,-0.07904491114560508,-0.02158375454464989,-0.022682891033603214,-0.02165469539771192,0.11544688077901766,0.0039490408205493654,0.017521167855544917
2020-04-07,115.1,-0.006168549087749775,0.019113814074717572,-0.028149435273674972,-0.020243266724587317,0.15705953136749384,-0.010616854908773177,-0.047653516758256464,-0.033136403127716485,0.12959524946404355,-0.04483927019982614,0.3026336027253118,-0.018882131479872277,0.19217647965453688
2020-04-08,114.66,0.005232862375719627,0.03484214198499913,-0.004011861154718188,0.00383743240886103,-0.016874654288753455,0.003244374672947803,-0.04349315540083165,-0.017059131344847045,0.09964718305773146,-0.03964329321472182,0.2653618141378977,-0.01658817373103061,0.1865343957708796
2020-04-12,115.95,-0.020181112548512292,0.006899525657610983,-0.024062095730918553,-0.011125485122897905,0.6016520760050124,-0.007468736524362196,0.6207372884180591,-0.021716257007332262,0.723446897760543,-0.04479948253557586,0.9767200668403593,-0.027195630300416718,0.897732808645268
2020-04-13,120.96,-0.018187830687830586,0.004216269841269993,-0.03893849206349198,-0.0414186507936507,-0.24295775572703537,-0.047139550264548635,0.22923189399834754,-0.057457010582011914,0.22776114133228464,-0.08358548280423306,0.45119388435842267,-0.0667383156966489,0.38916616575978114
2020-04-14,121.22,-0.00296980696254745,0.01814882032667886,-0.01344662596931201,-0.002144860584062047,-0.26336552441998484,-0.043986140900839854,-0.18367649194775992,-0.054561953473025615,-0.12398096837492101,-0.08041164824286451,0.045772893567370465,-0.06835505692130006,0.018797600425608962
2020-04-15,121.5,0.00699588477366242,0.008230452674897082,-0.013168724279835398,-0.002304526748971192,0.18398653709355517,-0.03227983539094481,-0.03727893193402887,-0.04750617283950753,-0.02357588408614264,-0.08130452674897148,0.21660917360939824,-0.0696652949245542,0.21086598465842799
2020-04-16,124.69,-0.01796455208918113,0.0024059667976581434,-0.03328254070093828,-0.025583446948432065,-0.26853690445571254,-0.04677199454647363,-0.30160866389422114,-0.062114042826210136,-0.2808589534403175,-0.10318389606223444,-0.14353936995104555,-0.09426845242868975,-0.10917890148778275
2020-04-19,120.6,0.00721393034825879,0.021807628524046496,-0.0004975124378108209,0.03391376451077943,0.48559182082686436,0.002189054726370099,0.1048116046339449,-0.02177446102819358,0.13383048826542843,-0.06702321724709792,0.27283812414699526,-0.06270591487009392,0.3444703037591832
2020-04-20,119.68,-0.0015040106951872412,0.005180481283422411,-0.010444518716577589,0.0076871657754009615,0.157041533558814,0.017663770053477634,0.343689990889503,-0.00964237967914583,0.34581954509644497,-0.05226019385026759,0.41737991594725754,-0.055796011586452754,0.5596379274396295
2020-04-21,119.4,0.0049413735343382115,0.007370184254606338,-0.00519262981574542,0.0023450586264657236,-0.06560508941950127,0.017906197654943057,0.23748862252542935,-0.005753768844222407,0.1864855017093845,-0.0408333333333335,0.28384586994068806,-0.052571189279732033,0.44644180195489125
2020-04-22,119.4,-0.006281407035175879,0.002261306532663321,-0.011306532663316604,0.0,-0.4026027298076337,0.014857621440537594,-0.3074406846217399,-0.0002010050251268769,-0.3158850268363771,-0.03407872696817438,-0.24582277007038134,-0.05289223897264106,-0.13829396583012077
2020-04-23,118.78,0.002694056238423892,0.008250547230173488,-0.001347028119211946,0.005219733961946416,0.349829040194543,0.01661895942077951,0.015331230166554466,0.008637817814445947,-0.04007273658456134,-0.02125778750631424,0.030801519215578388,-0.04575686142448221,0.16510649503618735
2020-04-26,117.45,0.014814814814814836,0.014814814814814836,-0.004682843763303524,0.011323967645806787,0.1945535360732551,0.01806726266496561,0.14235241475769556,0.023567475521497405,0.1464641396869919,-0.0053214133673903374,0.2171133248644137,-0.030143323400028454,0.3668271539569763
2020-04-27,116.89,0.00179656086919322,0.008726152793224307,-0.006159637265805484,0.004790828984515327,0.0591606566032119,0.017554966207547373,0.2011600786329777,0.029754470014542456,0.2410651087293021,0.0025579604756607033,0.2622790188077633,-0.02453303675820584,0.4250670090164599
2020-04-28,117.08,0.0037581141100102577,0.008242227536727098,-0.01711564742056715,-0.001622822002049884,0.1539865254887387,0.01113768363512313,0.39689554611467437,0.024607106252134248,0.42693411924275937,0.00173812777587945,0.4307852421545322,-0.02372736590365576,0.6174036321529566
2020-04-29,117.87,-0.016543649783659964,0.003478408416051515,-0.01874946975481473,-0.006702299143123813,-0.1383146853842372,0.0004241961483009149,0.17311824664749387,0.014227538813946339,0.17462047053560337,-0.0019725120895904835,0.1691973262637998,-0.030598682163966107,0.3582364402500833
2020-04-30,116.82,0.00667693888032872,0.013268275980140576,-0.004280089025851752,0.008988186954288713,0.36677259621119185,0.006796781373054506,0.4125224581074083,0.020236260914226145,0.5792143044200542,0.010653141585344805,0.5903962395789117,-0.021765679392798165,0.7980038600201818
2020-05-03,115.77,0.011401917595232014,0.012352077394834682,-0.006651118597218564,0.009069707178025466,0.30887679184358263,0.012542109354757303,0.6604591229318475,0.022691543577782358,0.9063884761019783,0.020864645417638217,1.0655698706703092,-0.01116869655351116,1.3004666958442423
2020-05-04,116.01,-0.001810188776829702,0.010774933195414116,-0.0068959572450651985,-0.0020687871735195484,0.032344078616946215,0.007551073183348578,0.5316239587128133,0.0164123782432537,0.8687213437244006,0.019050081889492088,1.1124160041692006,-0.009381375168807327,1.2771674983638275
2020-05-05,113.1,0.021573828470380363,0.026878868258178645,-0.001856763925729421,0.025729442970822358,-0.3105480712154751,0.03191865605658939,-0.05935138588689648,0.039319186560564656,0.23663717833777986,0.04447391688770996,0.3846468123589508,0.021503094606543094,0.5178276157146766
2020-05-06,112.17,0.01684942497994113,0.01756262815369536,-0.0031202638851743902,0.008290986894891716,-0.09225973693431289,0.0333779085316952,-0.16377560536788427,0.04231969332263397,0.09606097964914428,0.05328073459926874,0.21942818505548245,0.03289352470951834,0.35223037667973656
2020-05-07,115.95,-0.02095730918499361,0.003018542475204722,-0.022078482104355368,-0.03260025873221217,-0.05590819670875269,-0.010142302716686036,-0.2399465102889915,0.002104355325569962,-0.05611697597144538,0.017680034497628228,0.1308491417142179,0.002455081213166732,0.2580366343659264
2020-05-10,115.31,0.003815800884571896,0.0060705923163646425,-0.0033821871476888976,0.005550255832104778,0.32546838389328614,-0.006157315063739066,0.060878271099804815,0.005212037117334534,0.2016699014393306,0.023887780764894506,0.47402834123433957,0.010496343190818935,0.6365601847764575
2020-05-11,114.55,0.005674378000873004,0.011785246617197709,-0.0035792230467044384,0.006634657354867013,0.03616584655442523,-0.00036665211697717304,0.13893343858671336,0.010013094718462234,0.19090874417977988,0.030401571366215574,0.5201780198618504,0.018696348028517384,0.6510098951718615
2020-05-12,113.92,0.003160112359550604,0.012552668539325795,-0.0017117275280899014,0.005530196629213391,-0.2749550023372932,0.002598314606743868,-0.14688508527200117,0.013544592696627555,-0.17207998331897334,0.03328651685393269,0.0819739755217801,0.02419826779026235,0.16906248053138562
2020-05-13,113.81,-0.0023723750109831965,0.005623407433441807,-0.022493629733766785,0.0009665231526228002,0.0008807033495252803,0.0050083472454112155,-0.1167827275674358,0.011747649591423048,-0.16497448611410248,0.031078112643880385,0.056236132633818325,0.02633629147995209,0.12604108132060876
2020-05-14,114.61,-0.005933164645318789,0.0015705435825845715,-0.02233661984120061,-0.00698019370037517,-0.1555807777910605,0.0008550737282979615,-0.24421942628518112,0.0011430067184350357,-0.30228045126011927,0.02052613210016596,-0.12060018921153937,0.02047523485443392,-0.055031312136805455
2020-05-17,116.21,-0.0015489200585147023,0.0067119869202305615,-0.012907667154289704,-0.013768178297908884,0.09598752422260715,-0.015231047242059703,-0.13695231636577232,-0.014542638327167623,-0.1993491436397531,0.0021383701918942233,-0.06338995293613081,0.006485385652410969,0.04163536517803634
2020-05-18,112.44,0.023568125222340752,0.028415154749199534,-0.0008893632159373555,0.03352899324083958,0.2357451154913821,0.019388118107437124,0.14166757726359336,0.01889007470650883,0.04344960231068873,0.03378690857346167,0.1509888415594094,0.04056682082295748,0.2962493108873314
2020-05-19,113.28,-0.0024717514124293904,0.0043255649717512945,-0.010151836158192151,-0.007415254237288171,0.226228249728893,0.008103813559324102,0.4416546951318534,0.008183262711862982,0.31954738972952357,0.022925494350282793,0.40039805725040756,0.031270597928437116,0.5455392821996612
2020-05-20,111.62,0.01057158215373577,0.0141551693244939,-0.001702203906109978,0.01487188675864548,0.007762168581418871,0.021949471420894318,0.37149661198493944,0.023338111449559662,0.3098560192887483,0.035396882279161934,0.3836919300453159,0.04675983993310662,0.5176719858695449
2020-05-21,112.6,-0.002753108348134914,0.008880994671403242,-0.007460035523978559,-0.008703374777975004,0.1662580169968899,0.009165186500890377,0.5031254183939893,0.013943161634101697,0.48916838918270433,0.022930728241563614,0.5198501926666088,0.03661930136175284,0.7348323155544509
2020-05-25,112.03,0.018923502633223288,0.018923502633223288,-0.003124163170579286,0.005087922877800466,-0.46242734646978,0.010711416584845423,-0.2943044255148102,0.016111755779700365,-0.2340144662963446,0.02537713112559148,-0.216707279385974,0.041280609360588194,-0.08996759031710333
2020-05-26,113.89,-0.01220475897796125,0.0007024321713935411,-0.018175432434805572,-0.016331547984897665,0.2652711775081755,-0.013135481605055177,-0.09632175443973434,-0.003362894020547569,0.01140917719265433,0.006251646325402094,-0.009863011076643668,0.023127579243129803,0.16163112180495798
2020-05-27,116.06,-0.004566603480958165,0.00801309667413408,-0.009999138376701744,-0.01869722557297948,0.24479350725996585,-0.02908840255040268,0.12980528409733316,-0.02256591418232079,0.28220464822506863,-0.013854902636566968,0.21929879277797815,0.001967373197771627,0.43489586323912044
2020-05-28,115.92,0.0018115942028984477,0.0069013112491373985,-0.01121463077984819,0.0012077294685990392,-0.16189408831344343,-0.02311939268460772,-0.05228372950093285,-0.019539337474121288,0.04137188356692367,-0.013103864734299142,0.009004675029453901,0.0016936968023928411,0.17069941961402213
2020-05-31,117.25,-0.010660980810234588,0.002132196162046851,-0.01697228144989338,-0.01134328358208958,0.55510124253828,-0.026865671641788658,0.5274198790308815,-0.028861407249468063,0.5930657526314806,-0.025130063965884353,0.547956922279299,-0.0112551528073912,0.7938065899540094
2020-06-01,118.06,-0.008385566661019861,0.0006776215483652592,-0.01054548534643407,-0.006860918177198028,-0.1933427421556887,-0.025664916144331085,0.21540515995749998,-0.03328815856344336,0.19197440729786885,-0.03163645603930165,0.23063211914301185,-0.020139477102038228,0.3872108007181656
2020-06-02,118.53,-0.0036277735594364424,0.005568210579599997,-0.004893275963890997,-0.003965240867290998,0.01594518231070463,-0.019353750105456147,0.10151840889601949,-0.03556061756517448,0.15151509738912572,-0.034510250569475764,0.2557443500871346,-0.024739165893303716,0.3839278370749144
2020-06-03,116.05,0.016803102111158985,0.023912106850495496,-0.004136148211977608,0.0213700990952177,-0.10130851259077933,0.009599310641967174,-0.06931278442683364,-0.009702714347265218,0.00759556372269099,-0.012791900043084503,0.1340194167392561,-0.004228062616687733,0.22764688011452172
2020-06-04,118.33,-0.017577959942533528,0.004225471140032022,-0.019268148398546403,-0.019268148398546403,-0.06257572898574326,-0.009870700583112568,-0.1200337065978615,-0.02644299839432207,-0.05125662676481235,-0.030567058226991906,0.05630071153786487,-0.024358432631904625,0.1358905444639147
2020-06-07,119.05,-0.013523729525409478,0.0005879882402353154,-0.018563628727425452,-0.006047879042419102,0.0597541435427118,-0.011810163796721729,-0.0830633441366645,-0.026694666106679144,0.017246855316178866,-0.03384292314153681,0.10979820171530519,-0.030558588828223043,0.1571635737980035
2020-06-08,118.34,0.008957241845529929,0.011999323981747523,-0.0016055433496704463,0.005999661990873761,0.243605408055924,-0.002839276660467571,0.20704838068254627,-0.015404765928681341,0.28900594908615584,-0.026736521886090325,0.35986015663692195,-0.024666215987831253,0.4050292341418835
2020-06-09,119.23,-0.0019290447035142932,0.005535519583997228,-0.009393608991025815,-0.0074645642875115215,-0.16274875562494262,-0.009812966535265866,-0.010829012765175894,-0.0174620481422475,0.006564452199467441,-0.032730856328104796,0.12831307190742947,-0.031697838910788256,0.15136822358955504
2020-06-10,116.26,0.02193359710992593,0.028470669189746944,-0.0022363667641494,0.02554618957509036,-0.2485942937495742,0.016686736624808685,-0.2461496285106497,0.01223120591776894,-0.26139192603976213,-0.006008085325992951,-0.1523863800597779,-0.006290498308388681,-0.14733946761197814
2020-06-11,115.62,0.008389551980626075,0.021017125064867637,-0.0031136481577581643,0.005535374502681156,0.11405371822501542,0.02267773741567436,-0.11053649712833091,0.018007265179033283,-0.14886217501455423,0.0005059678256362776,-0.058056559082040105,-0.0010263506890382246,-0.049187486928461865
2020-06-14,116.69,-0.018339189304996117,0.00505613163081664,-0.025109263861513353,-0.009169594652498003,-0.08961531320707894,0.008655411774790345,-0.17635094565355902,0.008415459765188427,-0.22438333587526238,-0.00789270717285051,-0.14974788991902332,-0.01082926271888418,-0.14232865625871804
2020-06-15,118.13,0.003386100059256769,0.00711081012443926,-0.010158300177770196,-0.012189960213324302,0.07778294193986612,-0.007635655633621674,-0.06777149697124107,-0.0043511385761462185,-0.11884823281260315,-0.019106069584355567,-0.09711290015601515,-0.022923897401167626,-0.06987642740772493
2020-06-16,117.93,0.003900619011277806,0.010005935724582304,-0.004155007207665595,0.0016959213092511138,0.29438813536736497,-0.006308827270412487,0.2875156004028572,-0.0026032392097018464,0.16958466256029858,-0.016628508437207867,0.1538173789386088,-0.0205997908363712,0.21723526415119987
2020-06-17,119.28,-0.015258215962441368,0.0057008718980549045,-0.016012743125419115,-0.011317907444667985,0.006275074241211653,-0.019735077129441336,0.282882226895228,-0.014394701542589927,0.17810055995896468,-0.02545690811535828,0.14656210253186464,-0.03114799910574506,0.22931791251942646
2020-06-18,118.92,0.013202152707702641,0.024386141944163997,-0.0007568113017154543,0.003027245206861817,-0.6846523648399447,-0.011688530104269734,-0.6221738792480546,-0.008694920955265029,-0.6318509559139043,-0.01998402287251877,-0.6393339050018917,-0.0264827895503974,-0.6151350605800787
2020-06-21,117.75,0.008747346072186746,0.011295116772823688,-0.003481953290870421,0.009936305732484163,2.472731542085196,0.0037367303609361358,0.7267186403609949,0.001656050955413102,0.49647860604086613,-0.0071464968152860076,0.368699124919347,-0.014898796886057442,0.40137368886526215
2020-06-22,117.73,0.007984371018431968,0.012401257113734854,-0.0006795209377389311,0.00016988023443476052,0.05963859630496926,0.005707975877008664,0.715817919434182,0.000721990996346733,0.5624270987647904,-0.004790622611058559,0.4511249925436478,-0.01422180695942632,0.4631226358194711
2020-06-23,116.42,0.006871671534100621,0.013227967703143717,-0.0012025425184676308,0.01125236213708991,-0.1766294711485531,0.016337399072326342,0.3285278904804696,0.011458512283112121,0.28321042385708006,0.008855866689572833,0.15605569549831255,-0.002436580198132532,0.1966376689520284
2020-06-24,117.89,-0.007634235304097126,0.0011875477139706714,-0.015819832046823246,-0.012469250996691827,0.1892505051457707,0.0011027228772604314,0.5891195387811912,-0.003537195690899053,0.5234195975124252,-0.002650776147255285,0.35917813962029044,-0.014346707382587698,0.4219987291570806
2020-06-25,115.23,0.020480777575284215,0.028117677688102027,-0.001648876160722068,0.02308426625010851,-0.759672507351744,0.02179987850386378,-0.6246414856388844,0.020879979172089946,-0.6487283585405901,0.021166362926321902,-0.6758396922954479,0.009554803436605752,-0.6637492303544141
2020-06-28,117.66,-0.00977392486826445,0.0033146353901070125,-0.011133775284718705,-0.02065272819989794,2.3311520630571625,-0.0055753867074602725,0.33967347440733775,-0.0005354411014792948,0.38699651938647395,-0.0002167261601216941,0.1887372336987454,-0.010892968440137651,0.18619144041725422
2020-06-29,119.57,-0.013381282930500893,0.003512586769256476,-0.014803044241866625,-0.01597390649828545,-0.12487365266531092,-0.021610771932757178,0.20202198284066464,-0.015689554236012926,0.18955445271346583,-0.016015723007442806,0.05161063208519634,-0.025842602659529423,0.02065427844372536
2020-06-30,119.98,-0.0027504584097349793,0.003417236206034291,-0.00900150025004165,-0.003417236206034402,0.20245318917903798,-0.021886981163525387,0.520884205064742,-0.01785297549591658,0.4259464188548232,-0.018748958159692686,0.2762767189448694,-0.028238039673278315,0.21626155373162348
2020-07-01,120.88,0.0009927200529451508,0.013980807412309781,-0.002895433487756449,-0.0074454003970879645,0.050763698368593735,-0.023279285241560088,0.5976974967352742,-0.02346955658504357,0.5021938767200982,-0.02545499669093254,0.34358758691111824,-0.03339399955879041,0.2695703843877566
2020-07-05,121.63,0.001151031817808068,0.00641289155635949,-0.006166241881114809,-0.006166241881114809,0.01998531731785591,-0.024385431225847132,0.6530466404171791,-0.02817561456877471,0.5316199720603265,-0.029478747019649254,0.3646725378041973,-0.03727150648140476,0.29279352435227546
2020-07-06,122.22,-0.007527409589265233,0.00842742595319912,-0.010882016036655173,-0.004827360497463573,-0.11135790430443449,-0.018622156766484932,-0.021016862481730625,-0.03064964817542193,0.16081802627931885,-0.03281377843233446,0.20332526597627631,-0.0391888943435329,0.14657593314436412
2020-07-07,122.89,-0.006021645373911588,0.002848075514687798,-0.0072422491659207555,-0.005452030270974073,0.05699147968918172,-0.016551387419641794,0.03430668422890393,-0.032297176336561706,0.24467837701296036,-0.03679713564976772,0.27108210749876727,-0.041817885914231745,0.21826430258149232
2020-07-08,122.48,0.002775963422599448,0.012246897452645289,-0.005470280862181598,0.0033474853037229746,0.21263982367975198,-0.007838014369691115,0.2031888423583017,-0.02484487263226698,0.5299093397524604,-0.03171538210320024,0.5496611790700163,-0.03565480078380101,0.45256855393234297
2020-07-09,123.89,-0.010654612963112542,0.0049237226571958725,-0.011461780611833117,-0.011381063846961026,-0.2069753778743646,-0.015094035031074093,-0.08085474913966995,-0.031051739446283477,0.19556844276152274,-0.04142384373234287,0.21899966159308804,-0.04431888503242076,0.1375115539811469
2020-07-12,124.05,-0.0004030632809350898,0.012374042724707657,-0.005723498589278453,-0.001289802498992354,-0.12136161796547051,-0.01151148730350482,-0.1785775578047777,-0.027464731962918654,0.06667845946766504,-0.03958484482063662,0.05702709289365138,-0.04344753459626438,-8.137630008808738e-05
2020-07-13,125.09,-0.008793668558637835,0.004556719162203127,-0.01271084818930368,-0.008314013909984874,0.22226169875608237,-0.015860580382123124,0.05443681561731317,-0.028499480374131192,0.06154842714694331,-0.044200175873370884,0.28948198860979457,-0.04923388493617875,0.2208587955673016
2020-07-14,124.5,0.011887550200803343,0.01927710843373509,-0.001927710843373398,0.0047389558232930895,-0.22856585279664932,-0.006586345381524361,-0.20070443035133168,-0.01792771084337419,-0.1883390756572294,-0.03629718875501975,-0.020566305617146563,-0.04262918340026711,-0.053330740960124356
2020-07-15,124.76,0.0025649246553380856,0.006091696056428342,-0.006813081115742303,-0.0020840012824623333,1.0235568331984841,-0.006075665277330722,0.6997001240386032,-0.016022763706316723,0.6496458464651684,-0.03575264507855058,0.9819410515025182,-0.04290370845356373,0.9307687373225131
2020-07-16,125.63,-0.004298336384621404,0.0034625487542785383,-0.006367905754994796,-0.0069250975085567434,-0.23633515594664423,-0.009328981931065572,0.24768180968753972,-0.01903207832524134,0.21220422320603638,-0.03971185226458607,0.49202967866975467,-0.047878691395366824,0.4605861891939509
2020-07-19,125.24,0.0018364739699776589,0.004790801660811361,-0.003593101245608299,0.003114021079527296,0.23231002770566955,-0.003465346534651581,0.4684622606493307,-0.012184605557330364,0.47169002285631545,-0.034186362184605135,0.8271579682815475,-0.042363994463961996,0.7870423192322853
2020-07-20,125.07,0.0033581194531062675,0.012552970336611624,-0.0011993283761093654,0.0013592388262573252,-0.17601434093854296,-0.00020788358519052696,0.07888493370099714,-0.00795554489485939,0.17762845402190353,-0.030347005676820693,0.35574330651729835,-0.03922070307294523,0.4525598263462731
2020-07-21,126.14,-0.00507372760424929,0.002061201839226312,-0.015300459806564137,-0.008482638338354276,-0.12575013381425337,-0.00872046931980186,-0.09358696535762956,-0.014111304899318777,0.001446650868886179,-0.03567068336768631,0.18088521543308378,-0.0457798213625068,0.25993603736633686
2020-07-22,126.16,-0.0003170577045021883,0.008084971464806578,-0.00443880786303108,-0.00015852885225109414,-0.111240580981123,-0.006277742549142373,-0.26050649711819585,-0.011691502853519942,-0.11821248688584174,-0.03249048826886458,0.053629528155159756,-0.04387021771295663,0.12145780392353056
2020-07-23,125.96,0.008177199110828814,0.01436964115592243,-0.0051206732295966395,0.0015878056525882034,0.10831842630000232,-0.0024769768180359364,-0.09229600059883636,-0.00720069863448769,-0.000644140398405435,-0.02708796443315309,0.1688839890063314,-0.04051815391129421,0.24288051558194712
2020-07-26,126.32,-0.004829005699810041,0.002533248891703588,-0.006174794173527398,-0.0028499050031665085,-0.07193731320558472,-0.004797340088662061,-0.13428602174265425,-0.008391386953768842,-0.08362338825374815,-0.026666402786573395,0.08883494770929334,-0.04069294912391774,0.138712891412198
2020-07-27,127.88,-0.011807944948388993,0.0045355020331561136,-0.012433531435720901,-0.012198936502971547,-0.1435983454714852,-0.015248670628712824,-0.2001155142119292,-0.018712855802315187,-0.23083854866865716,-0.0342039411948698,-0.17566945618625784,-0.04960640183505327,-0.031383486617789114
2020-07-28,128.31,-0.00584521861117604,0.007248071077858409,-0.007403943574156413,-0.003351258670407642,0.13096719197907247,-0.014168809913489344,-0.02398063226592373,-0.019826981529109666,-0.11070826654235655,-0.033458031330371396,-0.062416876842936286,-0.049884394565245294,0.0895357504887011
2020-07-29,131.42,-0.005782985846902955,0.004641607061330211,-0.01346826966976089,-0.023664586820879463,-0.3787382210887603,-0.03419570841576458,-0.3794007152612906,-0.040123268908842324,-0.4608516980784627,-0.053005630802008485,-0.4228395740271028,-0.06978643534723239,-0.32755764409966204
2020-07-30,131.12,-0.008492220866382016,0.0006863941427699416,-0.014109212934716231,0.0022879804758997313,0.2178445805403033,-0.02396278218425718,-0.15139057566862468,-0.03284777303233721,-0.26703157673847744,-0.04647651006711384,-0.27306905219652544,-0.0642286963595684,-0.1641407523691999
2020-08-02,131.29,-0.006245715591438716,0.004798537588544427,-0.006245715591438716,-0.0012948434762738437,0.12425072346521127,-0.017366136034730806,0.025979832752599297,-0.029918501028258437,-0.13039343190349417,-0.04381140985604348,-0.16596517640979702,-0.062434305735394546,-0.04925004596992544
2020-08-03,133.79,-0.022572688541744435,0.0010464160251140164,-0.023095896554301554,-0.018686000448464024,0.01508103132083738,-0.028298079079152383,0.07721049081542919,-0.04352343224456279,-0.0708438246423968,-0.05806861499364646,-0.14187378735276257,-0.07687171437825413,-0.08618554967287029
2020-08-04,133.44,0.0011241007194244812,0.009067745803357452,-0.0023980815347721673,0.0026229016786569748,0.3490905073432884,-0.016891486810550194,0.45959022798277127,-0.03447991606714673,0.2982551237724189,-0.05126273980815321,0.16557114711302412,-0.07044364508393253,0.2447245259409121
2020-08-05,132.71,0.001056438851631425,0.004973249943485802,-0.004445784040388867,0.005500715846582738,0.4289368750173852,-0.0037525431391745023,1.0385491204431871,-0.023668148594680694,0.850638457668202,-0.04206917338557736,0.656437842488399,-0.06138447240850953,0.7816773515483033
2020-08-06,133.55,-0.004941969299887883,0.0006739049045298984,-0.008236615499813027,-0.006289779108948013,-0.18789481328857383,-0.008086858854360224,0.3827741472310384,-0.02490453013852545,0.44945506130845136,-0.04426432047922102,0.33187164608718334,-0.06322226382129015,0.4300029729993402
2020-08-09,134.1,-0.002982848620432521,0.0025346756152124783,-0.006823266219239343,-0.004101416853094619,-0.14526552159654238,-0.008530947054435578,0.047435820784799354,-0.02324384787472089,0.22051636383468143,-0.044582401193139054,0.12300093882177943,-0.06317176236639277,0.21915725431354716
2020-08-10,133.23,0.007806049688508843,0.011333033100653145,-0.0032650303985588547,0.006530060797117709,0.0736867851547689,0.002161675298357757,0.04767582499015721,-0.01102604518501904,0.29766837818841774,-0.03457179313968284,0.18839842844296384,-0.05233305812004263,0.20357636214794006
2020-08-11,135.46,-0.0124760076775432,0.0037649490624538373,-0.012992765391997785,-0.016462424331906256,-0.08368410975718066,-0.01516314779270489,-0.1200345730220117,-0.023357448693341998,0.15214722495176392,-0.047460504946109316,0.08150838222485435,-0.06410256410256376,0.09455773731890682
2020-08-12,135.78,-0.005155398438650649,0.0006628369421122215,-0.006260126675504463,-0.0023567535719545285,0.16725692014500626,-0.014508764177344036,0.032785520532379486,-0.020393283252320593,0.32889389324944274,-0.04566946531153315,0.24017968044620663,-0.062407325575685846,0.2647302410638255
2020-08-13,135.1,0.003774981495188845,0.003997039230199784,-0.004071058475203393,0.005033308660251645,-0.14116180581911875,-0.0050037009622486694,-0.07815899408252391,-0.012235381199112383,0.043765552083945725,-0.036787564766838976,0.07385525971144968,-0.05378978534418899,0.07782301784152001
2020-08-16,135.5,-0.004132841328413295,0.0014760147601475815,-0.006199261992619998,-0.002952029520295274,0.0284980716314025,-0.005653136531363789,-0.01959517316832471,-0.01221402214022227,0.02145559185659418,-0.03613653136531347,0.10982222379521622,-0.053084870848708166,0.10660270956633933
2020-08-17,136.51,-0.00512782946304291,0.007398725368105152,-0.007984763021024133,-0.007398725368104819,-0.3390896833765238,-0.010958904109587442,-0.3539421747303031,-0.01643835616438416,-0.3498820675714436,-0.039509926012746055,-0.2581647427231286,-0.05670402656703988,-0.2700732893382317
2020-08-18,135.77,-0.001694041393533352,0.0040509685497531756,-0.0019886572880607467,0.005450394048758689,0.25113535351698535,-0.0007365397363172654,-0.0977111369702246,-0.00907416955144813,-0.17374117363595976,-0.0300618693378506,-0.04681614440239146,-0.04805430752989093,-0.07810049736726221
2020-08-19,136.85,-0.011764705882352788,0.000949945195469537,-0.01213006941907191,-0.00789185239313106,0.5819033683386816,-0.008169528681036153,0.47397899319527315,-0.015191815856778201,0.3336423952980212,-0.03419802703690156,0.5190691913906125,-0.0524296675191811,0.4616348903742822
2020-08-20,137.44,-0.006111757857974465,0.004809371362048953,-0.011132130384167604,-0.004292782305005849,-0.2745339749601211,-0.010870197904538692,0.04677062777081442,-0.016407159487777268,-0.026758843454454673,-0.03445503492433044,0.082905673623348,-0.05301222351571555,0.054964330759087465
2020-08-23,138.51,-0.007364089235434079,0.0019493177387914784,-0.009457800880802836,-0.0077250740018770525,-0.18934535310388922,-0.015132481409282916,-0.14753848067213648,-0.021197025485525156,-0.1966704162366293,-0.03776983611291573,-0.12212636169723745,-0.05706687844439573,-0.1480084655430116
2020-08-24,139.06,-0.0004314684308931449,0.0006472026463397729,-0.009060837048755821,-0.003955127283187143,0.5482764576146535,-0.01469869121242473,0.39129235291252806,-0.021897022867827576,0.2777857288144887,-0.03719257874298865,0.3690031664543283,-0.057330169231506356,0.3174372237571792
2020-08-25,138.39,0.0013006720138739603,0.0067201387383482025,-0.001011633788568389,0.004841390273863766,0.001582247997288011,-0.006243225666592744,0.23281422481940428,-0.012948912493677911,0.26726119840119167,-0.02849194305946945,0.34218652326416943,-0.04940145000842977,0.3092389756050973
2020-08-26,138.21,0.004558280876926446,0.010708342377541369,-0.00021706099413931756,0.0013023659648359054,-0.21815227808849813,-0.0011576586354083984,-0.10534764988221323,-0.009543448375661012,-0.027175232436671526,-0.023580059330005176,0.03382169297832216,-0.04481344813448096,0.00542878098080668
2020-08-27,138.77,-0.003242775816098664,0.001008863587230513,-0.013115226633998889,-0.004035454348922718,0.4627557911189013,-0.0032283634791367977,0.39261013240124765,-0.011789291633639176,0.4487704727825732,-0.02507386322692229,0.4566789545162828,-0.04543729432394106,0.48746256491417705
2020-08-30,138.33,-0.0010120725800623065,0.002891635943034654,-0.0036868358273695057,0.003180799537338297,-0.25061096928984583,0.001865105183258775,-0.021993137892251213,-0.005992915491940254,0.0554790854668441,-0.019207691751608524,0.04990205520706725,-0.039234680353743334,0.10827309711002542
2020-08-31,138.18,-0.0023158199449991868,0.0002894774931248012,-0.008033000434216286,0.001085540599218504,-0.02639089811929196,0.002692140686062938,-0.11187393744038931,-0.002865827181937286,0.025444224951640226,-0.015595599942104466,0.0022984721716055034,-0.03503401360544178,0.08667447993402333
2020-09-01,140.51,-0.01708063483026101,0.006618745996726183,-0.020639100419898804,-0.016582449647711828,-0.31765543467656976,-0.015187531136572341,-0.37157598875634046,-0.01821222688776658,-0.3348282247219543,-0.030357269945199605,-0.3280672439731269,-0.04792541456124089,-0.2563089526222525
2020-09-02,138.26,0.017937219730941756,0.02488065962679009,-0.008462317373065131,0.01627368725589462,0.15470413698873786,0.0039056849414162986,-0.17490466681219297,0.0011934037320981972,-0.21130104536377536,-0.01202083031968737,-0.20583661441195256,-0.028967163315492095,-0.12989610591438572
2020-09-03,137.96,-0.001087271672948753,0.008915627718178998,-0.013337199188170556,0.002174543345897284,-0.01674282663218385,0.006161206146710674,-0.15742952498174945,0.004392577558711919,-0.1851346964840992,-0.007860974195418868,-0.1971196826587137,-0.023932057601236734,-0.14170278137342318
2020-09-07,135.94,0.01897896130645882,0.019861703692805488,-0.006635280270707589,0.014859496836839847,0.07604837841633172,0.019920553185230228,0.00021096947158549817,0.019699867588641506,-0.1030047396135172,0.008503751655142056,-0.11823275643918085,-0.006485704477465104,-0.06970241442998104
2020-09-08,138.15,-0.012522620340210011,0.010206297502714401,-0.013608396670285905,-0.015997104596453204,0.1384704603752418,0.0001447701773449328,0.18160141584003497,0.0015273253709731094,0.012244601168483582,-0.006963445530220658,0.012874637973312675,-0.020057908070937103,0.061318767216758996
2020-09-09,136.7,0.010387710314557541,0.014740307242136153,-0.0013899049012435771,0.010607168983175042,0.14438160392717214,0.010709583028531089,0.3638611447664606,0.011485003657643933,0.18206304330584433,0.0053694220921729485,0.16526447841988867,-0.007159229456229821,0.20493275255643928
2020-09-10,138.14,-0.003257564789344025,0.0037642970899087747,-0.007094252207904939,-0.010424207325901214,0.20402390683268012,-0.00534240625452298,0.49963629857822567,-0.0002823222817435189,0.43451889456058046,-0.004661937165194585,0.3961027389984402,-0.015484291298682007,0.44004940894512123
2020-09-13,138.63,-0.001370554713986838,0.006852773569934412,-0.002164033758926487,-0.003534588472913547,-0.08072151290827123,-0.009031234220585826,0.2572958417554658,-0.0038664069826157554,0.28235453627424056,-0.007328860996898334,0.27652249058831835,-0.017348337300728156,0.27920273312928345
2020-09-14,138.63,0.001154151338094156,0.00822332828392125,-0.001731227007141345,0.0,0.17232596477359263,-0.008064632474932054,0.34460705299385896,-0.003967395224698911,0.5177475199799477,-0.006055687802063003,0.48297762679674916,-0.015542571353001522,0.4662862201827198
2020-09-15,137.7,0.013580246913580174,0.017937545388525766,-0.000726216412490932,0.006753812636165701,-0.3282907707246442,0.002541757443719428,-0.18958228711653424,0.0029774872912127215,-0.005508321329159127,0.0017937545388526654,-0.017398646078091384,-0.007116920842410557,-0.03596898481867239
2020-09-16,137.52,-0.003344968004653892,0.002617801047120283,-0.009671320535194927,0.0013089005235600304,0.29065580042261185,0.0031995346131483693,0.04663351269851579,0.003941244909831054,0.2904353427624551,0.0035376672484002114,0.24072682076067187,-0.004869594725615545,0.23222786210673907
2020-09-17,137.37,-0.00334862051394047,0.004076581495231935,-0.008080366892334712,0.0010919414719372522,-0.609786052054367,0.005488825798938279,-0.6013382529364582,0.0028608866564749924,-0.5273021992921942,0.0052704375045495855,-0.5250359805905382,-0.0027929436315544676,-0.5220762760254577
2020-09-20,136.71,0.002121278618974376,0.005559212932484847,-0.014702655255650843,0.004827737546631461,0.692152915006641,0.009216589861752222,-0.11035700099791246,0.007051422719625222,-0.13329745281921646,0.01031380294053097,-0.14237611047592824,0.0031575354156001545,-0.1537225619496484
2020-09-21,137.96,-0.010655262394897114,0.007755871267033809,-0.012467381849811554,-0.009060597274572313,0.49256736303450266,-0.0027109307045507514,0.42603535722743313,-0.0029791243838795944,0.28744287141047953,0.0008951870107278825,0.2915371333257828,-0.005168164685416032,0.2782381928070592
2020-09-22,136.31,0.01547942190594953,0.01547942190594953,-0.001613968160809942,0.01210476120607451,-0.24832949641334534,0.008377961998387251,0.09379533430735831,0.010571491453304827,-0.06567236443996316,0.01280903822170032,-0.050163710821971796,0.007817963954711127,-0.04459359579795741
2020-09-23,136.92,-0.0018624014022786683,0.0016798130295063718,-0.008837277242185082,-0.004455156295646967,0.11474676928481675,0.0018550978673690377,0.22908691035371453,0.004725387087350041,0.04670359553485426,0.0072925796085305805,0.07240326317158963,0.004077806991917621,0.07056622654100075
2020-09-24,137.62,-0.01257084726057267,0.002688562708908604,-0.01257084726057267,-0.0050864699898272026,0.14282215528195752,-0.004112774306059164,0.4444414208268359,-0.00022525795669259274,0.2043133482726336,0.0016349367824444183,0.23460089627913616,-0.0006757738700770011,0.2221144236813939
2020-09-27,138.01,0.003985218462430273,0.01398449387725531,-0.0016665459024707285,-0.002825882182450501,-0.14465994788876635,-0.006564741685383901,-0.007180744480891343,-0.0034272878776903104,0.04021175417314904,-0.0014093181653503928,0.046142257460798586,-0.003055334154529743,0.04492926347567461
2020-09-28,137.26,0.008232551362377993,0.00845111467288362,-0.00437126621011219,0.00546408276264021,0.2901062182062366,0.0007576861430873549,0.2234280188544171,0.0015663703919563954,0.36515103247995806,0.0037702171062219403,0.36772334350385605,0.0030987420467241122,0.34765282294746136
2020-09-29,138.99,-0.005971652636880487,0.006187495503273466,-0.008489819411468535,-0.012446938628678406,-0.4779841951558619,-0.012705950068349403,-0.36726961492020904,-0.011885747176056394,-0.2822981088482819,-0.009108568961795793,-0.2922592782749843,-0.008964673717533511,-0.30114152154660445
2020-09-30,139.24,0.002441827061189228,0.0053863832232117215,-0.007397299626544118,-0.0017954610744038701,0.5053646687143725,-0.01062912956047024,0.03262281489375041,-0.01273340993967309,0.12531646218963144,-0.010596811261131545,0.09068339485969212,-0.010150339940630082,0.05201914695494825
2020-10-01,138.12,-0.0013756154068925719,0.007240081088908168,-0.00847089487402275,0.00810889081957722,-0.06193426770374866,0.0007529684332474584,-0.029641112127176683,-0.003482479003765193,0.07265913487781361,-0.003033593976252358,0.0013075994095235188,-0.001286321073462604,-0.019503967868873096
2020-10-04,139.39,-0.0048066575794532,0.00186527010545956,-0.007819786211349267,-0.009111127053590518,-0.028382729136983587,-0.007647607432382908,-0.020928613886723513,-0.012023818064423875,-0.0517740316146027,-0.012167300380227952,-0.036362388142139546,-0.010082024057201266,-0.03806216214840241
2020-10-05,139.61,-0.0013609340305137385,0.008308860396819773,-0.00573024854953097,-0.0015758183511211943,0.04368022574351871,-0.007234438793781828,0.03769811358810582,-0.011661055798296016,-0.023884059206273678,-0.013211804312012077,-0.003471304333116043,-0.01117637227514734,0.005488965106894117
2020-10-06,140.7,-0.0044065387348968255,0.004904051172707868,-0.009452736318407817,-0.007746979388770225,0.2959832471222328,-0.01158493248045378,0.4102820070568167,-0.018144989339019535,0.292259488315441,-0.019552238805970013,0.2823522982295561,-0.018576166785121973,0.29313055138986854
2020-10-07,141.65,-0.007695022943875807,0.0019767031415460767,-0.009082244969996545,-0.006706671373102879,0.008178222817201375,-0.015799505824213855,0.24925074931444335,-0.02163078009177588,0.26634359842229016,-0.025227673843981835,0.2777782866600884,-0.02477232615601821,0.3026925092925332
2020-10-08,142.92,-0.007556675062972196,0.005037783375314797,-0.008536244052616881,-0.008886090120346912,-0.29020976014546673,-0.02117268401903072,-0.14777418438552314,-0.027015113350126296,-0.11760671024897185,-0.0321578505457597,-0.09816316377546852,-0.032677955033118544,-0.07623565620271977
2020-10-11,144.49,-0.008028237248252412,0.005813551110803505,-0.008028237248252412,-0.010865803861859091,0.1093372250500313,-0.025164371236763183,-0.04137894219137317,-0.0339193023738672,0.004942928684157577,-0.041020139802062316,0.018494230617013496,-0.04210210625879518,0.02693396169318696
2020-10-12,144.21,-0.0027043894320782913,0.004368629082587949,-0.005200748907842723,0.0019416129255946935,0.2735893270111758,-0.016198599264960145,0.2021075137641839,-0.027550100547812706,0.28088442433391325,-0.037126412870120085,0.3089889129933938,-0.03892009338233582,0.32003670449006605
2020-10-13,144.04,0.0009719522354902921,0.007359066925853863,-0.006664815329075147,0.0011802277145238627,0.17813270219292177,-0.00865037489586129,0.3431350925719474,-0.02157733962788133,0.5114732167069413,-0.034053040821993896,0.5489786025924563,-0.036425067110987364,0.5468009179189373
2020-10-14,143.83,-0.00535354237641672,0.0038934853646663825,-0.006535493290690586,0.0014600570117497824,-0.224506080780714,-0.0025585760967801185,0.011951031299707982,-0.01663769728151332,0.07826432201685218,-0.030438712368768828,0.17985906047717437,-0.03366010799786756,0.1874317096304292
2020-10-15,144.39,0.00020777062123422674,0.010250017314218596,-0.0032550730660018123,-0.0038783849297040485,-0.3068805334189182,-0.003407438188239076,-0.2869819206951808,-0.017272664311933306,-0.2622510210325759,-0.032013989888496464,-0.17985719107767129,-0.03664150333587224,-0.19241609083367095
2020-10-18,141.91,0.01803960256500603,0.02452258473680491,-0.0054964414065252765,0.017475864984849432,0.1331225037972561,0.01608061447396336,-0.16819786472775677,0.004319639207948089,-0.14606883815277483,-0.012624198435628342,-0.10780561718641513,-0.018366100580179512,-0.08496930895340904
2020-10-19,142.48,0.02196799550814177,0.02252947782144865,-0.004070746771476563,-0.004000561482313314,-0.1657368556896024,0.0083941605839426,-0.2916880167869933,0.002070466030319462,-0.2860334170582114,-0.014749438517686841,-0.260199231357393,-0.021369081040613525,-0.24091374985173675
2020-10-20,143.25,-0.0053054101221640115,0.007586736474694655,-0.005445026178010459,-0.005375218150087346,0.3505733925786443,0.0005584642233866788,0.06504244636931777,-0.001312390924956719,-0.006613162777048931,-0.01846771378708567,0.024845363293949152,-0.02510762070971473,0.029932724395750787
2020-10-21,141.45,0.000282785436550137,0.009190526687875566,-0.0026157652880874904,0.012725344644750836,0.2590587087243774,0.012173913043479256,0.41995600680269596,0.01319901025097181,0.273721690416586,-0.0035242135030046917,0.28321326937925506,-0.011499941086367205,0.29415894377564666
2020-10-22,142.38,-0.004354544177553099,0.0035117291754460656,-0.004354544177553099,-0.006531816266329593,0.056043990787979725,0.0022194128388828283,0.47542190448348265,0.00644051130776746,0.3429077890692944,-0.008442196937772373,0.3415421496669211,-0.01684459427822249,0.3607741399319211
2020-10-25,141.3,0.0014154281670204494,0.005307855626327074,-0.009129511677282487,0.007643312101910604,-0.19074218967275425,0.007034677990092941,0.08109491054046547,0.013750884642603767,0.044774543431908675,0.0008209483368717407,0.0791043200148327,-0.008329794762915732,0.10055709032477367
2020-10-26,142.36,-0.002950266928912759,0.006883956167462735,-0.00498735599887612,-0.0074459117729699376,-0.21902195223805565,-0.0013205956729407387,-0.18886028608977246,0.0039617870188248805,-0.19248526371819408,-0.005475554931160698,-0.16111918852999763,-0.015088508007867318,-0.13793416548847848
2020-10-27,137.66,0.020267325294202942,0.02379049832921698,-0.002542496004649064,0.034142089205288606,-0.1677617026814835,0.03260206305390212,-0.347398479550698,0.03689524916460818,-0.3012746612068514,0.030331977335464,-0.2879298776060606,0.019441619448883785,-0.2714814187726944
2020-10-28,137.57,-0.0015991858690120875,0.011048920549538543,-0.012874900050883098,0.0006542124009596417,0.4812062983091496,0.025150832303555637,0.05569915654721447,0.03293595987497233,0.11198813921852868,0.030522643018099593,0.050211902942508324,0.0200988587628117,0.09170717511711057
2020-10-29,137.1,0.0005835156819840037,0.006491611962071486,-0.017651349380014447,0.003428154631655689,-0.14282166780399586,0.02300510576221848,-0.06469158998619906,0.03191101385849726,-0.039686831564098024,0.03344638949671763,-0.10166185214312595,0.023608071966934263,-0.06004863994810106
2020-11-01,138.5,7.220216606484975e-05,0.010830324909747224,-0.007683032490974684,-0.010108303249097506,-0.04291126437347159,0.0050397111913367265,-0.04124192593939835,0.016216606498194563,-0.09368839064710077,0.0226317689530684,-0.13800317126856443,0.013196149217810094,-0.12834879209607886
2020-11-02,141.22,-0.01345418495963746,0.010196855969409446,-0.01345418495963746,-0.01926072794221778,0.07978738880051606,-0.01828352924514831,0.08064586620958791,-0.0057711372326869625,-0.01679248982483217,0.002620025492139799,-0.06596612704807858,-0.005896237548977612,-0.06101213535687677
2020-11-03,140.64,-0.0012798634812285492,0.016780432309442705,-0.002630830489192104,0.004124004550625893,0.0648511171371251,-0.01585608646188741,0.1311324930776141,-0.0025668373151311874,0.02148154633768118,0.007327218430034144,-0.003908258286447475,-0.0010238907849825507,0.008121901343056459
2020-11-04,142.38,0.0004214075010535723,0.00807697710352584,-0.004214075010535168,-0.012220817530552153,0.025812752099922287,-0.023697148475908536,0.07883461761473431,-0.016589408624807178,0.05019133383388441,-0.005004214075010727,0.032126250449295624,-0.012218476377768184,0.031142308328060864
2020-11-05,143.23,-0.003909795433917451,0.005864693150876343,-0.005934510926481895,-0.005934510926481895,0.20550483472565473,-0.022774558402568257,0.3083397898369047,-0.0217761642114086,0.29058611587641914,-0.010654192557425168,0.2555219294510469,-0.016809793106657978,0.24300645622594685
2020-11-08,137.99,0.05913471990723962,0.0647148344082904,-0.0028262917602726034,0.03797376621494286,-0.6356246869429747,0.023219073845931693,-0.5495716477045722,0.015986665700412406,-0.5264198051273601,0.027027320820349088,-0.5494475667322636,0.021880812619271994,-0.5477582600647755
2020-11-09,140.26,-0.01539997148153427,0.002570939683445017,-0.022173107086838617,-0.01618422928846419,0.6483377627062517,0.005931840866962634,-0.09867496489913197,-0.0028161984885217706,-0.12199654812805161,0.008088549836018588,-0.21228663568294148,0.005337706164741718,-0.22432344981431473
2020-11-10,142.07,-0.0015485324135988687,0.006546068839304642,-0.009995072851411213,-0.012740198493700339,0.417435455097225,-0.008235376926865934,0.33684746046332226,-0.01699866263109784,0.26383764223560924,-0.006144858168508627,0.14581817737049896,-0.006766617395180696,0.11956480583350348
2020-11-11,142.15,0.0010200492437564268,0.00281392894829402,-0.007597608160394009,-0.0005627857896588484,-0.02788378327800134,-0.006781568765387713,0.28931044097024405,-0.014449525149490827,0.18281404711021132,-0.007397115722827974,0.12815989156249064,-0.006603353265330125,0.07018293602667147
2020-11-12,144.28,-0.014347102855558624,0.0013861935126142644,-0.016634322151372394,-0.014762960909342926,-0.11504606423526231,-0.021763238148044373,0.1413932757531664,-0.02582478514000608,0.04979849279810766,-0.022633074577210976,0.00345945349978094,-0.02059652527492839,-0.05316620770684477
2020-11-15,142.43,0.016499333005687067,0.016499333005687067,-0.008179456575159838,0.012988836621498301,-0.20599265538768563,-0.007582672189846762,-0.05122712709274169,-0.008130309625781762,-0.16618830264723516,-0.00997683072386435,-0.2084028961441693,-0.00643356970675657,-0.24690217100224165
2020-11-16,141.88,7.048209754723089e-05,0.01120665351000838,-0.0009162672681138906,0.003876515365097255,0.2794618381130096,0.002523259092191532,0.061425653395425384,-0.0015153650972659083,0.08898430425713055,-0.005955737242740122,0.02614073573165343,-0.0018677755850015076,-0.026925688123376368
2020-11-17,139.7,0.01639226914817482,0.01717967072297788,-0.00028632784538296097,0.01560486757337154,0.04252461141946595,0.020486757337152328,0.05677567067066902,0.014538296349319468,0.137404092422716,0.009341445955619365,0.05860837632949467,0.014249582438559116,0.016107078611508063
2020-11-18,139.53,0.0024367519529850945,0.004192646742636086,-0.007761771662008199,0.0012183759764923252,0.1471052056276656,0.018332974987458783,0.2326231190784087,0.01510069519099777,0.30940149547393103,0.009299075467641416,0.2179311807796771,0.015246422513677027,0.17452304287198173
2020-11-19,139.3,0.0016511127063889575,0.007537688442210921,-0.004809763101220499,0.0016511127063889575,0.06634588429273358,0.0162526920315873,0.29837909151128517,0.014730796841349036,0.38853062088102797,0.010276381909547938,0.30652238506094,0.01641541038525962,0.2570069302874549
2020-11-22,138.76,0.004035745171519167,0.00857595848947823,-0.006466560968578894,0.0038916114153937365,0.03930424105790831,0.0130296915537631,0.28798671146823707,0.015847506486018403,0.44842651423455937,0.013098155087921892,0.3650303827331216,0.019501297203805334,0.2956854979041612
2020-11-23,138.31,0.0037596703058346836,0.011062106861398302,-0.0017352324488468795,0.003253560841587566,-0.3300209686345379,0.011018726050178174,-0.23030133453397783,0.01970934856481743,-0.14390088960219571,0.015476104403152391,-0.08905645133888784,0.021437350878461547,-0.1369866188940012
2020-11-24,138.68,-0.0037496394577445358,0.00511970002884321,-0.004614940871070172,-0.002668012691087407,-0.15206084645438533,0.0031727718488618883,-0.32834111060759563,0.015582636284972029,-0.2825579096366464,0.011306605134121517,-0.22545618802165623,0.017294010191327924,-0.258195998975861
2020-11-26,138.61,-0.000144289733785552,0.0020200562729959515,-0.007791645624413923,0.0005050140682489879,1.016161880792048,0.0022076329269182793,0.46618264667936304,0.013649808816102116,0.5154256912829838,0.012185268018180428,0.56483759100656,0.016518769689536805,0.5315819278927492
2020-11-29,138.87,-0.0062648520198747,0.002376323179952289,-0.015338085979693217,-0.0018722546266292106,-0.6392526951488677,-0.000993735147978958,-0.4905142772983083,0.009202851587815308,-0.46647264671627564,0.010664650392453234,-0.44121634542293,0.013362617315955339,-0.4499842737735523
2020-11-30,139.37,-0.0015067805123054612,0.0012197747004376591,-0.008681925808997737,-0.0035875726483460824,0.617287577318548,-0.005194805194804086,0.00853857739497288,0.0017005094353155226,-0.06537949804567478,0.0076738178948123625,-0.060259895697054144,0.008406878572624787,-0.09044454960692361
2020-12-01,138.36,0.007299797629372495,0.011419485400404605,-0.006324082104654516,0.007299797629372495,0.030898701184073563,0.0029488291413715118,0.10810038888237439,0.006801098583405052,-0.05023056694956696,0.015344030066493097,-0.02797423302418034,0.015156114483955152,-0.05880775742988631
2020-12-02,137.34,0.005460899956312826,0.007354011941167915,-0.013106159895150848,0.00742682394058547,-0.20004754625887777,0.010470365516238367,-0.11809123835147772,0.011715450706275776,-0.23327292174929048,0.021843599825251303,-0.21820772781724318,0.021695548759769423,-0.24998848683521935
2020-12-03,137.47,-0.0018913217429256113,0.0028369826143888055,-0.011638903033389103,-0.0009456608714628612,0.3050040090547048,0.0075652869717042215,0.15871039858715896,0.009041972794063602,0.03965463064276298,0.019677020440823645,0.04164319560790708,0.019296331320773463,-0.00629698210962415
2020-12-06,137.68,-0.007771644392794874,0.0003994770482278476,-0.008134805345729301,-0.0015252760023243273,-0.037423828762395805,0.004372457873330848,0.18698419890997942,0.006006682161533439,0.020284220059970437,0.016338611272516124,0.009643763367988223,0.016778036025567156,-0.03323792147895299
2020-12-07,138.05,-0.00746106483158282,0.005287939152480936,-0.011734878667149617,-0.0026801883375588975,0.05667092361065951,-4.3462513580783124e-05,0.11151995729738973,0.0021369069177830102,0.10774767311175903,0.011604491126403271,0.08362874862517922,0.01291802487021676,0.03492013761799284
2020-12-08,136.41,0.010409794003372275,0.011949270581335547,-0.0011729345355911969,0.012022578989810295,-0.03479673971738906,0.01004325196100142,0.05457547829679599,0.013664687339637549,0.09511831752601219,0.02378857854995986,-0.0013540175481195904,0.024301737409281543,0.00501928408600838
2020-12-09,135.51,0.007453324477898482,0.010405136152313421,-0.00346837871743777,0.006641576267434113,-0.0003428716675982768,0.013873514869752634,0.049241182684082174,0.018994908124861265,0.08936276155739109,0.02916758910781514,-0.009652801135447198,0.02964110889725302,0.0046364867141093224
2020-12-10,136.51,-0.01501721485605434,0.0021243864918323307,-0.01692110468097574,-0.00732547066149003,0.027299000516437744,0.0037652919200070745,0.02020631012856766,0.009208116621492568,0.0942021854742674,0.019225697751080295,0.026755661499658467,0.021573511098088805,0.025126279637547766
2020-12-13,135.85,0.008612440191387627,0.015311004784689164,-0.0005888847994109936,0.004858299595141613,0.02229792241476014,0.007228560912772686,0.04128065123472435,0.012565329407434378,0.15611594091732384,0.022101582627898297,0.05660542773728716,0.02627653048705758,0.053640115440510616
2020-12-14,136.65,-0.0019026710574461259,0.00651298938894973,-0.003000365898280233,-0.005854372484449422,0.1947598381907798,-0.001346505671422027,0.22717688659989888,0.004427369191364328,0.28642886716635485,0.013033296743504952,0.2625086029562711,0.019963410171972784,0.2590582863886941
2020-12-15,137.27,-0.004079551249362545,0.007284912945290323,-0.004079551249362545,-0.00451664602608004,0.002823445832928373,-0.007896845632693439,0.18838933574808103,-0.002090770015298782,0.25744607253104834,0.006352444088292941,0.2409160407791353,0.014907360190379526,0.25453372085510306
2020-12-16,138.25,-0.0017359855334539986,0.006292947558770301,-0.0021699819168173873,-0.00708860759493668,-0.2715068432736768,-0.013685352622060165,-0.17183559033663232,-0.009952983725136089,-0.10502281091225585,-0.0024484629294758697,-0.10244947645954239,0.006760699216395993,-0.08980085306683594
2020-12-17,139.04,-0.005609896432681283,0.007407940161104687,-0.011435558112773303,-0.005681818181818121,-0.6577810064216272,-0.015348101265821423,-0.7108818167849678,-0.014923762945915131,-0.6996758046581573,-0.008637802071346568,-0.6898036916855248,0.0004674913693909488,-0.6861048538457786
2020-12-20,137.52,0.003199534613147259,0.006617219313554301,-0.009453170447934922,0.01105293775450833,2.2012844989713267,-0.000785340314134908,0.37029760576807913,-0.002894124490983696,0.1829967897712761,0.002141506689935513,0.11381529113190147,0.010716017064185346,0.08349186072137171
2020-12-21,136.55,0.005419260344196042,0.011131453679970482,-0.0012449652142073608,0.007103625045770778,0.34042945409984005,0.008758696448188497,0.8485234052796526,0.004071768582936119,0.5825247419104771,0.008608568290003227,0.5106417037400304,0.016501891858904605,0.4657966862011398
2020-12-22,136.34,0.007701334898048806,0.00887487164441847,-0.00154026697960985,0.00154026697960985,-0.16367224341188547,0.010165762065425854,0.5337930399909554,0.004518116473521516,0.2985186867379246,0.009351620947630535,0.26547947724151877,0.01771551513373515,0.18208677587187738
2020-12-23,137.72,-0.011036886436247562,0.002977054893987807,-0.011036886436247562,-0.010020331106593061,1.328676533161513,-0.0013069997095543906,2.6207527672585145,-0.005598315422597255,1.9946296417304406,-0.0014776357827477327,1.925240045619495,0.0065688837254340715,1.7290587724576985
2020-12-27,138.68,-0.003821747908854922,0.005144937986731879,-0.005299971156619621,-0.006922411306605203,-0.30590448766377,-0.008984713008363454,1.254952040788074,-0.010888376117681786,0.9660059304614499,-0.00873593885203372,0.9520679221102846,-0.0014445726372458445,0.867777817331767
2020-12-28,138.42,0.005779511631267331,0.010981072099407685,-0.001589365698598466,0.0018783412801619548,-0.2714117660846532,-0.0076434041323495405,-0.05660105702676499,-0.007462794393874206,0.3762148036389019,-0.006848721283051806,0.41783601541370885,-0.0004045658141880182,0.34796305536028305
2020-12-29,137.77,0.006024533643028018,0.00835740727299128,-0.0015968643391158777,0.004718008274660512,0.5725533394020161,-0.0016549321332643974,0.3828471589228519,-0.0009145677578576983,1.1229105870317708,-0.002326341003121457,1.1301915260602393,0.0028937117417924263,1.1061219474933046
2020-12-30,139.14,-0.005965214891476056,0.0010780508840018133,-0.012577260313353489,-0.009846198073882206,-0.1992414554262525,-0.009731205979587765,0.019437069638330584,-0.009946816156389815,0.6469642007798828,-0.01272459393416725,0.6576456860892206,-0.00809735997316785,0.6465852752580861
2021-01-03,137.82,0.01335074735161812,0.014801915542011379,-0.010666086199390468,0.009577710056595468,-0.5156950515021339,0.0038165723407352914,-0.553057625774594,0.0008924684370914537,-0.2181921598089327,-0.0029857785517344304,-0.21439596301819663,0.0007400957771011019,-0.21161738524695928
2021-01-04,138.7,-0.005118961788031617,0.0015861571737563196,-0.017519826964671803,-0.006344628695025167,0.22335844516310832,-0.002408074981974484,-0.2840165721449329,-0.005767844268205202,-0.0291372955536896,-0.00913842826243716,-0.04109563986431064,-0.006061043018504519,-0.02433005099290586
2021-01-05,140.16,-0.009917237442922278,0.006278538812785284,-0.011130136986301387,-0.01041666666666674,-0.3504022993428906,-0.012771118721460306,-0.4756006556568655,-0.016367009132420618,-0.5091933584387888,-0.019021118721461394,-0.37614653357373584,-0.016611967275493966,-0.36130654578008725
2021-01-06,138.85,0.006481814908174233,0.009218581202736775,-0.005833633417356876,0.009434641699676005,0.4339379993775452,-0.0009506661865312793,-0.1002465386125665,-0.005185451926539852,-0.24456555597227614,-0.00887288440763434,-0.08070351024787514,-0.007127595726802882,-0.058883042785386475
2021-01-07,138.79,-0.002305641616831111,0.0019093594639383316,-0.01289718279414942,0.0004323078031558403,-0.011608980493735044,0.0010375387275751713,-0.0003725948405235435,-0.0030982059226171144,-0.22214666834176422,-0.008156207219540579,-0.08588870612964306,-0.00667675384873978,-0.05828628719723983
2021-01-10,137.85,0.006528835690968515,0.011534276387377584,-0.0018135654697134518,0.006819006166122632,0.030034893315082467,0.0073558215451585696,0.12328606129642194,0.005476967718534453,-0.1790997606266932,-0.0005295611171566295,-0.053815285637193844,0.00021279168178045538,-0.028605382025389092
2021-01-11,137.05,0.005837285662166902,0.008755928493250575,-0.005910251732944238,0.005837285662166902,0.13780037211575502,0.013279824881431201,0.24163449448090168,0.01144107989784704,0.007090490942244676,0.00615833637358576,0.08009691094431726,0.005849446673964032,0.09898242992928363
2021-01-12,137.26,-0.0011656709893632655,0.005901209383651462,-0.0011656709893632655,-0.001529943173539161,0.047358759004608064,0.009325367914907012,0.2838883870017772,0.008706105201806258,0.09809115511843047,0.004815678274806778,0.12921247837687266,0.003931711107873825,0.16298109821323337
2021-01-13,135.8,0.012002945508100105,0.0136229749631811,-0.0038291605301915554,0.010751104565537295,-0.01713143306391096,0.01590574374079634,0.11648931876594193,0.01869661266568401,0.0946971239628791,0.016137702503681295,0.1067048014406693,0.014329896907217199,0.1132652567886685
2021-01-14,134.78,0.003487164267695464,0.010535687787505577,-0.0008903398130286622,0.007567888410743517,-0.2739595960740221,0.019068110995697607,-0.21732795699359764,0.024944353761685134,-0.1708618469259764,0.023512390562397734,-0.1919713186616424,0.021123312064105226,-0.1956054013542109
2021-01-18,133.6,0.01571856287425155,0.020658682634730585,-0.0002994011976047428,0.008832335329341356,-0.07720036101333339,0.02206586826347423,-0.2548522873689174,0.03073353293413117,-0.18668299852699655,0.03162050898203583,-0.2374607281729817,0.029249001996008772,-0.25208258775574843
2021-01-19,131.93,0.004547866292730962,0.014174183279011654,-0.00507845069354973,0.012658227848101111,-0.26447279814505154,0.028560600318351614,-0.42025751195531813,0.04058212688546892,-0.3951932445930484,0.04291669824907118,-0.43188696821479255,0.04133252482377103,-0.4484819538397472
2021-01-20,131.01,-0.002747881841080768,0.0074803450118312576,-0.0038546675826272025,0.007022364704984518,0.4072455088894762,0.02796733073811275,-0.04548771275264951,0.042721929623692256,-0.08519199382938092,0.04752690634302703,-0.25160112260925493,0.04723557998117278,-0.20189446660382104
2021-01-21,130.0,0.007846153846153836,0.011307692307692241,-7.692307692297451e-05,0.0077692307692307505,0.2319861864760442,0.026338461538462754,0.2543977966264923,0.04378461538461487,0.10414272415010761,0.05316153846153826,-0.06311792368392555,0.053661538461539315,-0.007578567092639821
2021-01-24,132.24,-0.0173169993950395,0.005747126436781436,-0.017695099818511806,-0.016938898971566863,-0.25586842389744247,0.00018148820326802095,-0.04488843749329419,0.019411675741076273,-0.17977000620680195,0.03284558378705338,-0.291574165209438,0.033784533172011244,-0.2591680260494036
2021-01-25,133.09,-0.006311518521301407,0.0028552107596362397,-0.012472762792095526,-0.0063866556465549396,0.6132364143458173,-0.010023292508827386,0.5809412615743104,0.007979562701930565,0.360811608070849,0.024708843639641875,0.17347489351348733,0.02613770130488202,0.21136453780730435
2021-01-26,128.38,0.03123539492132732,0.03676585137871946,-0.0052967751986290335,0.03668795762579857,-0.4431475398984174,0.025502414706341847,-0.1787658964893466,0.041252531546969395,-0.2534375189246627,0.06050007789375278,-0.33067223857232253,0.0631562548683604,-0.32780230949536593
2021-01-27,130.36,-0.019331083154341844,0.009895673519484394,-0.02239567351948457,-0.015188708192697242,0.3048128760995641,0.0044799018103725,0.030077595497062015,0.018786437557532176,0.027892496997966143,0.040441853329241884,-0.08390879678631413,0.0449294262043578,-0.10597948401681778
2021-01-28,128.21,0.01544341315030029,0.016223383511426492,-0.0010919585055768621,0.016769362764214923,-0.008341811429646517,0.020310428203729414,0.006691732888373991,0.03048904141642539,0.045850454734613244,0.05474611964745324,-0.07258758990243142,0.06102488105452064,-0.10615120547018886
2021-01-31,128.97,0.0002326122354034954,0.0053477552919283244,-0.005970380708692047,-0.00589284329689066,0.2701791537272882,0.011522059393658912,0.31298278701509097,0.018531441420484907,0.36156991149913464,0.04482437776227011,0.216756679409277,0.05259104184435759,0.1502914809822271
2021-02-01,128.79,0.0062893081761006275,0.014985635530708974,-0.0007764577995185151,0.0013976240391335715,-0.04075899117318105,0.007857752931129669,0.16806435862568025,0.015443745632424566,0.27798322654966756,0.04233636151875131,0.1854978851128748,0.05191396847581409,0.1091761511414866
2021-02-02,128.95,0.0,0.0018999612252812437,-0.00930593253198908,-0.0012407910042652182,-0.06906766321475366,-6.203955021177876e-05,0.1101229853257557,0.010453664210934077,0.1577016262322788,0.03754168282279946,0.09321569587258427,0.048163370815562434,0.030111584969376715
2021-02-03,129.03,0.0027125474695806062,0.0032938076416337836,-0.003487561032317954,-0.0006200108501899226,0.10727402225679983,0.000201503526313207,0.1256480730328029,0.007517631558551896,0.20428154512018692,0.03312020460358012,0.214307714813879,0.04490686920354503,0.06917392822716462
2021-02-04,129.57,-0.003473026163463677,0.00406035347688527,-0.0041676313961565015,-0.0041676313961565015,0.3010837798695065,-0.006019912016669182,0.4006910151686116,0.0017905379331630833,0.5228489312258993,0.024519564714054143,0.5417297642738892,0.03836793496437019,0.3904176999754998
2021-02-07,129.17,0.005883719129829101,0.007199814198343368,-0.00820623983897173,0.0030966942788572815,-0.2726004554032355,-0.0008361074552899472,-0.07338274093899433,0.004559882325616993,0.07764791584913455,0.0241000232252071,0.10545228041450017,0.039782199169054566,0.011738874734648741
2021-02-08,128.67,0.006139737312504945,0.00987021061630533,-0.0034196005284836684,0.0038859096914587443,0.18755208608399343,0.0033574259734217016,0.11565636686672365,0.006077562757441202,0.23444215035934213,0.024341338307297677,0.3092357242195267,0.0419652340612946,0.2071449236225773
2021-02-09,128.22,0.004133520511620636,0.007331149586647934,-0.002027764779285679,0.003509592887225077,-0.3126412381330288,0.006691623771643673,-0.25493608011298596,0.006161285290905649,-0.15266811932564595,0.0243565746373422,-0.10770763518107485,0.04326938075183362,-0.15736238133789826
2021-02-10,128.33,0.0016364061404190444,0.007792410192472454,-0.000974051274059029,-0.0008571651211720654,0.3928653087651335,0.0046910309358696445,0.07805519099842995,0.005174160367801273,0.14464198546909057,0.02003818280994296,0.2610830224571783,0.039658172939557534,0.20001013905182208
2021-02-11,127.62,0.0029775897194797007,0.003996238834038435,-0.008149192916470871,0.005563391317975341,-0.2616374724605667,0.009183513555870215,-0.21523168109647273,0.009175677793448855,-0.1799542158020876,0.022214386459802338,-0.06818352210304424,0.04280677009873135,-0.10971444927120733
2021-02-15,127.92,0.00039086929330833797,0.001954346466541468,-0.007270168855534775,-0.002345215759849917,0.0005165980923222957,0.0037679799874934528,-0.13691479819785024,0.006347717323326396,-0.17931406391908844,0.016619762351469447,-0.05456509206440485,0.03771628100896485,-0.08886352100166628
2021-02-16,128.46,-0.009886345944262853,0.008018060096528057,-0.010509107893507785,-0.004203643157403181,-0.09550166187221876,-0.0023976335045916564,-0.1903828999489603,0.0013000155690481296,-0.23833400125538184,0.009676163786392245,-0.1455866731914789,0.03044267995225569,-0.1603671028488044
2021-02-17,129.53,-0.013278777117270102,0.0024318690650815267,-0.014977225353200008,-0.008260634602022643,0.3316885321097023,-0.010962711341000686,0.17411223603642711,-0.0072261252219567584,0.048774364643885626,-0.0006484984173552588,0.13807808683905298,0.019521861087522296,0.12226783830692822
2021-02-18,127.12,0.017542479546884815,0.018250471994965434,-0.000786658275645169,0.01895846444304583,-0.19110281605144397,0.00984896161107729,-0.08899484316923922,0.012051604782881808,-0.15651799076899942,0.017353681560729806,-0.11190115031007486,0.03644587791063647,-0.09185202657303138
2021-02-21,126.58,0.001659029862537631,0.005245694422499669,-0.0015800284405119713,0.004266076789382289,0.2261855795968113,0.012245220413968694,0.18578257339903703,0.01486016748301422,0.06191599850967133,0.02015721282983063,0.08673301576141834,0.03743350713646265,0.10419295499286996
2021-02-22,127.52,0.0020388958594730333,0.018898996235884757,-0.00258782936010038,-0.007371392722710146,-0.31225304110328356,0.003152446675032783,-0.21134781589433516,0.005034504391467465,-0.2510954766342296,0.011296267252195458,-0.2536917800478299,0.026578837306567182,-0.24176488723233824
2021-02-23,127.66,-0.002428325238915896,0.0045433181889393826,-0.005874980416731956,-0.0010966630111233222,0.39954798602949415,0.0014256619144616955,0.15367750996817509,0.002639824533917645,0.09149629132154513,0.008338555538148107,0.04774814944286421,0.02251031385451041,0.07371965057256147
2021-02-24,126.58,0.007189129404329142,0.01903934270816876,-0.002291041238742242,0.008532153578764357,-0.0687536124690955,0.008705956707222073,0.023817346015261975,0.010396587138567837,0.03383622047838375,0.014796966345393736,-0.01624232772885681,0.028551113920051385,9.294043086938153e-05
2021-02-25,123.53,0.024366550635473105,0.027523678458674095,-0.013842791224803808,0.024690358617339925,-0.5551382877891513,0.028835100785235657,-0.5346721851884721,0.03401602849510166,-0.5446192062152087,0.03912409940905004,-0.5708909511470477,0.05112118513721464,-0.5523285693890287
2021-02-28,124.29,-0.0010459409445652268,0.009654839488293376,-0.002333252876337677,-0.006114731675919249,1.2625038234894936,0.016767237911337718,0.2840575680783697,0.02383136213693704,0.1769261904472521,0.030022527958805556,0.030631582225787435,0.04101161262638531,0.06222235389205899
2021-03-01,123.9,-0.0002421307506053072,0.0077481840193704965,-0.003793381759483405,0.0031476997578692156,-0.2389826038857389,0.016271186440679264,-0.007922013518353088,0.0243664245359152,-0.11030503442215178,0.03168280871670648,-0.2185658064653504,0.04119182136131361,-0.18643524839642234
2021-03-02,123.16,0.004952906787918154,0.008444300097434354,-0.0030448197466710347,0.006008444300097615,0.3505113671333526,0.016498863267295993,0.3402716109687953,0.027257226372197962,0.22581765456983915,0.03582331925949944,0.07932651701332283,0.04450308541734427,0.10622310923934197
2021-03-03,122.15,0.007777322963569366,0.021449038067949067,-0.00499386000818669,0.00826852230863695,-0.26139604644377157,0.01753581661891257,-0.004652084975971249,0.031412198117068524,-0.11120489817791668,0.04208350388866111,-0.19939624769293873,0.050290626279165584,-0.18835182185918353
2021-03-04,125.98,-0.02555961263692652,0.002778218764883267,-0.02725591363708524,-0.030401651055723122,-0.017305972695020877,-0.020431814573740548,0.02449681023836603,-0.005802508334656786,-0.09506948833480722,0.007703603746626042,-0.19950190078588992,0.01577234481663825,-0.2097666357015303
2021-03-07,127.31,-0.012175005891131851,0.012449925378996252,-0.01563113659571136,-0.010446940538842209,0.13275138742160242,-0.026816432330530326,0.004686727557201786,-0.017084282460137046,0.044858519102956684,-0.004021679365329045,-0.07279640540793542,0.0038436362684268754,-0.09940192478280441
2021-03-08,126.18,0.011610397844349363,0.021675384371532713,-0.0009510223490252212,0.00895546045332063,0.035431218699179645,-0.013314312886351432,0.07238210188203431,-0.007703281027104603,0.10648644439297228,0.004002219052147149,-0.01698109967976802,0.012122893221324649,-0.06012354372594875
2021-03-09,127.34,-0.009345060468038291,0.008481231349143803,-0.014685095021203076,-0.009109470708339895,-0.021232939239699933,-0.01872153290403511,0.020308243483555533,-0.0177948798492229,0.06853169962610162,-0.006317732055913905,-0.027678590595746178,0.0013166849903154532,-0.08315889578032942
2021-03-10,126.91,0.0017335119375936348,0.0074068237333542175,-0.0014971239461035735,0.0033882278780239528,0.2977986963419481,-0.00880939248286039,0.3674413617703858,-0.014719092270113032,0.41234853329674914,-0.0034749034749039787,0.28440531594184537,0.003199117484832481,0.20441191748423782
2021-03-11,128.14,-0.0038239425628218138,0.005306695801467143,-0.0038239425628218138,-0.009598876229124365,0.07224441818245175,-0.010894334321833954,0.36671278859966017,-0.023919150928671917,0.5016646743862441,-0.013551584204776423,0.36472598487375607,-0.006812860933353426,0.2718575692750578
2021-03-14,128.56,-0.0013223397635346856,0.0037336652146857663,-0.01065650280024899,-0.0032669570628501843,-0.09200125868858844,-0.010765401369009164,0.1324706722682054,-0.02352209085252044,0.2094969615712292,-0.016848164281270006,0.24149060483767681,-0.010633167392656628,0.1466238226679295
2021-03-15,128.94,-0.0033348844423763957,0.008065767023421655,-0.0033348844423763957,-0.0029471071816348227,0.10463514325361944,-0.011741895455249063,0.18899205685049347,-0.023088258104544956,0.32699013802527466,-0.019381107491857064,0.36217739751006706,-0.01345845612946528,0.26054944783332656
2021-03-16,128.42,0.005372994860613822,0.011057467684161493,-0.0005232829777291892,0.0040492135181435795,0.0500919913643485,-0.003441831490420544,0.17166192434683603,-0.0152079115402588,0.33354231745776497,-0.015013237813425118,0.4152742531283262,-0.009471525722887675,0.32325191247435114
2021-03-17,128.7,-0.0038073038073036525,0.002602952602952735,-0.012898212898212802,-0.002175602175602198,-0.0951369908711096,-0.003931623931622608,-0.02407776466420042,-0.013263403263403473,0.18665476379456325,-0.017171717171717615,0.258203275978687,-0.011722351722351032,0.194089045408254
2021-03-18,128.01,0.008514959768768149,0.013514569174283508,-0.0008593078665728449,0.005390203890321077,-0.6862464716609755,0.004234044215297272,-0.6951751482221574,-0.00282790406999478,-0.6432490914077278,-0.012198265760487992,-0.6054898602505481,-0.006460432778688463,-0.6261604662143769
2021-03-21,130.18,-0.016669227223844008,0.005415578429866175,-0.016669227223844008,-0.016669227223844008,1.6864356945150418,-0.012705484713472326,0.19551891531707888,-0.01789061299738859,0.09870564164169404,-0.028322322937471722,0.1411986225248265,-0.02328314641265894,0.06650425477780275
2021-03-22,132.6,-0.01651583710407234,0.005203619909502244,-0.019683257918551966,-0.01825037707390642,-0.1444018254612649,-0.028280542986423796,0.04261456573744837,-0.03365007541478138,-0.07131801538638616,-0.04469834087481195,-0.017759169562372557,-0.040955253896429844,-0.07695951749642338
2021-03-23,132.56,-0.012224652987326445,0.004375377187688434,-0.014634882317441145,0.0003017501508750797,0.13522500812549132,-0.02246529873264813,0.2550659568579676,-0.028515389257695034,0.06151528375180737,-0.04249396499698299,0.11084004689417881,-0.03980335948501268,0.05764102833344964
2021-03-24,133.48,-0.0029217860353609737,0.0010488462691040645,-0.010713215462990533,-0.006892418339826123,0.10868921448926772,-0.022999700329636052,0.44895301996780246,-0.03130056937368919,0.16738285988735435,-0.047258016182199936,0.23869950542182705,-0.04545000499450558,0.183356366663469
2021-03-25,135.45,-0.016463639719453638,0.0011812476928758642,-0.021926910299003288,-0.014544112218530802,-0.29972088767207117,-0.030151347360648506,0.027603266945867455,-0.04053894425987481,-0.17743226163424253,-0.05856773717238872,-0.1338798350094178,-0.058038636643287345,-0.17466515096580992
2021-03-28,137.57,-0.018681398560732698,0.00021807080031988058,-0.018681398560732698,-0.015410336555935156,-0.03509973908870301,-0.034280729810276966,-0.20643568853120853,-0.05001090354001636,-0.16826550162855713,-0.06874318528749057,-0.1948330153588972,-0.07082939594388271,-0.1899584984128322
2021-03-29,135.45,0.008564045773348239,0.011443337024732436,-0.0022886674049464872,0.015651531930601648,0.3900762688759829,-0.008253968253966959,0.17883577919390548,-0.02849021779254368,0.20569748705969104,-0.0492654115909934,0.14033429662384944,-0.05383782453549846,0.13754961514145259
2021-03-30,135.43,0.0018459720889019149,0.00974673262940251,-0.0012552610204534798,0.00014767776711210878,-0.12468266557589858,-0.0038986930517601603,-3.785640469100571e-05,-0.023539836077679066,0.07199174369840566,-0.04486081370449746,-0.01376411875966188,-0.05184474144084228,-0.005556185661056978
2021-03-31,134.28,0.005734286565385771,0.008936550491510209,-0.0070747691391122025,0.00856419422103083,0.005372275996404552,0.008906761989873058,0.023124703601913765,-0.009956806672624885,0.1103998240274584,-0.03211200476616094,0.0003492588915110506,-0.041994340184688395,-0.0005476415378625754
2021-04-04,136.45,-0.010919750824477714,0.0058629534628069635,-0.012605349945034816,-0.015903261267863567,0.10337858081251206,-0.005965555148404911,0.1671635640486977,-0.021612312202272443,0.25274724319856445,-0.04305972883840292,0.0970066173233104,-0.0560693782826428,0.11151006136356312
2021-04-05,136.5,-0.00366300366300365,0.003809523809523929,-0.006300366300366456,-0.000366300366300476,0.3259773070595786,-0.004864468864467675,0.46744234314103505,-0.015787545787546264,0.4438609439087673,-0.039575091575092314,0.43734586602519054,-0.05413675213675173,0.4720662295423852
2021-04-06,136.74,0.0027789966359514917,0.004314757934766655,-0.0035834430305690113,-0.001755155770074679,-0.3872820714765036,-0.008176100628929706,-0.19765022717977843,-0.012893081761006897,-0.13384221964744603,-0.03790039491004893,-0.13387445700101797,-0.05337867485739323,-0.1005857105339345
2021-04-07,137.26,-0.002622759726067181,0.002715284860848044,-0.004881247267958577,-0.0037884307154304464,0.6740959661699661,-0.010053912283256805,0.4138958936400312,-0.013616494244499955,0.4613138441513027,-0.03769852834037657,0.46060558448118427,-0.05472582446937635,0.5055935852021662
2021-04-08,136.37,0.0010266187577911978,0.006599692014372716,-0.005939722812935422,0.006526362103101757,0.02563506496439283,-0.0009092908997568871,0.34577485696675203,-0.0037324924836845685,0.4602830842843424,-0.027781036884946042,0.4727543165687429,-0.04621006575248654,0.537400720247291
2021-04-11,136.92,-0.0030674846625765584,0.0008764241893075564,-0.008837277242185082,-0.004016944200993189,-0.09227006640695534,-0.00186970493718841,0.12371092159131902,-0.005623721881390931,0.3008279541659671,-0.028231814198072525,0.3286896797459842,-0.04765799980523855,0.38586039898836577
2021-04-12,135.11,0.006735252757012811,0.009473021982088659,-0.002035378580416025,0.013396491747464934,-0.2944149145476396,0.01219746872918459,-0.24470165587212456,0.008785434090740507,-0.1279594380457093,-0.011964325364518413,-0.0624620117197886,-0.03159647694471135,-0.061989042387632254
2021-04-13,135.6,-0.0005899705014748013,0.0014011799410029724,-0.007522123893805133,-0.0036135693215337827,0.22001425938456287,0.006489675516225368,0.001065133209769309,0.0033259587020648684,0.038774964465068784,-0.013119469026549035,0.15745434304653894,-0.032436086529006314,0.15089301936737565
2021-04-14,137.24,-0.009253861847857814,0.0037889828038470963,-0.009982512387059161,-0.011949868842903055,-0.04780574913839031,-0.007199067327308795,-0.11185786973113421,-0.008554357330224693,-0.016447121329078107,-0.022486155639755645,0.10891019219802156,-0.04115661128922532,0.08487103199116275
2021-04-15,137.25,0.0026229508196722318,0.004735883424408005,-0.0026958105646630592,-7.285974499082748e-05,-0.031426241753097495,-0.007300546448086309,-0.0938805093927394,-0.007307832422586813,-0.06201854926314865,-0.01934426229508235,0.08483801883358333,-0.03780692167577371,0.05240890005321841
2021-04-18,136.61,0.0024156357514089066,0.003440450918673621,-0.008930532171876338,0.004684869336066155,-0.09995653136677618,-0.0013615401507932612,-0.13416908135139627,-0.0004831271502822032,-0.16560756569622626,-0.011620671985945852,-0.01604789024191644,-0.029614718297830467,-0.06013957208024201
2021-04-19,137.75,-0.021125226860254087,0.006098003629763982,-0.03063520871143377,-0.008275862068965467,-0.09236779450067045,-0.010076225045370868,-0.16232827058631694,-0.00863883847549951,-0.23403978550417037,-0.016678765880218327,-0.1698919993790663,-0.035073200241983904,-0.15119948119974713
2021-04-20,136.85,0.007599561563755852,0.012568505663134832,-0.001826817683595161,0.006576543660942624,0.18289509089140954,0.00029229082937631823,0.01000010753848235,-0.0012056996711731216,-0.048922562695224214,-0.00744610887833419,-0.0066290883269060075,-0.026184386798197012,0.007443039005132546
2021-04-21,134.63,0.00549654608928174,0.008616207383198349,-0.004233826041743938,0.01648963826784522,0.1525956591675226,0.018643690113645972,0.1892009500577292,0.015345762460075463,0.07365149151893147,0.010499145807026267,0.13832094315926868,-0.0074847111837377245,0.15948872222939703
2021-04-22,133.94,0.007391369269822423,0.008511273704643996,-0.005151560400179167,0.005151560400179278,0.09327892916082492,0.019994027176348794,0.2829045918127966,0.0186128117067339,0.1931269683579404,0.016477527251007595,0.2372769291474197,-0.000557463540888592,0.2592894158016117
2021-04-25,131.26,0.016989181776626783,0.01904616791101632,-0.0006856620447965867,0.020417492000609494,-0.31980465983017703,0.035776321804054545,-0.15698512172981494,0.03755904312052394,-0.1801095297264601,0.03740667377723583,-0.16237013836215441,0.021633907257860407,-0.1442432157501643
2021-04-26,131.18,0.00045738679676787797,0.005412410428418779,-0.006746455252325201,0.0006098490623569486,0.19638050846000565,0.02825125781369242,0.027652939080488936,0.03387711541393479,0.021870123987594914,0.03644229303247415,-0.00292600763265094,0.023049753519337912,0.03749266368688531
2021-04-27,131.4,0.002359208523592171,0.0034223744292238845,-0.0039573820395738535,-0.0016742770167427201,0.31486689738213247,0.016529680365298116,0.29521616985198373,0.029155251141552263,0.3285093719777843,0.03227549467275437,0.28836602685922164,0.022001522070015822,0.37005734314048166
2021-04-28,132.51,-0.009055920307901255,0.0035846351218777883,-0.009055920307901255,-0.008376726284808567,-0.07968255598990548,-0.0002113048071832324,0.12789718094750513,0.01736472719040072,0.20409403135928295,0.022100218851407227,0.17319732047387304,0.014059316278017375,0.2599586012467263
2021-04-29,133.42,-0.005021735871683308,0.001873782041672989,-0.008656873032528822,-0.006820566631689395,-0.2525086940890491,-0.010208364563032757,-0.16835787041366967,0.006880527657022961,-0.11201486425380125,0.014034627492129914,-0.13564838748566,0.008164692949583552,-0.05577397913990656
2021-05-02,135.0,-0.007185185185185183,0.005037037037037173,-0.007185185185185183,-0.011703703703703772,0.13374618130622395,-0.022562962962961897,0.0027133808197270515,-0.007740740740740826,0.018506062182069405,0.0018481481481478212,-0.019716656357019358,-0.002469135802468325,0.08011479195447846
2021-05-03,134.54,0.003270402854169685,0.009588226549725132,-0.0024899658094245103,0.0034190575293593373,-0.1559242573489662,-0.013661364649916963,-0.19193887445263613,-0.0055448193845695215,-0.15119550956072014,0.004734651404786572,-0.17347723706236162,0.0026733065754924734,-0.1360019890176365
2021-05-04,133.46,0.006818522403716498,0.0113239922074031,-0.0006743593586093777,0.008092312303311644,0.1534149920474206,-0.0006443878315588458,-0.036968963335265004,9.740746291031499e-05,-0.026740661860589876,0.012130975573205305,-0.026509021900817387,0.011876217593287164,0.002435180214069632
2021-05-05,135.14,-0.008361698978836762,0.0016715998224066109,-0.009027675003699831,-0.012431552464111095,-0.1452402768804052,-0.010019239307383576,-0.1356956845332209,-0.014843865620837393,-0.1701323029331897,-0.0016649400621578936,-0.1774796566974407,-0.0004908489961020779,-0.14719512958172298
2021-05-06,135.15,-0.0005179430262670648,0.006511283758786401,-0.002848686644469245,-7.399186089540599e-05,0.543279467208545,-0.006200517943025008,0.4248444655859709,-0.014539400665926738,0.31787178573402963,-0.0025231224565303023,0.29831246058738103,7.15254655327957e-05,0.3233383088104467
2021-05-09,137.67,-0.012929469020120599,0.005415849495169711,-0.014382218348223952,-0.01830464153410316,-0.28713302703779864,-0.02187840488123627,-0.049293735339728695,-0.03169899033921697,-0.06564870343920082,-0.021224667683591436,-0.07235499481776453,-0.01783007675358872,-0.061306624689260736
2021-05-10,136.99,0.01094970435798226,0.013139645229578667,-0.0037958975107672543,0.004963865975618598,-0.2030447620298177,-0.013125045623766929,-0.22886306289680913,-0.02221330024089352,-0.2651859968273008,-0.0160924155047818,-0.25029220594863355,-0.012414531474316148,-0.257696539959803
2021-05-11,135.54,0.007009001032905582,0.010771727903202022,-0.0003688947912053875,0.010697948944961011,0.25421389746304324,0.0010476612070251523,0.0011840029519396555,-0.007466430574000316,-0.04680966720238833,-0.00487310019182563,-0.04931140506127263,-0.0019920318725091812,-0.06924611995022678
2021-05-12,137.72,-0.013287830380482202,0.005881498693000253,-0.016918385129247815,-0.015829218704618064,0.010237006761456113,-0.011777519604994513,0.023566991611216892,-0.02017136218414184,-0.008131025682561743,-0.0206469648562303,-0.03238782139737206,-0.01776793494045814,-0.0566109074454183
2021-05-13,138.01,-0.002463589594956961,0.007897978407361839,-0.002463589594956961,-0.0021012970074631987,0.44911260358985516,-0.010115209042821705,0.4511173825047665,-0.01845518440692706,0.468709412781219,-0.022530976016231108,0.40870665483775537,-0.019278796222495065,0.364775436394732
2021-05-16,137.73,0.0017425397516881436,0.009729180280258598,-0.0008712698758438497,0.0020329630436362045,-0.22278816865558226,-0.003949756770491586,0.1211209942830549,-0.013127132796050378,0.10117377543498729,-0.020267915486822607,0.08082153771824085,-0.016382293859966812,0.04750577573446213
2021-05-17,136.32,0.0010269953051644798,0.011076877934272478,-0.0012470657276993924,0.010343309859154992,-0.16138108036022203,0.006440727699531967,-0.08283313824988914,-0.0009169600938967459,-0.07999001294515984,-0.009723444835681216,-0.10096379963373003,-0.00589544209702586,-0.12332157453008674
2021-05-18,136.6,-0.0039531478770131745,0.0016837481698390722,-0.0074304538799413455,-0.0020497803806734938,-0.060196678125420955,0.003396778916545884,-0.17502357443284156,-0.0016617862371889336,-0.13861101936346543,-0.012276720351391268,-0.15913192701654955,-0.007977061981453426,-0.16584206543630575
2021-05-19,138.0,-0.008768115942029087,0.005144927536231858,-0.00927536231884063,-0.010144927536231974,0.12422681326018759,-0.005246376811592901,-0.04932180341172532,-0.009514492753623482,-0.013940291327811494,-0.022387681159420803,-0.04697011986203403,-0.01807487922705242,-0.06341029844688428
2021-05-20,138.0,0.0014492753623187582,0.006811594202898563,-0.0015942028985507228,0.0,-0.1531991516870077,-0.004840579710143733,-0.19461316500067682,-0.007442028985507609,-0.17420094948357867,-0.021166666666667222,-0.186271726145947,-0.017896135265699553,-0.1982272380034088
2021-05-23,137.96,0.0002899391127861861,0.006088721368512573,-0.0016671498985214583,0.0002899391127861861,0.4794350340289979,-0.0045665410263832085,0.31485959612682457,-0.0050884314294001864,0.2796659556269623,-0.01941142360104442,0.22960382280579505,-0.017217550980959895,0.20727235088052653
2021-05-24,138.43,-0.002745069710322845,0.00036119338293705283,-0.01213609766669077,-0.0033952177996099397,-0.13701227119837178,-0.007613956512315445,0.11571765413042123,-0.008256880733945371,0.08168968423468104,-0.02032073972404902,0.04309631842217643,-0.020303884032843666,0.04380523623040267
2021-05-25,138.12,0.004850854329568444,0.005357660005792075,-0.0018100202722270975,0.002244425137561512,0.0017322694783423742,-0.0023313061106272626,0.08914500752719556,-0.004988415870258112,0.04679822340930517,-0.015497393570808593,0.043758605611760926,-0.01730379380248992,0.040924422970685326
2021-05-26,134.98,0.023262705586012844,0.02444806638020447,-0.0023462735220032283,0.023262705586012844,-0.7523511655604718,0.023129352496667588,-0.7410497927298758,0.020069639946658446,-0.7430357262349434,0.009894058379018356,-0.7387811148898948,0.006178693139725189,-0.7416911282000178
2021-05-27,134.85,0.0022246941045607205,0.0094920281794586,-0.0015572858731924821,0.0009640341119763196,2.10043287402212,0.019636633296256534,0.25663288508581394,0.019021134593992794,0.023760756667111638,0.01178346310715539,-0.0675935308921004,0.006590038314177038,-0.1209518968435852
2021-05-31,132.88,0.021899458157736307,0.023479831426851394,-0.003010234798314304,0.014825406381697714,0.05120777504171836,0.03001204093919485,0.32476693183158734,0.03175045153521938,0.12110893662430589,0.02732164358819933,-0.013001452407258918,0.020911097732290607,-0.06821381233975121
2021-06-01,133.46,-0.003446725610669943,0.0012737898995953678,-0.007043308856586217,-0.004345871422149039,0.22172969908525597,0.017922973175484636,0.6923592421349649,0.023632549078375087,0.3972388632982924,0.022062790349167694,0.2176694921752198,0.015542734402318459,0.14203574952013653
2021-06-02,135.85,-0.01928597718071401,0.00044166359955832846,-0.019506808980493284,-0.017592933382406972,-0.26562454084025244,-0.00730217151269652,0.24461731482059879,0.0035185866764810836,0.016671675815401743,0.0036842105263152902,-0.11191467525143262,-0.003376272849956341,-0.1668391772913117
2021-06-03,135.95,-0.0018389113644722288,0.004928282456785782,-0.0040456050018388146,-0.0007355645457888249,0.622499468606075,-0.011371827877894924,1.1088977683739176,0.0022287605737401073,0.6687411038804103,0.003824935638101712,0.461752071080165,-0.004354542111069559,0.3647353762937544
2021-06-06,136.42,-0.000439818208473608,0.003078727459316921,-0.005461076088549843,-0.0034452426330450203,-0.1770293191692428,-0.01335581293065391,0.1192413524275373,-0.0027268728925380348,0.3508988794933108,0.0006633924644474654,0.18607901605748656,-0.00746224893710512,0.12118717224374609
2021-06-07,134.84,0.013645802432512566,0.014164936220705915,-0.0006674577276772897,0.011717591219222667,0.21570832513296034,0.0005339661821430752,0.29760918540803005,0.007787006822900899,0.6135241599414085,0.012859685553247457,0.45698413274235405,0.00478097498269614,0.3708874569855325
2021-06-08,134.79,0.005638400474812899,0.012229393871949101,-0.00037094739965859436,0.0003709473996587054,0.10840332901847849,0.0038133392684931433,0.3370911566792576,0.005846131018621303,0.7866358173272903,0.012185622078788594,0.5992468185134663,0.0060390236664449315,0.5032015780221752
2021-06-09,135.79,-0.005670520656896549,0.004124015023197591,-0.008616245673466305,-0.007364312541424223,-0.042711670123365186,-0.0016201487591120944,0.21845892166160352,-0.004241844023860741,0.6811059525833705,0.003921496428307858,0.4934013958939696,-0.0004835898568861241,0.42830561761246244
2021-06-10,134.86,0.006599436452617402,0.007489248109150193,-0.0071184932522616595,0.006896040338128184,-0.3846738155278995,0.0051757378021664024,-0.33915503291250615,0.0008972267536699885,0.019210001008015842,0.010937268278213619,-0.09220418724698787,0.00749419150724262,-0.12055167833686542
2021-06-13,134.91,0.0005188644281373112,0.0008894818768068191,-0.007041731524720096,-0.00037061744866939694,0.6759110232631045,0.0031873100585588787,0.22375171727902665,0.00043732858942968633,0.35629937250456356,0.009502631383885074,0.5356723177668268,0.007701430583352709,0.4934363776282842
2021-06-14,134.65,0.004084663943557221,0.0073523950984031305,-0.000742666171555828,0.0019309320460452195,0.13940348672978597,0.002881544745638065,0.31909421520802206,0.002413665057556358,0.4684351204301398,0.010300779799479187,0.7520678553342608,0.01001609110038415,0.6842677231176342
2021-06-15,132.78,0.01807501129688216,0.021087513179695927,-0.0009790631119144244,0.014083446302153968,-0.38033086103556246,0.016719385449617263,-0.21317695467892994,0.017864136165085087,-0.1406081832655317,0.023369483355926368,0.07311135910468103,0.02415273384545924,0.034097848175193235
2021-06-16,133.99,-0.008731994924994546,0.0012314351817299674,-0.01000074632435255,-0.009030524666019946,0.1368459938635378,0.004537652063588027,-0.03661187503292762,0.008164788417045932,-0.014020649722404133,0.012806925889990994,0.21773435089224558,0.014466253700525566,0.17276724510642638
2021-06-17,132.03,0.009921987427099932,0.009997727789138766,-0.0006816632583503957,0.01484511095963037,-0.5049969292128136,0.016723471938197232,-0.5060663492453985,0.02172233583276517,-0.5330104748273377,0.026853745360902126,-0.4035804739040214,0.029659925774445872,-0.4204595892043653
2021-06-20,133.07,-0.002855639888780348,0.0014278199443902295,-0.005034944014428389,-0.007815435485083011,0.9824496789242154,0.004523934771174298,0.11167265299922469,0.01079131284286472,0.03779792000844928,0.016585255880363192,0.22663007492937726,0.020833646451743126,0.17444274012078687
2021-06-21,133.12,-0.0006009615384616751,0.006760817307692291,-0.0018028846153846922,-0.00037560096153854694,0.22297173812049342,0.001382211538462741,0.411476821477186,0.00789513221153837,0.2633525916884476,0.014351712740384048,0.48204633596972757,0.019929387019231637,0.44494325414113867
2021-06-22,132.93,0.00015045512675837536,0.0032347852253065135,-0.004626495147822207,0.001429323704205121,0.12305062153899837,0.0005115474309800305,0.6198733895152424,0.008041826525238438,0.41273848091087584,0.013981042654027886,0.6604168012153848,0.020246244890795406,0.609557506882977
2021-06-23,133.02,-0.0005262366561420428,0.0021425349571493335,-0.002405653285220466,-0.0006765899864682456,-0.04697828048466102,6.014133213194661e-05,0.4423268239236915,0.00596150954743635,0.33989161188450634,0.01122763494211343,0.5636403551172984,0.018538565629229398,0.5051755070035233
2021-06-24,134.92,-0.01230358731099912,0.004595315742662365,-0.014601245182330302,-0.014082419211384312,-0.7480675088474117,-0.015461013934181644,-0.6509651505970875,-0.0102579306255558,-0.6640305399138492,-0.004902905425437587,-0.6101769924795732,0.0035724873999416484,-0.6245592598755116
2021-06-27,135.32,-0.0031037540644397454,0.006207508128879713,-0.004138338752586512,-0.0029559562518475246,2.9960484246010832,-0.014099911321310832,0.6714946901668692,-0.013139225539462007,0.5682014240983975,-0.007866538575229565,0.4879961549959666,-8.37520938015146e-05,0.5853829234607262
2021-06-28,134.4,0.008258928571428514,0.010639880952381109,-0.004315476190476231,0.00684523809523796,0.04302699114078523,-0.0040029761904749606,0.6771294269637997,-0.006078869047619118,0.6317165910760876,-0.0009002976190480849,0.5134886336662341,0.006093750000000897,0.6537452259954444
2021-06-29,134.93,-0.0025939375972726664,0.0026680501000517776,-0.0047432001778701105,-0.003927962647298555,0.00448012790848451,-0.0060179352256714,0.6597599982461528,-0.010168235381308954,0.6440323734362168,-0.004261468909805388,0.4838413740373173,0.0013192025494708215,0.6498941035441705
2021-06-30,135.24,0.0014049097900028507,0.0066548358473823566,-0.002366163856847292,-0.0022922212363206684,-0.023249787941111544,-0.005338657202009989,0.6201541431575941,-0.01084738243123351,0.5530432068947773,-0.0060004436557237195,0.42890331110657387,-0.0013186433993879199,0.5919802620621808
2021-07-01,135.9,-0.002207505518763919,0.005408388520971252,-0.0035320088300222485,-0.004856512141280356,0.0668004239385378,-0.006902133922000342,0.7219306734761277,-0.01473142016188378,0.6222956608279198,-0.011052244297277691,0.4770591256134844,-0.006502330144713464,0.6747306954345147
2021-07-05,135.98,-0.003382850419179184,0.002353287248124891,-0.004559494043241519,-0.0005883218120310563,-0.15379994293776977,-0.006045006618618953,-0.11196982175245784,-0.01246506839241035,0.21607614451129686,-0.011652448889542755,0.23971194812371954,-0.007601608079618627,0.4008385460559729
2021-07-06,137.0,-0.007080291970802954,0.004306569343065725,-0.007080291970802954,-0.007445255474452628,0.18697570577786182,-0.012481751824816145,0.07216042258183242,-0.017693430656934184,0.41765570103238914,-0.019171532846715467,0.45515648586736757,-0.015481751824816703,0.639915233672127
2021-07-07,136.98,7.300335815463299e-05,0.0030369396992262487,-0.007957366038837788,0.00014600671630904394,-0.2734722301731367,-0.008541392904072076,-0.22849853840295986,-0.014717477003941881,0.01677940022379154,-0.018239889034895818,0.04829823221773122,-0.015571616294348556,0.18501200433730092
2021-07-08,137.03,0.0015325111289499205,0.004524556666423374,-0.0013865576880974784,-0.00036488360213104976,0.28417356204379085,-0.00591111435451952,0.05228311631329352,-0.012121433262789028,0.3359836462486505,-0.017799022111946616,0.35799169534508524,-0.01628353888442846,0.5189586500847934
2021-07-11,137.14,-0.0017500364590927742,0.002369841038355025,-0.005177191191482966,-0.0008021000437508086,-0.13527372393703274,-0.004098002041707627,-0.09001297229038419,-0.009989791453988262,0.15267170347410564,-0.01813475280735033,0.17018155466586316,-0.017337513975984598,0.3029372384136686
2021-07-12,136.97,-0.004234503905964915,0.004380521282032479,-0.004234503905964915,0.001241147696575906,0.20564867867742143,-0.0010513251076863517,0.1428563321858214,-0.007140249689712941,0.08407105000275084,-0.01608381397386316,0.3783424497607457,-0.015592222141100565,0.41940263871208305
2021-07-13,137.98,-0.0070300043484562424,0.0017756196550224868,-0.011668357733004675,-0.007319901434990506,-0.03882247629126523,-0.006928540368167813,0.06877554356438953,-0.013212059718799685,0.03558511090294991,-0.022539498478040598,0.3196859533240286,-0.02228583852732191,0.3369167201158416
2021-07-14,139.16,-0.008263868927852913,0.0007185972980741084,-0.010491520551882738,-0.008479448117275079,-0.19565534917527094,-0.013940787582637282,-0.12986832745830346,-0.019006898534061345,-0.1656558735006235,-0.029631359586088202,0.0641405130416568,-0.029354699626328418,0.056687011917077035
2021-07-15,140.51,-0.008611486726923245,0.001921571418404433,-0.009963703650985534,-0.009607857092021832,-0.22927107963247184,-0.020311721585650755,-0.3347699609000332,-0.025421678172371842,-0.340534237006333,-0.036684221763575886,-0.18801469733194898,-0.037328304035298965,-0.1885722319859886
2021-07-18,140.44,-0.0008544574195386012,0.010182284249501627,-0.011606379948732481,0.0004984334947308877,-0.007421217482417974,-0.014867559099970062,-0.2645133887047608,-0.02118342352606095,-0.30781369496326016,-0.03388279692395346,-0.18519849500500885,-0.035742428557864914,-0.20027511420314303
2021-07-19,139.69,0.005369031426730508,0.016393442622950838,-0.00035793542844875237,0.005369031426730508,0.18360101482070346,-0.004853604409762791,-0.06155557557938707,-0.012678072875653146,-0.1307599116755247,-0.025685446345479646,-0.07394535165320137,-0.0294938793041728,-0.042271721456875855
2021-07-20,139.2,0.005387931034482651,0.007183908045977017,-0.0015086206896550713,0.003520114942528796,0.1707863645425698,0.0025574712643694486,0.1689576764036187,-0.0065373563218388275,0.04014661437603029,-0.019877873563218795,0.08515541849855479,-0.0252945402298842,0.12008893075971439
2021-07-21,137.8,-0.0037010159651670316,0.0038461538461538325,-0.007910014513788144,0.01015965166908539,0.14972770422997894,0.014513788098695413,0.37785601622444265,0.005152394775036262,0.21920111901701267,-0.007714078374456257,0.250973018223968,-0.01433720367682556,0.28807259481579717
2021-07-22,139.79,-0.016524787180771217,0.0013591816295872583,-0.019386222190428404,-0.014235639173045156,-0.23430242929135503,-0.0018742399313237401,0.02150884472066128,-0.008569997853923539,-0.0864895080313327,-0.020098004149081028,-0.04076536240392359,-0.027651000309987905,-0.014487327345935497
2021-07-25,140.28,-0.0047048759623610215,0.0038494439692045024,-0.00754562303963513,-0.003493013972055925,0.3264052083048752,-0.006387225548900477,0.29899282814961614,-0.010065583119475363,0.2445502298585085,-0.021107784431138032,0.28727306594741187,-0.030096948959223657,0.3149830272554599
2021-07-26,140.85,-0.004969826056087978,0.005466808661696909,-0.006034788782392608,-0.004046858359957328,-0.1619820929353566,-0.010635427760026683,-0.015020338593598415,-0.01184238551650696,0.030063516131843215,-0.023166489172879223,-0.050252921192598055,-0.032739320790438176,0.08031306559689
2021-07-27,138.76,0.013764773710002842,0.013764773710002842,-0.00036033439031413206,0.015061977515134162,-0.16465900134452227,0.005938310752379827,-0.2015428856228847,0.005837417123090161,-0.12300639807130609,-0.006460795618334014,-0.20059795887616494,-0.016743538003266112,-0.09444822043982881
2021-07-28,139.48,0.0020074562661314133,0.005018640665328533,-0.005377114998566079,-0.005162030398623396,0.588730612048727,0.00011471178663780002,0.32654715524300815,0.0012044737596785815,0.4414439446540732,-0.010026527100659877,0.29505089679604013,-0.020836918076664768,0.4571633288211636
2021-07-29,142.23,-0.0016170990648948225,0.016241299303944245,-0.004780988539689113,-0.01933488012374318,-0.62273139463804,-0.01686001546790228,-0.5093095292002342,-0.017928707023834756,-0.47040089824750175,-0.02756802362370825,-0.5129939584907891,-0.03819869225901629,-0.4586698536797781
2021-08-01,141.88,-0.0007753030730193178,0.0038412743163238616,-0.007612066535099937,0.002466873414152859,1.0535469361539795,-0.010995207217365022,0.18979022343810326,-0.014293769382576982,0.15452308866106335,-0.02270580772483799,0.0597946731402057,-0.03389014190395567,0.142187650837863
2021-08-02,143.95,-0.01451893018409156,0.0018061827023272414,-0.016880861410211723,-0.014379993053143414,-0.1710704637492083,-0.022994095171932738,0.009191446204817488,-0.027467870788468463,-0.07566052225889286,-0.03468218131295597,-0.11344903214697755,-0.04550191038554985,-0.08906112351776485
2021-08-03,142.43,0.004282805588710081,0.011654847995506534,-0.0005616794214702292,0.010671909007933689,0.2757475183301177,-0.008214561538999687,0.3251618250775954,-0.014098153478902198,0.18222921144625492,-0.021582531769992586,0.14446223684236337,-0.032769313580939596,0.16379889219441268
2021-08-04,142.5,0.0059649122807017285,0.007368421052631691,-0.007228070175438583,-0.0004912280701754312,0.2358288815917533,-0.0035508771929804173,0.5631203756392347,-0.012315789473684613,0.45312616296543795,-0.020157894736842374,0.42373870222193055,-0.0310666666666658,0.43816704341464185
2021-08-05,141.41,0.011456049784315248,0.012092496994554836,-0.0013436107771727102,0.007708082879570144,-0.11057064698265795,0.008401103175166291,0.3880611746725817,-0.0013789689555195883,0.27967554353017343,-0.010653419135846387,0.24662239677304654,-0.021342196450037876,0.27610005050129827
2021-08-08,142.18,-0.0016176677451119614,0.002883668589112265,-0.003376002250668253,-0.005415670277113538,0.2711608839976061,0.0017864678576469117,0.4118229483633473,-0.0056477704318471655,0.584919956516414,-0.014471092980729128,0.5847017902513543,-0.0246752942279731,0.620890432592256
2021-08-09,142.27,-0.002530399943769024,0.0016869332958457939,-0.004287622126941781,-0.0006325999859422282,-0.0970457252200303,0.0015744710761247394,0.18856396500072625,-0.004941308779082276,0.4064471785551884,-0.013323258592816911,0.40973925278312895,-0.023591293549822145,0.33738506136014257
2021-08-10,142.62,0.0008413967185527671,0.004347216379189556,-0.0010517458981910144,-0.0024540737624456632,0.2493024302109188,-0.0032393773664264325,0.332576782613617,-0.006387603421679988,0.7106300028963355,-0.013886551675782233,0.7549327232163878,-0.024363109428316765,0.6635760056601403
2021-08-11,142.95,0.0013990905911158702,0.0013990905911158702,-0.00416229450856942,-0.0023084994753409527,-0.15150865830344673,-0.005274571528504635,0.03290443835782275,-0.005981112277020029,0.3622278447810583,-0.014540048968171071,0.47080364592002977,-0.024698612568496148,0.40006106125798047
2021-08-12,143.64,-0.004803675856307366,0.002436647173489348,-0.006613756613756516,-0.004803675856307366,0.01378426275702438,-0.009426343636868229,0.03048312522653651,-0.008340295182400537,0.3713039872885897,-0.017954608744082723,0.46530408260780276,-0.027522509978649023,0.41303265235323927
2021-08-15,144.64,-0.006706305309734484,0.0003456858407080432,-0.008745851769911384,-0.00691371681415931,-0.19073289383032732,-0.013191371681414044,-0.20385100907687492,-0.014221515486725567,-0.04759544093707968,-0.02366219579646045,0.14599972091018376,-0.03231010324483652,0.13725575916568356
2021-08-16,144.88,-0.003313086692435019,0.004969630038652584,-0.0068332413031474415,-0.001656543346217676,-0.20271498909799557,-0.01143014908889961,-0.33100190615156533,-0.01394947542794045,-0.2534427198353132,-0.023830066261734117,-0.11093678711508581,-0.031902263942571896,-0.09154963228638624
2021-08-17,143.3,0.00976971388695036,0.011025819958129679,-0.0008374040474529165,0.011025819958129679,0.05795245233449009,0.0031123517097015885,-0.22735216682732962,-0.0024284717376138465,-0.2224508628325751,-0.011256106071179772,-0.06415914734336481,-0.019157943707837966,-0.03469702749365444
2021-08-18,144.99,-0.012621560107593743,0.0020001379405476527,-0.012621560107593743,-0.011655976274225766,0.23756549410574657,-0.007641906338366589,0.05838288266338498,-0.013456100420719208,-0.028510001966421505,-0.021366990826953813,0.15911139173225153,-0.02914223969469043,0.20349465477782247
2021-08-19,145.09,0.001102763801778206,0.0061341236473910765,-0.0021366048659452463,-0.0006892273761113232,0.09732676535821017,-0.005513819008889365,0.19290331792214177,-0.012419877317527361,0.07407626235974951,-0.019563719070921914,0.26863611429399237,-0.027971144347185617,0.308293828842674
2021-08-22,144.35,-0.0004156563907170563,0.006858330446830596,-0.0008313127814340016,0.005126428818843065,0.16790720118272828,0.0015933494977502516,0.4102537812293705,-0.004807758919293859,0.23767224776173412,-0.01270176653966082,0.4513429041728332,-0.021126890659276087,0.5224136621416
2021-08-23,143.18,0.0057968990082413185,0.00677468920240254,-0.001396843134516157,0.008171532336918474,-0.009828562056132584,0.009372817432603986,0.3294963867870164,0.004840061461097278,0.2205038982704468,-0.0032127392093872498,0.420370370776435,-0.011449457559248422,0.48952085641202414
2021-08-24,142.67,0.00280367281138294,0.0032242237330903922,-0.002943856451951943,0.003574682834513343,0.1809787306551094,0.010597883227029259,0.41387368079771836,0.009069881544823133,0.4234374538729142,0.001167028807737891,0.6431603857868757,-0.006464802224245947,0.7485652631257291
2021-08-25,142.42,0.0009830080044939127,0.0020362308664514384,-0.006670411459064662,0.0017553714365958761,-0.18693037853416394,0.011487150681085856,0.010597659590864117,0.01087628142114827,0.15011708783335087,0.004297149276786483,0.2858294560226855,-0.003623086645132889,0.4066025101419273
2021-08-26,142.31,0.0011945752231043993,0.003232380015459224,-0.004708031761647247,0.0007729604384791866,0.0017214818664390563,0.008657156910970576,-0.031437270736242584,0.0112852224017983,0.1477353085590678,0.006106387463986396,0.2808605890749809,-0.0020893354882519644,0.3898529168593017
2021-08-29,142.93,-0.0023088225005247764,0.0004197859091863432,-0.006156860001399256,-0.0043377877282586574,0.23285103745099822,0.0003918001819089856,0.16639514771026453,0.0059679563422647686,0.4111494129137141,0.001770097250401781,0.4536090153030392,-0.00599827421348309,0.6704993431747903
2021-08-30,142.39,0.004564927312311395,0.008006180209284564,-0.0023878081325934275,0.003792401151766489,-0.6011639733268039,0.0021911651099111307,-0.5486941182924865,0.00858206334714473,-0.45994965615205785,0.005937916988552061,-0.4366532800815225,-0.001645714820795674,-0.35423391892556655
2021-08-31,143.84,-0.010497775305895352,0.002398498331479315,-0.01119299221357073,-0.01008064516129048,0.5516867985217078,-0.009010011123469108,-0.13615353099466743,-0.0033161846496112535,-0.12877354406795527,-0.004744855394883785,-0.11631602340318092,-0.011084074898033314,0.009459472217224763
2021-09-01,143.95,0.0001389371309483689,0.005418548106981502,-0.0025703369225423822,-0.0007641542202152518,0.15211813154418952,-0.008141715873565603,0.08248743537850345,-0.0037026745397712446,-0.013816393002523686,-0.005015630427232076,0.01426959632283209,-0.010765312029638152,0.15783658242295306
2021-09-02,144.05,-0.0020131898646305046,0.002186740715029556,-0.0036792780284623516,-0.0006942034015968712,-0.013299751317956243,-0.006706004859422299,0.09166327931746165,-0.0051162790697679705,-0.03412990005520977,-0.005203054494967718,0.001056953566302532,-0.010028925141731704,0.13792378604538968
2021-09-06,143.51,0.00564420597867743,0.006898473973939057,-0.0015329942164309385,0.0037628039857851014,-0.18145154708951605,-0.0005435161312783432,-0.08470361333206555,-0.0020974148142991478,-0.20650533041537478,-0.0005400320535157155,-0.18480751132231288,-0.0053143799502920475,-0.08125489685196408
2021-09-07,144.6,-0.010511756569847708,0.0023513139695712226,-0.010995850622406711,-0.007538035961272449,-0.031836166513767306,-0.007275242047024677,-0.03171783865658884,-0.01020055325034619,-0.20041616264005957,-0.007614107883817778,-0.19673875696890486,-0.0120677731673563,-0.1074182036820327
2021-09-08,143.99,0.004028057503993265,0.0061809847906104665,-0.0023612750885478873,0.0042364053059238405,0.08543889580750652,1.5543122344752192e-15,-0.035370522660387316,-0.005021182026530346,-0.09532072749657983,-0.0026008750607685593,-0.11517337825032092,-0.007014375998331324,-0.032778884022252375
2021-09-09,144.13,-0.00048567265662935455,0.0022895996669674012,-0.005619926455283419,-0.0009713453132588201,0.10518333218261411,-0.0007631998889874314,0.07098408407473578,-0.005071810171373592,0.04319659716380464,-0.0030944286408109978,-0.0034129752782030565,-0.006769351742638041,0.05578126270827366
2021-09-12,145.68,-0.005697419000549209,0.01063975837451947,-0.005697419000549209,-0.010639758374519581,-0.4281482602710803,-0.011147721032398139,-0.3804687193097315,-0.014483800109830636,-0.39349503301856437,-0.013296265788029005,-0.42615271592000914,-0.01627311001281173,-0.3951903914242134
2021-09-13,145.43,0.004813312246441548,0.006394829127415402,-0.003300556968988677,0.0017190400880149337,0.6855626596386144,-0.00720621604895666,0.1981013597182566,-0.010472392216187232,0.1113793530622369,-0.010898714158014577,0.01055727444154475,-0.013791285612778426,-0.004801606546075199
2021-09-14,145.12,0.0015848952590957754,0.004479051819184177,-0.0026185226019845853,0.002136163175303185,-0.06098057777751198,-0.002439360529215562,0.10260136197654401,-0.0066358875413458085,0.07697234270228726,-0.008513643880926569,-0.051662409768503004,-0.010869165747884768,-0.07096741932907769
2021-09-15,144.11,0.0050655749080563695,0.007494275206439305,-0.008951495385469577,0.0070085351467628065,0.03427562499033332,0.0052737492193479785,0.12264927034601891,0.0022205259870924365,0.06032868821832871,-0.001481507182014452,-0.02912304765564,-0.0036661809266050893,-0.050538058928570995
2021-09-16,144.34,0.00020784259387562898,0.0134404877372869,-0.0007620895108771952,-0.001593459886379267,-0.6722145942457587,0.0038381599002372813,-0.6342803948327662,0.0008105861161138428,-0.6528234432048339,-0.0027920188443957272,-0.6844815259743049,-0.004865826058840672,-0.6896447573477211
2021-09-19,142.89,0.009307859192385859,0.013716845125621102,-0.006438519140597565,0.010147666036811609,0.8326207582286802,0.014318706697461492,-0.07571914307908922,0.011239414934564262,-0.23324461392681817,0.0070998670305826295,-0.3584420027890134,0.005661697809505872,-0.3876337143915787
2021-09-20,143.11,-0.0009083921459018818,0.009887499126545851,-0.0016071553350570644,-0.001537279016141646,0.5373086486833503,0.008860317238489568,0.4260173292100371,0.00887429250227001,0.25028500387818164,0.004783034029766542,0.02349273744898195,0.0044604383574424755,-0.037581030993429465
2021-09-21,143.6,0.0015320334261839097,0.005222841225626773,-0.005153203342618262,-0.003412256267409375,0.05032030814262334,0.002186629526464312,0.5194368488904808,0.005153203342617374,0.31277539015249856,0.0009227019498601052,0.09185743192583451,0.0012488393686183041,0.020888499794398774
2021-09-22,144.19,-0.000901588182259494,0.003432970386295864,-0.004854705596781916,-0.0040918232887162675,0.22461098625181153,-0.004022470351617291,0.8599388066957587,0.0003467646854835582,0.5967106181714952,-0.003027255704279641,0.3542357373228491,-0.0025406292623139093,0.2571461547396705
2021-09-23,143.55,0.0017415534656914922,0.006269592476488839,-0.0032044583768722212,0.004458376872169989,0.03229771929085601,0.0005294322535720486,0.8812375545553399,0.004946011842562603,0.6246513778298757,0.0019470567746422418,0.4110453864094097,0.0022709857192633187,0.3041760066765642
2021-09-26,141.66,0.010518142030213173,0.010659325144712684,-0.00098828180149646,0.013341804320203376,-0.1287800709099719,0.012762953550757405,0.16141264100861474,0.017944373852886386,0.40254715534000507,0.015713680643794303,0.2315912516309191,0.015784272201046612,0.1365321837565172
2021-09-27,140.59,0.0032719254570026113,0.005548047514047916,-0.007326267871114567,0.007610783128245258,-0.18038889229413957,0.018721103919199678,-0.17567982027879026,0.022832349384735107,0.08817352333681616,0.023212888541147336,0.01661416245326297,0.023045735827585734,-0.06439459315886731
2021-09-28,142.02,-0.012322208139698643,0.004647232784114941,-0.012955921701168882,-0.010069004365582335,0.2848663715603412,0.004914800732293223,0.07247461653973941,0.009125475285169937,0.4173863584540014,0.012086325869595127,0.33523867329993506,0.011794113505141812,0.2080757410671239
2021-09-29,139.8,0.020314735336194323,0.021030042918454894,-0.0019313304721030322,0.01587982832618029,-0.22102805778366597,0.018612303290416854,-0.189473972554271,0.022932761087266496,0.09136557810345236,0.028025751072960903,0.010277324958789746,0.0271793037672885,-0.06901109278910211
2021-09-30,139.58,0.0025075225677031465,0.004656827625734161,-0.009027081243731305,0.0015761570425563143,0.2544953697248862,0.013927496776044324,0.0825946722617874,0.021457228829343977,0.3846284459489815,0.02819888236136925,0.2745024608711728,0.027962458804988266,0.16700959034878649
2021-10-03,138.79,0.004323078031558403,0.01160025938468201,-0.008538079112327956,0.005692052741552045,-0.039337769227476005,0.013977952302041352,0.05987996297824005,0.02384177534404386,0.10403522053411263,0.03247712371208267,0.22603016417187027,0.032514350217356824,0.11995627952288501
2021-10-04,139.33,-0.0038039187540371833,0.00854087418359284,-0.00437809516974097,-0.0038756908060002537,-0.15742733112985252,0.005928371492143203,-0.10505564839342207,0.016931027058062487,-0.1336447035695375,0.026587956649680056,0.03555199656946573,0.027005430751933623,-0.053737319301173536
2021-10-05,141.19,-0.015581840073659481,0.0004957858205254517,-0.018202422267865948,-0.01317373751682116,0.2943275809663175,-0.009108293788509747,0.1541286216839104,0.0008570012040500785,0.1260615921355337,0.01158368156384948,0.3424485908722792,0.012290766579315715,0.2396937637886205
2021-10-06,142.32,-0.004005059021922386,0.004988757729061266,-0.004005059021922386,-0.007939853850477796,-0.00028249763148135987,-0.01814221472737254,0.14904485057618655,-0.008783024170883502,0.1070052664156993,0.0023538504777960156,0.32740334813118555,0.0037872400224863156,0.24417098848676866
2021-10-07,141.73,0.003951174768926924,0.006279545614901627,-0.004868411768856218,0.004162844845833735,-0.14076567906396742,-0.010498835814574559,-0.06664725242900782,-0.00597615183800293,-0.04619114240439959,0.00593734565723536,0.1323337497515502,0.007883534419907967,0.07694262373328287
2021-10-10,142.32,0.0003513209668353223,0.003161888701517901,-0.0038645306351882125,-0.004145587408656559,0.03551126152534412,-0.011579539066889244,-0.012779057143824546,-0.011375772906128012,0.007680160304463612,0.0009239741427764514,0.17636778426013366,0.003543657485480134,0.12329815359319873
2021-10-11,142.11,0.0034480332137074576,0.006544226303567546,-0.002885089015551512,0.0014777285201603707,-0.10977520439001631,-0.005150939413128497,-0.11581946506252927,-0.009450425726551193,-0.09928901881210739,0.0012208852297510564,0.017093986890412083,0.005028968170198045,0.006195947745763153
2021-10-12,142.44,-0.0002808199943835632,0.0022465599550687276,-0.00993400730131977,-0.0023167649536646184,0.1836731609256208,-0.003552372928950165,0.040682647649866066,-0.010678180286437744,0.061219477644913534,-0.0022641112047179224,0.21066882126510977,0.00250865861649463,0.2079328801986322
2021-10-13,144.05,-0.008469281499479342,0.0018049288441512878,-0.008608122179798783,-0.011176674765706496,-0.1606396305652279,-0.012953835473791586,-0.11596542036718072,-0.02144394307532227,-0.10586306873736129,-0.014345713293995255,0.011297321881138744,-0.008684484553973526,-0.005545342323731051
2021-10-14,144.42,0.0006924248719015758,0.0031159119235564248,-0.005158565295665274,-0.002561972026035031,-0.020951060464914795,-0.013086830078933964,-0.09276934075694876,-0.021008170613489585,-0.1279236696346685,-0.016891704750034653,-0.005294048831213871,-0.011175737432487676,-0.02366212921038635
2021-10-17,142.34,0.008500772797527034,0.009554587607137677,-0.001721230855697642,0.014612898693269427,-0.24010643569382129,0.005114514542646553,-0.2948993508827479,-0.003301953070115049,-0.32264559317485775,-0.002497541098777867,-0.30896380494984144,0.003383916444195556,-0.2524893876179517
2021-10-18,140.66,-0.011232759846438123,0.0011374946679936215,-0.013223375515427183,0.011943694013934358,-0.046429749165197376,0.017147732120007975,-0.2624160344053684,0.011126119721312833,-0.3196054149481965,0.009220816152424316,-0.34687516384966466,0.014962794445235517,-0.2744799466150538
2021-10-19,141.21,-0.007506550527583089,0.005311238580837152,-0.009631045959917928,-0.0038949082926139633,0.29954854973949874,0.01113235606543661,0.0352413002594405,0.008129735854400133,-0.07971873917071548,0.004422491324976852,-0.13148525558063462,0.010336850553549937,-0.044108415882968766
2021-10-20,139.33,0.010981123950333682,0.013134285509222687,-0.0010765807794445026,0.013493145769037485,0.12327120986092677,0.023010119859329103,0.21366468907328096,0.021746931744777376,0.06458013377972405,0.017117634393166936,-0.016630445160930596,0.023158448766717576,0.07604230781863586
2021-10-21,140.83,-0.010225094085067332,0.0012781367606331528,-0.010722147269757953,-0.010651139671944865,0.2432699621938399,0.005410778953350404,0.5000637605021068,0.008741035290775079,0.34656664795826786,0.00455868777959223,0.23564869235890118,0.011157660536344816,0.3390203256780844
2021-10-24,140.85,-0.0031238906638267894,0.000496982605608709,-0.012779552715654785,-0.00014199503017386927,-0.02175179321768428,0.0001703940362114409,0.4057918446104065,0.007958821441248487,0.29974626933614035,0.003450479233226611,0.2111461450348704,0.010233108507869737,0.3068903655987101
2021-10-25,142.85,-0.008610430521525991,0.002310115505775423,-0.011270563528176347,-0.014000700035001756,-0.13677518609482586,-0.015918795939794395,0.09387994179178705,-0.007182359117956949,0.11213329764153435,-0.01088204410220528,0.04254233335509272,-0.005037918562593946,0.10315691715455522
2021-10-26,141.83,0.009236409786363753,0.013043784812803993,-0.000987097229077194,0.007191708383275541,-0.3534642603863105,-0.005753366706617968,-0.3616304558714083,0.0004794472255504889,-0.2861515341909,-0.0029718677289717332,-0.33000564007604305,0.001511198853087592,-0.28583831761270584
2021-10-27,142.68,-0.005536865713484884,0.0014017381553124153,-0.00679843005326608,-0.005957387160078431,1.1247305663510172,-0.010807401177457487,0.45730608874328627,-0.005908326324643887,0.6038454513386802,-0.008978132884777557,0.46964498763629203,-0.0052238108587973064,0.5415686519030722
2021-10-28,142.99,-0.005804601720400093,0.003426813063850398,-0.006783691167214445,-0.0021679837750891995,-0.27261122691976003,-0.008266312329531011,-0.00430668210117191,-0.009021609902791772,0.1307183888197172,-0.010119588782432798,0.04920670852872866,-0.007713826141687252,0.11275303504223522
2021-10-31,142.64,0.0050476724621426605,0.008132361189007398,-0.0010515984296128877,0.002453729669097182,0.23831536531767794,-0.00280426247896548,0.2716690140886999,-0.007592540661807146,0.3866084617138674,-0.006495372966910162,0.3057229699330861,-0.005594503645540261,0.2952546881792002
2021-11-01,144.06,-0.009301679855615697,0.003609607108149504,-0.01235596279328055,-0.009857004026100347,-0.49380067030315133,-0.010148549215602154,-0.36317799078227686,-0.017166458420104003,-0.33901413680235937,-0.014952103290296281,-0.34294763711207477,-0.015454208894441268,-0.3617098416343004
2021-11-02,145.05,-0.006342640468803951,0.00041365046535668526,-0.010548086866597695,-0.006825232678386861,0.3063222161082726,-0.01523612547397235,-0.07048332849306249,-0.021530506721821552,-0.13130268551699542,-0.020044812133747536,-0.12165461935720767,-0.021955647477880147,-0.15173879895054698
2021-11-03,145.32,-0.017065785851912985,0.0004816955684008306,-0.02054087530966131,-0.0018579686209743151,0.1901843528361249,-0.012634186622623722,0.04308946683074977,-0.020706028075971772,0.038085679999737554,-0.020537434627030393,0.06325363520939087,-0.023440223873748778,0.016290084323435927
2021-11-04,146.04,-0.004108463434675413,0.0022596548890716495,-0.00849082443166238,-0.004930156121610518,0.05602753461330945,-0.013886606409200808,0.1630134679384947,-0.021432484250891504,0.09388206939766297,-0.02433922213092332,0.13163208923183456,-0.0279968958276261,0.08000002968940434
2021-11-07,144.95,0.0037944118661608073,0.00793377026560882,-0.006416005519144341,0.0075198344256639515,0.03557399682739826,-0.0022628492583628423,0.19834226691566026,-0.010479475681270833,0.14642216305027533,-0.015515695067264912,0.17064414200287947,-0.02011498217776142,0.12441764606980743
2021-11-08,145.39,-0.002476098768828594,0.003026342939679738,-0.005571222229864281,-0.003026342939679516,0.20135823534059005,-0.0021046839535022732,0.47311262436553947,-0.010654102758100081,0.3869578011321022,-0.017590618336887465,0.40491537961949287,-0.022326157232270716,0.3515443847875179
2021-11-09,146.82,-0.007355946056395446,0.003337419970031341,-0.008377605230894924,-0.009739817463560896,-0.33561315327086694,-0.010012259910091803,-0.1598276249445122,-0.01856014167007347,-0.09708702298152294,-0.026042092357989932,-0.07928322073975824,-0.03075875221359381,-0.11178626507443279
2021-11-10,146.4,0.0031420765027323494,0.0038934426229508823,-0.001297814207650294,0.0028688524590163578,0.7906360756140824,-0.004754098360653991,0.49052001892451536,-0.012336065573771982,0.5604312113886913,-0.02175204918032858,0.6687490021419467,-0.026885245901638655,0.6057251866777791
2021-11-11,146.56,0.001228165938864656,0.0035480349344978457,-0.003957423580786101,-0.0010917030567685337,-0.27979613405093373,-0.004366812227072359,-0.00761578709272126,-0.010876091703058033,0.11605011833515344,-0.022018286026201483,0.178257601238049,-0.02644650655021763,0.13937799951321495
2021-11-14,147.4,-0.0025101763907734442,0.002374491180461291,-0.006309362279511621,-0.00569877883310721,0.032193370010335176,-0.009335142469468982,0.010717451882985563,-0.014090909090910375,0.14196113979999136,-0.026865671641791877,0.20497251947047923,-0.030416101311622867,0.17666582883642312
2021-11-15,147.19,0.00135878796113853,0.009511515727970599,-0.001222909165024877,0.0014267273591956897,-0.27534081015894396,-0.004592703308646695,-0.2766284584044587,-0.009450370269720731,-0.1662678953279484,-0.02375840750051017,-0.1504863399763806,-0.027082908712094733,-0.1486587128953324
2021-11-16,147.1,-0.0008837525492861875,0.004622705642420177,-0.004622705642420177,0.0006118286879674972,0.5517510191354205,-0.0015363698164492234,0.23394459690888092,-0.006716519374576513,0.24578034264500137,-0.020941536369816993,0.29832327326542907,-0.024706548832992614,0.3258397221464888
2021-11-17,147.12,-0.0005437737901033968,0.006491979336595843,-0.004146275149537915,-0.00013594344752587695,-0.11056448710225286,-0.0012914627514932775,0.00913007705232527,-0.005458129418163371,0.05867331908730811,-0.019072865687874474,0.13251715757854843,-0.0235000906289643,0.17663025054454184
2021-11-18,146.82,0.00769649911456205,0.009603596240294276,-0.0002043318348998735,0.002043318348998957,-0.12191389728602264,0.001730009535487964,-0.06885284518727763,-0.002199972755756785,-0.08462758457242292,-0.014415610952186908,-0.013812009536686043,-0.02041502066021783,0.03411140722219552
2021-11-21,147.8,-0.00561569688768615,0.007713125845737467,-0.006562922868741494,-0.006630581867388519,-0.05299462312358727,-0.004560216508793791,-0.10048990190490903,-0.008288227334236953,-0.12994472189486295,-0.018924221921516327,-0.058457916855837344,-0.025762291384753278,-0.02035991343224952
2021-11-22,149.44,-0.010773554603854318,0.0004014989293361637,-0.011844218415417607,-0.0109743040685224,-0.1627236432787973,-0.014949143468948711,-0.21867654537164438,-0.017264453961457482,-0.2617810608503828,-0.027365497858672816,-0.20381291760140974,-0.035231531049249476,-0.17711744366182702
2021-11-23,148.66,0.0007399434952239936,0.0014798869904479872,-0.006592223866541014,0.005246872057042884,0.3967884122867915,-0.006753666083678667,0.10225611821563074,-0.00938382887125122,0.0847935623501701,-0.020045741961523422,0.12691634483183467,-0.028525942867392184,0.15632482303129436
2021-11-25,147.47,0.007526954634841099,0.015223435274971164,-0.0010849664338509202,0.008069437851766503,-0.10073521580029021,0.003376958025363086,0.015504788022063565,-0.000142401844444362,-0.05098843880813031,-0.009822336746457494,-0.018178824572211538,-0.019280757668225124,0.039711642977755535
2021-11-28,149.02,-0.00825392564756422,0.004294725540195943,-0.014964434304120422,-0.01040128841766208,-0.11439089854885842,-0.00658971950073628,-0.07843691075971992,-0.009824184673199787,-0.12857029792494645,-0.01851429338343913,-0.1181116884325486,-0.02871650337762155,-0.08146648704583381
2021-11-29,144.58,0.022340572693318572,0.027389680453727916,-0.003181629547655329,0.03070964172084656,-0.3918236544975021,0.02696085212339394,-0.4251773700870555,0.02228524000553178,-0.4578266666940254,0.013712131691796525,-0.45992105039068276,0.002171807995574593,-0.44082915884662877
2021-11-30,146.4,-0.010587431693989124,0.010040983606557363,-0.010587431693989124,-0.012431693989070958,0.4069125886789493,0.009795081967215236,-0.06928033331581174,0.0076502732240422144,-0.16279872742798296,0.001772540983606019,-0.20011558229527981,-0.009776867030964365,-0.20293153700636202
2021-12-01,147.26,-0.0016976775770745078,0.008148852369957993,-0.0021730272986554278,-0.0058400108651364135,-0.12201504587752798,-0.0002308841504800041,-0.17438267947743913,0.0012291185658004355,-0.25745569762758225,-0.0032833084340625485,-0.30637737347904814,-0.014260491647425155,-0.30455701711123406
2021-12-02,149.88,-0.012409927942353738,0.0008006405124099114,-0.014818521483853764,-0.01748065118761677,-0.1546229522013055,-0.019575660528420635,-0.23412316325750782,-0.01616626634641183,-0.3314813002776229,-0.019969308780357964,-0.40537433549436785,-0.030146339293656066,-0.40579082925684173
2021-12-05,152.15,-0.012882024318107144,0.001544528425895475,-0.012882024318107144,-0.01491948734801185,-0.061522010999844334,-0.031035162668417327,-0.19911336984978223,-0.02903056194544984,-0.32492329752683646,-0.033092343082484765,-0.4218549933230432,-0.042304743126299726,-0.42934695525240807
2021-12-06,151.75,0.0012850082372322102,0.005469522240527214,-0.0031630971993409362,0.002635914332784317,0.5082124696700896,-0.024355848434923777,0.3297658033665205,-0.022958813838551473,0.08969328327305348,-0.02853047775947315,-0.09093088135519112,-0.03729379461834048,-0.1112378680885262
2021-12-07,152.43,-0.004985895164993925,0.0015088893262480418,-0.014104835006232386,-0.004461064094994471,-0.04993779820782962,-0.019300662599223917,0.17252339980757192,-0.024726103785345233,0.05073962625138928,-0.030633733517024586,-0.12396851996232117,-0.039204880928950026,-0.14549060818169468
2021-12-08,153.32,-0.006587529350378207,0.005674406470127957,-0.01121836681450561,-0.0058048525958778185,-0.000597049452636722,-0.017127576310981385,0.17220214059506733,-0.028437255413515272,0.055107220530822065,-0.0339649099921735,-0.10375736203010244,-0.042699365162186975,-0.1376238503658408
2021-12-09,155.46,-0.010324199150907098,0.0021870577640550337,-0.01305802135597578,-0.013765598867876094,0.16201129313648965,-0.02286118615720889,0.3304741658941368,-0.03881384278914313,0.263261028054935,-0.0451723916119906,0.04841100251926811,-0.05341352545134792,-0.003993532916332199
2021-12-12,157.67,-0.015031394685101618,0.004185958013572799,-0.017504915329485615,-0.014016616984841579,-0.19809893553851476,-0.029479292192551854,-0.0231723159290651,-0.04721887486522591,0.022765770732524837,-0.055682755121456484,-0.14208223545520893,-0.06397961988118561,-0.191486242343736
2021-12-13,158.25,-0.002211690363349117,0.0023911532385465506,-0.01004739336492888,-0.0036650868878357334,0.030723324479829728,-0.026060031595574573,-0.062095887960925356,-0.045244865718800376,0.0752848732314122,-0.05563349131121664,-0.09696026894245657,-0.06431806213796654,-0.15625732734208353
2021-12-14,158.86,-0.007679717990683788,0.004909983633387682,-0.007679717990683788,-0.003839858995341894,-0.051900417871884263,-0.02161651768852879,-0.09407543196082935,-0.04030592974946612,-0.013507097353900543,-0.0558447689789755,-0.1265257251354429,-0.06463552813798246,-0.18679596519708253
2021-12-15,161.11,-0.014772515672522024,0.0013034572652224075,-0.016696666873564858,-0.013965613555955603,-0.15666798306290086,-0.02729811929737247,-0.22083417258968197,-0.04597479982620678,-0.1603281880853179,-0.06540872695673805,-0.25623653465786256,-0.07463637680259805,-0.3166614422383085
2021-12-16,157.46,0.020322621618188652,0.027054490029213785,-0.0009526228883526278,0.023180490283246646,-0.553927640413675,0.005144163597106122,-0.6317323133944578,-0.015064143274483577,-0.6197573028066294,-0.03929569414454481,-0.6559944802724426,-0.04978618908505816,-0.6907524731785976
2021-12-19,157.86,-0.007981755986317118,0.003800836183960543,-0.008184467249461536,-0.0025338907893069917,1.643796628086299,0.005131128848348654,0.3465083593694309,-0.012758140124161765,0.147950613565198,-0.03845496009122029,0.011736705507830125,-0.0496304742598922,-0.11747658924513571
2021-12-20,157.76,-0.0006972616632858752,0.0024721095334685472,-0.006148580121703828,0.0006338742393510177,0.3248770624973276,0.006009127789048829,0.7914000399366026,-0.008512931034483806,0.48155473164517937,-0.034346475659229325,0.3615058445792396,-0.046530594996618824,0.1843028565036411
2021-12-21,159.32,-0.009728847602309743,0.0016319357268392842,-0.012867185538538717,-0.009791614361034373,0.04823046069865233,-0.004456439869442996,0.8255384888417778,-0.014448907858399251,0.5384118921636951,-0.04067599799146393,0.4295910125748257,-0.053186459117917195,0.24691302113028257
2021-12-22,160.1,-0.0037476577139287093,0.005121798875702632,-0.004122423485321658,-0.004871955028107444,0.1746936520869098,-0.008732042473452162,1.0548840518974392,-0.014946908182387086,0.7769741278630706,-0.04226420986883217,0.6679271231979169,-0.05489902144492975,0.47510060322937253
2021-12-26,161.97,-0.008026177687226133,0.00012347965672665495,-0.008396616657405653,-0.011545347903932801,0.24009349221381848,-0.021423720442055205,1.3190952482705436,-0.022133728468235914,1.1444043828432289,-0.04979008458356504,1.0681195573892879,-0.0630775246444808,0.8168494683319161
2021-12-27,162.84,-0.0054040776222058495,0.003316138540899072,-0.005526897568165157,-0.005342667649226307,-0.23289130304637484,-0.021112748710388596,0.11182962089164383,-0.023360353721445626,0.6007489921726321,-0.050414517317612706,0.5717085551284311,-0.06489601244575383,0.3962649663382989
2021-12-28,164.19,-0.005968694804799224,0.004811498873256603,-0.006760460442170602,-0.008222181618856128,0.10912110087727744,-0.023095194591629786,0.11072527502947294,-0.028241671234546573,0.719044550687777,-0.054013642730982636,0.7321454122538287,-0.06927949326999139,0.5501368296995359
2021-12-29,162.77,0.010014130368003915,0.011181421637893818,-0.0009829821220126433,0.00872396633286221,-0.09558876765626323,-0.006671991153158863,-0.04956522033324873,-0.016114763162746293,0.498373424680707,-0.03973705228236191,0.5128627167385602,-0.05772152935635089,0.401037322732527
2021-12-30,163.58,-0.00440151607776007,0.0009169825161998713,-0.006846802787626838,-0.0049517055874801486,0.1097184226774146,-0.007372539430246183,0.027873971729446945,-0.01859640542853791,0.6019306641396787,-0.039488323755960675,0.6563056842024642,-0.0592126176794221,0.5441666555597835
2022-01-02,162.9,-0.007427869858809166,0.00024554941682009,-0.018538980969920238,0.0041743400859424185,-0.4283012724337222,0.001043585021487603,-0.4191042995561657,-0.012983425414366145,-0.14348176604751373,-0.030469613259668793,-0.07531755573041621,-0.05191323920605606,-0.11567509403772158
2022-01-03,163.47,-0.007218449868477417,0.005627943965253568,-0.007891356212148981,-0.0034868783262983483,0.0069311337789110805,-0.0013091087049590389,-0.3120049562593685,-0.013097204380009941,-0.29977046069848634,-0.029867865663424586,-0.07908225451878825,-0.05200138659488929,-0.095826893153513
2022-01-04,164.21,-0.004689117593325687,0.0067596370501186165,-0.0049327081176542276,-0.004506424700079226,-0.007144799897428666,-0.005042323853600039,-0.2455944710201179,-0.014128250411060472,-0.3042247148576581,-0.03079288715668993,-0.10004628584027742,-0.05289365243691946,-0.09163128618092997
2022-01-05,162.83,0.009273475403795306,0.014555057421850925,-0.0013511023767118768,0.008475096726647369,0.2335026778060718,0.0034146041884193234,0.03574701373041478,-0.0018117054596833437,-0.11033613159557065,-0.01875268685131759,0.11940548165768683,-0.04150750271243975,0.1323639711086957
2022-01-06,162.74,0.0023964606120190357,0.004854368932038833,-0.004854368932038944,0.0005530293720044099,0.23900217350132125,0.004043259186434334,0.3372244609495356,0.0008971365368057871,0.11753842571602147,-0.015014747449920263,0.3806053418447788,-0.038234812174838484,0.4010498396725073
2022-01-09,160.52,0.012397209070520665,0.01619735858460003,-0.0021804136556193843,0.013830052329927733,-0.24289669600833474,0.01688263144779656,0.03157111174894944,0.01638425118365161,-0.14822846327193206,0.0015418639421878044,0.031382110752796066,-0.02200971841514998,0.0625324809252672
2022-01-10,158.66,0.00983234589688653,0.00983234589688653,-0.011029875204840556,0.011723181646287717,-0.3263872331938299,0.02580360519349756,-0.32624312744268735,0.02738560443715987,-0.39691494775204816,0.014877725954871801,-0.30155712736825957,-0.007802848859194911,-0.27937182592629595
2022-01-11,159.01,-0.004716684485252531,0.0022011194264512923,-0.007420916923463805,-0.0022011194264511813,0.677911080241067,0.017495754983965384,0.2063920074649379,0.022495440538329747,0.09650771400307301,0.012955160052826598,0.1930691769625279,-0.007965956019536757,0.23180852621264303
2022-01-12,158.29,0.006443868848316381,0.007328321435340124,-0.0032099311390484386,0.004548613304693916,0.0878582976280411,0.015553730494663798,0.2454115754601185,0.023873902331162933,0.22001949906603224,0.017802767073093362,0.2860532754660565,-0.00041485038010302677,0.31678100145171917
2022-01-13,159.81,-0.010887929416181774,0.004255052875289378,-0.014079219072648752,-0.009511294662411629,-0.3882179231480333,0.00021275264376630076,-0.2568486179325987,0.011332206995806171,-0.24764110148515195,0.007943808272322883,-0.2253628131794737,-0.007442170911289625,-0.19990335441157836
2022-01-17,156.73,0.01148471894340597,0.01148471894340597,-0.004402475594972199,0.019651630192050185,-0.02576675785909177,0.016129649716074335,-0.192118226869892,0.028801122950295355,-0.21806899205834362,0.027336821285012025,-0.24598078408502644,0.014732342244625496,-0.21676088873038135
2022-01-18,162.0,-0.02709876543209866,0.013518518518518485,-0.0310493827160494,-0.03253086419753093,-0.21981899567314167,-0.021604938271603036,-0.32801991044756207,-0.008475308641976653,-0.3780734868878973,-0.006308641975309115,-0.4590672127375076,-0.016868312757200687,-0.3894271660187759
2022-01-19,162.0,-0.011604938271604914,0.014382716049382793,-0.011604938271604914,0.0,0.3045834986640048,-0.017481481481479544,-0.08389065164437848,-0.009382716049384232,-0.1438769004538819,-0.005030864197531404,-0.271687192363413,-0.014841563786007428,-0.19681048930316347
2022-01-20,162.62,0.002336735948837765,0.016787603000860907,-0.00319763866683076,-0.0038125691796827565,-0.009296266062945646,-0.017550116836795415,-0.025025746766310752,-0.014518509408438351,-0.13826990537409733,-0.007520600172180925,-0.2607838585343397,-0.01649653589144351,-0.1954527898889563
2022-01-23,161.3,0.013205207687538634,0.01748295102293862,-0.015995040297582253,0.00818350898946063,-0.26580261749995926,-0.004141351518906822,-0.2255867471030235,-0.006584004959703904,-0.34479378765065816,0.001624302541846978,-0.4428757131389457,-0.006342219466831223,-0.403531086555837
2022-01-24,159.54,0.005703898708787847,0.011031716184029206,-0.010373574025322796,0.011031716184029206,0.5845610730630768,0.008712548577161527,0.31544384711004936,0.003472483389744152,0.1315826126418138,0.013050018804061203,-0.06807704692276251,0.006286824620785669,-0.03169012002554228
2022-01-25,158.15,-0.00512171988618404,0.008978817578248366,-0.011191906417957753,0.008789124249130476,-0.12491854707691763,0.021131836863738984,0.12082621773112345,0.011672462851721743,0.002504832071787755,0.0211855833069865,-0.1619795360183729,0.015991147644641934,-0.1458094539404753
2022-01-26,159.13,-0.002513668070131425,0.013919436938352403,-0.0034562935964305153,-0.006158486771821736,0.1786323221691113,0.010004398919124746,0.24660238099667486,0.005121598692891194,0.16781607968079593,0.013422987494500882,0.014011970260493056,0.009834726324389642,0.013245435619459789
2022-01-27,160.5,-0.011775700934579358,0.002803738317757043,-0.019813084112149548,-0.008535825545171405,-0.04318923475230618,-0.0021931464174436144,0.156641971064426,-0.003383177570094764,0.1379984818424076,0.0031962616822427403,-0.010097570115782939,0.0013977154724826857,-0.029087638966522444
2022-01-30,160.45,-0.006855718292302915,0.0012464942349643682,-0.009847304456216843,0.00031162355874103653,0.11044428283478513,-0.004524774072917737,0.2514980537056084,-0.0016952321595524733,0.29810832489093086,0.002801495793081532,0.12018391259792005,0.002050483016516891,0.07947676364727685
2022-01-31,159.74,0.006573181419807117,0.009765869537999183,-0.012582947289345281,0.004444722674345591,0.36059836389447675,-0.001164392137221082,0.5023876408740897,0.0031426067359445753,0.7318616170509904,0.006278953299110546,0.5497651442083147,0.006366595718042767,0.4565194727598738
2022-02-01,162.6,-0.015129151291512932,0.0014760147601475815,-0.019249692496924986,-0.01758917589175879,-0.1686364808996197,-0.018487084870846604,0.16738926409789978,-0.012650676506766212,0.3775298561270053,-0.012392373923739486,0.26834991896808336,-0.01086715867158583,0.1313171754589051
2022-02-02,164.14,-0.013159497989521096,0.005117582551480426,-0.015352747654441168,-0.009382234677714152,-0.2783694026908289,-0.022273668819298598,-0.21769060642460547,-0.0215486779578421,-0.06826946705641168,-0.021923358108931534,-0.09281095058857936,-0.019184842207870312,-0.1888381913659486
2022-02-03,161.53,0.009905280752801282,0.01832476939268246,-0.0007428960564601628,0.01615798922800704,0.1690160918334378,-0.00027239522069999467,-0.054437059263057974,-0.004414040735468472,0.08558613235180057,-0.006141274066737146,0.0669593315279291,-0.0020202645535390973,-0.038612007519976066
2022-02-06,160.32,0.009668163672654773,0.012131986027944075,-0.004054391217564901,0.007547405189620715,0.3933833637509314,0.008557884231539026,0.30091495388841416,0.002420159680637468,0.4824647833881348,0.0009543413173649373,0.4976011851666622,0.00597139055223006,0.3516792038178129
2022-02-07,159.96,0.007251812953238179,0.00818954738684674,-0.0019379844961240345,0.0022505626406601476,0.27366737066275393,0.010665166291574879,0.5729681347853757,0.00406351587896836,0.7214699264002888,0.0024506126531631534,0.9107340025752668,0.008281236975911543,0.7268022659655358
2022-02-08,159.6,0.004761904761904967,0.006484962406015038,-0.0020676691729322183,0.0022556390977443996,-0.3746884153553669,0.013220551378448242,-0.04700337501006302,0.006591478696740483,0.02294053170342014,0.004536340852130172,0.17618775583505175,0.010135756056809608,0.08185355965510888
2022-02-09,157.17,0.012216071769421744,0.014824712095183656,-0.0033002481389577953,0.015460965833174356,0.1480275206399111,0.025068397276835963,0.10872017763177366,0.023076923076921663,0.13692517932664638,0.020366482153082677,0.3226843088900062,0.025066276431041645,0.2521603325059927
2022-02-10,156.29,0.01100518267323558,0.014650969351845955,-0.004542837033719271,0.00563055857700423,-0.24638632813906403,0.021920788278202652,-0.2382090400517084,0.027583338665300383,-0.1651789648379569,0.025523066095079594,-0.00370889989387424,0.029340755433276744,-0.050330821064879405
2022-02-13,156.74,-0.00382799540640566,0.0020415975500829298,-0.021571392114329457,-0.0028709965548042726,-0.014762719127431323,0.012300625239251461,-0.2415963140868128,0.02194717366339005,-0.1792141738150631,0.02194079367104762,-0.0037356853038232885,0.0250074433244023,-0.05231232276810327
2022-02-14,156.82,0.0060579007779622,0.015941844152531637,-0.004527483739318883,-0.0005101390128808836,0.4223830883626025,0.007218467032268361,0.1700910912403537,0.019060068868765434,0.1813181943569111,0.02044063257237605,0.4077891562366214,0.023030650852358336,0.3687233636470253
2022-02-15,158.01,-0.007467881779634089,0.004873109296880118,-0.011011961268274084,-0.00753116891335992,-0.28514337350794383,-0.004341497373582026,-0.12897496991090707,0.00953737105246355,-0.1514981856373585,0.01278400101259436,-0.0168839743966831,0.014043414973736956,-0.031071770698569368
2022-02-16,159.82,-0.009010136403453828,0.003472656738831237,-0.01545488674759099,-0.01132524089600806,0.17541127612374008,-0.01760730822174761,0.05514505541259851,-0.004767863846828924,0.019506642774029137,6.569891127550243e-05,0.1254562577740026,0.0014203478913787926,0.13914957216751667
2022-02-17,159.9,-0.00250156347717323,0.007254534083802389,-0.006754221388367787,-0.0005003126954347126,-0.01704903645937661,-0.014784240150092054,0.05929368755905884,-0.007967479674798161,-0.02948991550082547,-0.001116322701688266,0.08844839567407292,4.169272462828388e-06,0.11396147805362622
2022-02-21,157.93,0.013803583866270008,0.01867916165389727,-0.008041537389982922,0.012473880833280493,-0.01425897338374682,0.0020768694991470937,0.013150452879381769,0.0033749129361095864,-0.05429740581115028,0.010482492243399255,0.05558328323889672,0.01185968467042442,0.10014333305092182
2022-02-22,155.96,0.015003847140292459,0.016927417286483726,-0.00230828417542972,0.012631443959989719,0.3039269964847833,0.01626057963580574,0.2798621332364526,0.014516542703255864,0.26100948619108566,0.02216593998461147,0.32326213097278766,0.023612892194580626,0.44556505249816425
2022-02-23,151.76,0.02556668423827091,0.02780706378492348,-0.007907221929362107,0.027675276752767708,-0.5227859898533846,0.04325250395361291,-0.395110167893324,0.03995782814970861,-0.3889154894765514,0.049275171323142075,-0.38029923835341195,0.05094008082938051,-0.314674834188191
2022-02-24,158.24,-0.03734833164812945,0.00442366026289176,-0.037853892821031354,-0.040950455005055675,0.48247414030228764,-0.007368554095043667,-0.016891991334594847,-0.007583417593530206,-0.036893067236059784,0.004287790697674598,-0.06756219674719122,0.006450117964274638,0.02043978957292092
2022-02-27,155.89,0.0025659118609275833,0.008339213548014701,-0.013278593880300171,0.015074732182949635,0.0228198737731502,0.005568028738214936,0.027263767606389377,0.008063378022963752,0.006240458988270303,0.019141702482520007,-0.04753774705121172,0.02145743793700783,0.05041776471691084
2022-02-28,153.31,0.00652273172004425,0.013632509294892792,-0.006327049768443005,0.016828647837714428,0.04297048694992678,0.01725914813123941,0.08599280268104481,0.024766812341007194,0.04150047690178438,0.03478898962885668,-0.01157419215436406,0.038125366903660085,0.10404877263158019
2022-03-01,153.79,-0.005396969894011172,0.008388061642499611,-0.007737824305871666,-0.0031211392158136952,0.360096568351284,0.008075947720920018,0.4813891076541743,0.01933805839131142,0.39755699219759255,0.029237921841472225,0.34240644286446176,0.03347638554739252,0.48854313883249545
2022-03-02,154.36,-0.0038222337393106764,0.009717543405027174,-0.0038222337393106764,-0.0036926664939104237,-0.17982446663525353,0.0015418502202659834,0.21065904126202994,0.013611039129306723,0.13888691978897993,0.023509976677895894,0.0998497161476497,0.029025222423772146,0.19903541691243154
2022-03-03,155.14,-0.013020497615057303,0.0013213871342014905,-0.01669459842722687,-0.005027716900863566,-0.13756002514898646,-0.0001418073997661029,-0.08768549229418765,0.006162176099006045,-0.03935822166294434,0.015708392419750306,-0.05206786406769115,0.022210046839414854,0.008489322329262805
2022-03-06,152.84,0.010795603245223884,0.01099188694059161,-0.011155456686731346,0.015048416644857232,0.0316740460488254,0.010847945563990269,-0.0642165183446477,0.01824129808950392,-0.0004018050598850742,0.02804894006804526,-0.03299793455314537,0.03609657157812185,0.031837264552452504
2022-03-07,146.79,0.0367191225560326,0.0419647114926085,-0.0014306151645205878,0.04121534164452623,-0.12007464770766474,0.04835479256080322,-0.182773258376012,0.05539886913277314,-0.11715477746800074,0.06746031746031789,-0.15218728900128387,0.07657878602084711,-0.10090712242354338
2022-03-08,148.77,0.000403307118370666,0.011427035020501464,-0.006452913893930323,-0.013309134906231201,0.35108931957737255,0.025636889157762077,0.1383664564583067,0.03386435437251967,0.21179286786912566,0.04870605632856084,0.1673808105538206,0.05899935022742131,0.189535421637123
2022-03-09,144.94,0.01973230302194029,0.02304401821443358,-0.006899406651028062,0.02642472747343727,-0.23608724678205695,0.04581206016282802,-0.110155439020994,0.05622326479922579,-0.0659335407415248,0.07255761004553629,-0.09740357666345523,0.08450623246400935,-0.09970503906182793
2022-03-10,143.22,0.015221337801982981,0.02052785923753664,-0.0013266303588883588,0.012009495880463517,0.30128676434270485,0.04521714844295688,0.20789605520405607,0.06414606898477704,0.16011315600892218,0.08032048596564745,0.1826304453789127,0.09445608155285679,0.16455176528021487
2022-03-13,145.05,-0.004136504653567852,0.006825232678386639,-0.011685625646329023,-0.012616339193381676,-0.11031647522836119,0.015594622543952275,0.035634393055237856,0.040365391244396864,0.009774703526544526,0.06188210961737339,0.05250060453540928,0.07699184189360109,0.02771987992826097
2022-03-14,150.27,-0.02169428362281245,0.0017967658215212179,-0.022492846210155237,-0.034737472549411064,-0.18463428391840198,-0.030052572036998293,-0.1639668030592617,-0.0029879550143093736,-0.18387494535935878,0.021255074199773905,-0.14882693837354644,0.03615270291253636,-0.16725204239124158
2022-03-15,149.76,0.005775908119658224,0.013521634615384581,-0.011485042735042694,0.0034054487179489,0.4138863916997244,-0.022102029914528032,0.18932579366348734,-0.001622596153847633,0.1749880262774901,0.02257278311965849,0.20560561995658055,0.03741542022792177,0.18328883262634443
2022-03-16,150.23,-0.0015975504226850568,0.0015975504226852788,-0.011515675963522543,-0.0031285362444252174,0.15072189118100887,-0.02384344005857486,0.3640780938954875,-0.007428609465487845,0.36536836070641465,0.01702389669173976,0.3893946770393901,0.03195544609376899,0.3651052451229899
2022-03-17,150.15,0.004795204795204677,0.004795204795204677,-0.012720612720612645,0.0005328005328004704,-0.6119039398981518,-0.016277056277054447,-0.5121981234591012,-0.009650349650351386,-0.4794611575374268,0.01497502497502512,-0.4714848826520385,0.029759129759130865,-0.47355810937100684
2022-03-20,150.72,-0.0018577494692144647,0.00464437367303594,-0.00985270700636931,-0.003781847133757954,1.2299550470905727,-0.010801486199573551,0.3294814458617694,-0.01670647558386562,0.25923701135368704,0.007928609341826043,0.2329421683544548,0.022770700636943753,0.19794532559988398
2022-03-21,151.88,0.010205425335791496,0.01133921516987102,-0.008954437713984631,-0.007637608638398685,-0.04862782635407181,-0.01089017645509438,0.23665554958256063,-0.025612325520148915,0.178297056532567,-0.0027916776402421295,0.16527002583624983,0.012586691247477466,0.13044595872051135
2022-03-22,150.82,0.009149980108738909,0.01452062060734649,-0.000861954647924601,0.007028245590770421,0.31816460427024973,-0.0018034743402713937,0.5405894618487543,-0.015389205675641171,0.5129660457032228,0.0022112451929454657,0.5279964461283857,0.017838040931796417,0.4953054187503785
2022-03-23,151.08,-0.0012576118612657172,0.003177124702144596,-0.00608882711146419,-0.0017209425469950634,0.31615987407488655,-0.0021180831347612505,0.9621449999321936,-0.01572676727561706,0.9553290129053733,-0.0012145882975905797,1.0022725428864612,0.014069808489984403,0.9718930378838833
2022-03-24,152.83,-0.00785186154550821,0.007132107570503088,-0.00863704770005902,-0.011450631420532598,-0.16731884359442206,-0.012432114113719472,0.5624892475994063,-0.022979781456521797,0.5287547026275281,-0.012873781325655753,0.578680391702376,0.0005997949791716195,0.6163959762611826
2022-03-27,153.88,-0.0015596568754874252,0.0001299714062907853,-0.008123212893163534,-0.006823498830257235,0.19218131644407244,-0.01568754873927547,0.3704448641146978,-0.023401351702626916,0.774408480656172,-0.021367299194177014,0.8369709745744698,-0.007167923056926373,0.9114075727702236
2022-03-28,155.46,-0.0005789270551910253,0.0064968480638105675,-0.009262832883056737,-0.010163386080020653,-0.24974465874287755,-0.021626141772801644,-0.06762591814762231,-0.027646983146791815,0.26515100396425706,-0.0319599897079631,0.33890253406262993,-0.017775204768642583,0.4039301053662183
2022-03-29,154.39,-0.012241725500356182,0.0002590841375738062,-0.015868903426387693,0.00693050068009593,-0.023544412036813567,-0.01020791502040097,-0.1466298053656171,-0.017546473217178726,0.16399185189453158,-0.02455469913854469,0.28429248155074927,-0.011244251570696417,0.34879308826381794
2022-03-30,152.8,0.008507853403141308,0.010078534031413566,-0.002617801047120505,0.010405759162303463,-0.23334826531455521,0.0047643979057609975,-0.3391958670469126,-0.004293193717278987,-0.12260481315634453,-0.014208115183245607,-0.017595712695239407,-0.0014856020942395354,0.030164092171136136
2022-03-31,155.09,-0.010123154297504655,0.0023857115223417935,-0.019537043007286092,-0.014765619962602283,0.31274874277965714,-0.00785350441678867,-0.01636403814350529,-0.017338319685345382,0.17852372145231743,-0.029266877297052907,0.2904109337378402,-0.01734906613364151,0.34203171868958737
2022-04-03,154.08,-0.0017523364485981796,0.0017523364485980686,-0.018302180685358382,0.00655503634475596,-0.0416200421327243,0.0015835929387346681,-0.03410818093473367,-0.007690809968849077,-0.032869883379836984,-0.022919911734163634,0.21252945377157628,-0.01193103149878727,0.274033340248089
2022-04-04,154.62,-0.006532143319104788,0.017785538740137108,-0.006984866123399436,-0.0034924330616995514,-0.21703868983452024,-0.0016556719699892808,-0.197801285714995,-0.008983313930929104,-0.2551286825667992,-0.025931315483119555,-0.06620172590734796,-0.016636485146378943,-0.011501166380810002
2022-04-05,156.83,-0.015398839507747342,0.002933112287189843,-0.01845947841611939,-0.014091691640630066,-0.13863314130739046,-0.01679525600969045,-0.2637757088364011,-0.021201300771537812,-0.3543300831527145,-0.03716125741248455,-0.20614825177154938,-0.031197262428530603,-0.15051528630879374
2022-04-06,158.86,-0.00623190230391546,0.003336270930378804,-0.011897268034747666,-0.012778547148432629,0.2895631843704669,-0.026287296991059805,0.0395487425769907,-0.02992572076041966,-0.11870492382425668,-0.04692811280372622,0.03707966760942316,-0.04339460321456923,0.1081000511970045
2022-04-07,160.1,-0.002498438475952547,0.0026858213616489657,-0.007370393504059991,-0.007745159275452718,0.1396585519971285,-0.026258588382259584,0.16326305986505507,-0.03257963772642258,0.048815535040518165,-0.04996252342286034,0.16263452723793015,-0.04932542161149167,0.2283649246896693
2022-04-10,159.49,0.0028841933663550368,0.010784375195937113,-0.005392187597968556,0.003824691203210051,-0.018337674315889285,-0.016251802620852462,0.15176534012301968,-0.02432127406107143,0.04578376385920935,-0.04103705561477167,0.13286489422508585,-0.04530064580851334,0.19056735884228915
2022-04-11,159.01,0.0018866737941010125,0.010188038488145423,-0.001949562920571024,0.0030186780705616645,-0.1472162419914259,-0.0064775800264118555,-0.013186329282408704,-0.017847934092196982,-0.0815250310912764,-0.03360166027293843,-0.04641858682965072,-0.04166404628639586,0.003707033789984937
2022-04-12,159.46,-0.002383042769346533,0.005957606923366221,-0.004703373886868145,-0.002822024332120976,0.376116913205387,-0.003775241439858079,0.34152426519545065,-0.01839332748024758,0.29400010137732147,-0.033588360717421106,0.2879728766119851,-0.04317697228144879,0.37429137823992953
2022-04-13,158.57,0.008891971999747783,0.010910008198272259,-0.0007567635744466505,0.005612663177145816,-0.3277711820939909,0.00513337957999771,-0.1913684475354488,-0.00968657375291837,-0.1369479118042357,-0.025105631582266308,-0.1448271570746864,-0.03661474427697431,-0.0798492665639482
2022-04-17,157.06,0.009041130778046469,0.012224627530879939,-0.0033745065580033096,0.009614160193556653,0.29363563479761234,0.01442760728384207,0.07645739352981007,0.003508213421620665,0.12091312859743608,-0.013077804660639125,0.12121700599850271,-0.026459102678380808,0.19230193269617546
2022-04-18,159.41,-0.01656106894172249,0.0038893419484349323,-0.01950944106392316,-0.014741860611003021,-0.23585294150421776,-0.004341007465025748,-0.17770490948009943,-0.010049557744183257,-0.13976150328578474,-0.02545950693181076,-0.20296769121828806,-0.04040942642661349,-0.0999025247577745
2022-04-19,163.65,-0.019248395967002785,0.005071799572257785,-0.02230369691414613,-0.025908952031775234,-0.2254853682158663,-0.030235258172928492,-0.3290155426693965,-0.032441185456768995,-0.3150488249212323,-0.0480537732966696,-0.3779812722970737,-0.0639331907526215,-0.3044220949952392
2022-04-20,162.61,0.007441116782485491,0.014082774737101067,-0.0011069429924359664,0.006395670622962868,0.08866650771789542,-0.01832605620810379,-0.20599957226906995,-0.02069983395855257,-0.22716318831873872,-0.03834635016296639,-0.3073254260412541,-0.05449029374987091,-0.2403314142386851
2022-04-21,161.25,0.012341085271317942,0.014077519379845027,-0.002108527131783,0.008434108527131778,-0.002497032211449257,-0.006139534883719433,-0.12026435631099996,-0.008855813953489555,-0.2239704335197258,-0.026579844961240107,-0.2886394300397501,-0.043654780361756185,-0.23398626456548877
2022-04-24,162.55,-0.0052291602583821595,0.004552445401414751,-0.016917871424177222,-0.007997539218702054,0.34384836462108326,-0.010790525992001143,0.22753682679811527,-0.015312211627193095,0.07863972714104972,-0.03123654260227615,-0.0069261145366378285,-0.047958576848148415,0.03020800294652548
2022-04-25,159.79,0.01808623818762145,0.024094123537142575,-0.00025032855622997285,0.01727267037987379,-0.10074117072411037,0.013167282057702234,0.1283860600440314,0.0032292383753662612,-0.01790793832007731,-0.011461918768383206,-0.09449088193331201,-0.027481903331454838,-0.07400275308531534
2022-04-26,159.36,0.005333835341365445,0.013114959839357176,-0.0015687751004016537,0.002698293172690658,0.15018889119337286,0.016378012048194,0.2940796426678107,0.006124497991966349,0.1534421217516586,-0.006940261044176443,0.0676758899810761,-0.02177459839357343,0.06410786544044433
2022-04-27,163.41,-0.01756318462762385,0.0018358729575913557,-0.025335046814760287,-0.02478428492748297,-0.2743161329330063,-0.014062786855148057,-0.1348444220417112,-0.018597393060401535,-0.16797761330963001,-0.0303592191420351,-0.21923430780925768,-0.04416498378312139,-0.2385851556681995
2022-04-28,160.55,0.011958891311117936,0.014948614138897476,-0.0021800062285893818,0.017813765182186136,-0.12490855073861673,0.00449704142011953,-0.24398736265688803,0.0013453752724994494,-0.233729571161016,-0.010277172220491959,-0.3001709074117006,-0.024303955154156953,-0.32617303400461617
2022-05-01,158.38,0.02033084985477962,0.02285642126531129,-0.013827503472660707,0.013701224902134213,0.027571387984335338,0.017375931304459025,-0.1990328486209476,0.01631519131203296,-0.1852580224750927,0.0057298901376439115,-0.2659098169690456,-0.0087637327945439,-0.29267565120376604
2022-05-02,156.21,0.012867294027270937,0.017796555918315082,-0.007681966583445443,0.013891556238396996,0.0007371414495651596,0.026169899494272064,-0.133383004582748,0.03127840727226028,-0.14292188562812946,0.020754113052941836,-0.24309006022034774,0.006762264473039403,-0.3086489362154645
2022-05-03,157.36,-0.009722928317234425,0.0012074224707676606,-0.014044229791560836,-0.007308083375699104,0.33110641787118955,0.014120488052874025,0.2198199250854589,0.021708185053379347,0.17235063289249708,0.013971148957803825,0.03552923386318452,0.0005677003897652799,-0.06512599170144129
2022-05-04,154.46,0.011912469247701729,0.01835426647675753,-0.008545901851612192,0.018775087401268875,-0.05429586553480559,0.03057102162372316,0.17831852790719882,0.036818593810693745,0.07918370674972874,0.03389550692736032,-0.01997789378184267,0.020536061116147364,-0.11394306660038256
2022-05-05,156.0,-0.007884615384615268,0.0015384615384614886,-0.013653846153846128,-0.009871794871794792,0.12490341908750957,0.00892307692307881,0.2956169377868336,0.021358974358972604,0.19825404161343663,0.022929487179487618,0.09786064722764198,0.011239316239317176,0.00898144989374039
2022-05-08,155.61,-0.010603431656063256,0.007390270548165212,-0.018379281537176384,0.0025062656641603454,-0.14471826863183135,0.005603752972175746,0.03008486364211138,0.02054495212389762,0.00043958617265915656,0.024574256153203855,-0.05859014303176757,0.01482766745924713,-0.12493141906184768
2022-05-09,154.79,0.004909877899089254,0.011822469151754111,-0.005491310808191652,0.005297499838490927,0.14681835906238883,0.00735189611732201,0.13268879999226568,0.02146779507719976,0.16818896166046682,0.02855158601976937,0.09637924325317249,0.02080237741456248,0.019179130157045643
2022-05-10,152.61,0.009304763776947667,0.02155822030011123,-0.001703689142258158,0.014284778192778846,-0.03183018217424516,0.01988074176004373,0.021320855578823128,0.03278291068737138,0.126817764393939,0.0417043444073133,0.06985986186519422,0.03558307668785421,0.0006631482955798962
2022-05-11,151.99,0.010066451740246007,0.01065859596026053,-0.01388249226922833,0.004079215737877506,-0.19879977181165687,0.017790644121325583,-0.18335885366709026,0.03255477334034951,-0.08743119482970296,0.04384827949207226,-0.1403765982584234,0.03918240235103254,-0.19115530261012204
2022-05-12,153.62,-0.006769951829188825,0.0007160525973179954,-0.020830621012889017,-0.010610597578440295,0.6916255308772143,0.003775550058587873,0.4302112302819552,0.014164822288762702,0.5488775814411107,0.030341101419086636,0.4925109047430436,0.027635290543766677,0.39070576657518585
2022-05-15,155.12,-0.010636926250644718,0.005028365136668489,-0.019920061887570895,-0.009669932955131522,-0.049485596190916414,-0.008999484270240665,0.3048643859728455,-0.00010959257349307805,0.389136458108287,0.018782233109850832,0.40080900319712476,0.01787433384906345,0.31148492405223704
2022-05-16,154.68,0.002909231962761716,0.013382467028704381,-0.010408585466770148,0.0028445823635894207,-0.08267295200363556,-0.006814067752778263,0.11802831044083084,0.0006271011119713954,0.2069922837471989,0.021053141970520217,0.28451208750555756,0.02077622618739805,0.2042300354671709
2022-05-17,145.04,0.06639547710976279,0.0670159955874241,-0.0034128516271373366,0.06646442360728089,-0.32600243541793517,0.059045780474353826,-0.2658818449533418,0.06607832322117857,-0.22619919482100925,0.08728626585769494,-0.1414277585871262,0.08875942268799486,-0.18656708582363102
2022-05-18,141.7,0.0120677487649965,0.012138320395201019,-0.007762879322512295,0.023570924488355738,-0.0037817688024137652,0.0733239237826413,-0.22811229999646176,0.08251235003528401,-0.209665405114285,0.10634791813690936,-0.14745287901217863,0.11216890143495717,-0.18275095235359173
2022-05-19,141.79,0.0025389660765922084,0.004654771140419012,-0.0184075040552929,-0.0006347415191481076,0.2449343889052198,0.05812821778686961,-0.036654116051008434,0.07282601029691604,0.002882493592739177,0.09827209253120861,0.06347416400609807,0.10790605825516675,0.020886268066578895
2022-05-22,145.05,-0.015236125473974571,0.00399862116511529,-0.02047569803516025,-0.022475008617718117,0.09144124388550656,0.018035160289556762,0.11062281597699508,0.0389176146156478,0.10134482064082295,0.0668803860737679,0.14949046062622906,0.079083074801793,0.11842895974382461
2022-05-23,147.63,-0.018559913296755437,0.0020998442051074484,-0.01903407166565063,-0.017476122739280564,-0.010116963121236555,-0.01339836076678036,0.13167275300385728,0.013608345187290816,0.07069098426617093,0.04230847388742154,0.13888590892693609,0.05682675156359429,0.11215059059670152
2022-05-24,145.21,0.013084498312788462,0.013291095654569096,-0.011776048481509593,0.01666551890365664,-0.12294727875635059,-0.0066662075614613014,0.009531149037145248,0.02556986433441022,-0.06386748197499315,0.05549204600234181,-0.004556837333820063,0.07171682391019973,-0.020330118747021175
2022-05-25,146.48,0.0,0.006144183506280765,-0.00983069361004918,-0.008670125614418267,0.4410645754403071,-0.015046422719823593,0.4043053683831195,0.011626160567993704,0.3582435241746902,0.04151078645548911,0.4473237347118968,0.05928454396504712,0.41759109732391897
2022-05-26,148.72,-0.01176707907477137,0.0,-0.014053254437869866,-0.015061861215707406,-0.05415363946227014,-0.023453469607314092,0.19584534876970672,-0.0073157611619169005,0.2200313150496347,0.0201317912856378,0.33904206301158557,0.04042047695893913,0.3433380549174414
2022-05-30,147.88,-0.003989721395726287,0.007505409791723094,-0.011626994860697959,0.005680281309169644,-0.5144487154097913,-0.00853394644306027,-0.4476690469945157,-0.004990532864486585,-0.40476499923451215,0.021926562077360323,-0.36838172067994013,0.044110089261564234,-0.3525119345916006
2022-05-31,145.64,0.016204339467179363,0.017028288931612234,-0.006385608349354421,0.015380390002746491,0.7647587947883199,0.010601483109037746,0.1248844734013812,0.00534193902773783,0.14205917190374917,0.03403941224938234,0.12933034652152453,0.05806783850590569,0.17289700658409934
2022-06-01,147.21,-0.00842334080565188,0.0003396508389374997,-0.031112016846681745,-0.010665036342639933,0.08580325350144768,-0.0028802391141888872,0.21611442162186179,-0.01152095645676432,0.24818306508885613,0.01942123497045034,0.20070623857837777,0.04366551185381473,0.26910636579993263
2022-06-02,145.89,0.003221605319076115,0.00904791281102213,-0.005284803619165057,0.00904791281102213,0.3726907987832262,0.008883405305369019,0.5957276494064414,-0.0010898622249658763,0.6460603345280764,0.025166221125505706,0.6345250154638737,0.049352251696484606,0.71585083081251
2022-06-05,145.32,0.014106798788879882,0.015964767409853975,-0.005023396641893663,0.003922378199834764,-0.006401891268877802,0.012028626479495319,0.5441794061833312,0.00571153316817874,0.5308421467383526,0.02623864574731649,0.5872645595879351,0.04963299385264808,0.6722770212739686
2022-06-06,146.94,-0.022253981216823315,0.0016333197223357132,-0.023887300939158806,-0.01102490812576562,-0.034059146671220786,-0.0037566353613703862,0.43962204846074715,-0.0029740029944212987,0.41698295456855794,0.011290322580645329,0.5072445726646904,0.03444716664398273,0.5838887736804226
2022-06-07,145.11,0.008200675349734565,0.009094480049617326,-0.0008269588587968002,0.012611122596650759,0.125634548551117,0.007511542967405527,0.2772887115237359,0.0109020742884689,0.5442945669233317,0.021056439942112926,0.6551599192794284,0.0439069211862273,0.7671033462237868
2022-06-08,142.49,0.02049266615201062,0.030879359955084507,-0.0010527054530142799,0.01838725524598228,-0.05557744499584705,0.025293003017757165,0.09104101831357281,0.02772124359603989,0.3971333886777151,0.03643413572882315,0.5299106701907825,0.05966734507684812,0.6443984922294168
2022-06-09,141.95,-0.007467418104966539,0.008453680873547142,-0.017611835153222954,0.0038041563930963918,-0.3023596618361858,0.022543148996127194,-0.2947333645755492,0.029714688270515932,-0.07944896994173145,0.036812257837266715,0.044216835151473344,0.059736996595046055,0.1365023826713061
2022-06-12,138.15,0.009771986970684043,0.01693811074918572,-0.0037640246109301723,0.027506333695258567,-0.22427159357951754,0.04496561708288249,-0.40819130959403116,0.054759319580164556,-0.2750304083852869,0.061697430329352265,-0.207333792544106,0.08370852937628248,-0.12881754629624753
2022-06-13,133.84,0.027420800956365676,0.027943813508667148,-0.009713090257023382,0.03220263000597723,-0.14335548861832104,0.06790197250448471,-0.41691223048283177,0.08082785415421201,-0.35370466932300304,0.09010759115361644,-0.30656858576043156,0.11302799362422866,-0.2606788146324679
2022-06-14,132.51,0.014564938495208013,0.018036374613236816,-0.022715266772319054,0.010036978341257274,-0.18027888135345427,0.058848388800847085,-0.4388846388562858,0.08108067315674106,-0.49023236827385797,0.09301939476265986,-0.41511494800440574,0.11802631247956197,-0.394979848165144
2022-06-15,133.32,-0.017176717671767094,0.01312631263126307,-0.020402040204020366,-0.006075607560756091,0.2573280893845149,0.03351335133513533,-0.1332794811018736,0.06466396639663774,-0.30598373197203255,0.07806405640564096,-0.235351251558355,0.10530803080308093,-0.2329880133001655
2022-06-16,132.36,0.0015110305228165366,0.014354789966757098,-0.007026291931097051,0.0072529465095192425,-0.43416689996434943,0.027153218495015174,-0.4504865418060975,0.06189181021456425,-0.5885847341566331,0.08145587790873421,-0.5672610250174002,0.10727057519895289,-0.5622744528548478
2022-06-20,136.37,-0.012832734472391305,0.004619784410060834,-0.021558993913617375,-0.02940529441959372,0.8978927175021094,-0.017115201290604842,0.2753953192497385,0.020745031898509625,-0.08174170923063684,0.046230842560680996,-0.1375679215829273,0.06930898780279193,-0.13635721987554794
2022-06-21,138.5,-0.02036101083032482,0.008592057761732885,-0.020433212996390004,-0.015379061371841085,0.07670722332303481,-0.03480144404331964,0.38439358815239655,-0.001415162454875274,0.03963399183867633,0.028184115523466113,-0.06406865886006552,0.0481395908543929,-0.06329430749232623
2022-06-22,142.3,-0.02283907238229088,0.0012297962052001399,-0.023893183415319763,-0.026704146170063336,0.3047578213440283,-0.054026704146168614,0.7562700532801456,-0.034012649332398115,0.41031475139307694,-0.001574139142655917,0.23082435905066068,0.01614195361911519,0.22131127406302742
2022-06-23,144.35,-0.0010391409767925852,0.006158642189123764,-0.0085209560096986,-0.014201593349497665,-0.6698396940223403,-0.05389677866297038,-0.4793711110773903,-0.04967786629719606,-0.5238308676645593,-0.017599584343608754,-0.5956595836504311,-0.0011730747026895694,-0.5985355433777412
2022-06-26,143.25,0.006073298429319474,0.01054101221640491,-0.0037696335078533094,0.0076788830715532885,2.460096459497192,-0.031232111692843012,1.1487539432064362,-0.041082024432811726,0.911251976497742,-0.01035602094240795,0.4989308046027745,0.004574752763235379,0.4588063697867981
2022-06-27,140.92,0.018592108998013,0.022495032642634305,-0.002412716434856521,0.016534203803576508,-0.07897080570407822,0.00024127164348741736,0.602202756043301,-0.0243045699687785,0.743704382119668,0.004860913993755878,0.3798702827269693,0.019117229633835775,0.3218429127774243
2022-06-28,142.2,-0.00421940928270037,0.004641350210970563,-0.007383966244725593,-0.009001406469760886,0.17889533452299933,-0.0023628691983107464,0.7760952134692753,-0.03113924050633088,1.0083137278092331,-0.00692686357243244,0.6274107837532916,0.006966713548993031,0.5610506164579727
2022-06-29,143.79,-0.014604631754642106,0.004520481257389353,-0.017803741567563813,-0.011057792614229123,-0.30170719042025806,-0.008248139648096342,0.15386666997737208,-0.03603866750121876,0.33754079454770003,-0.019883162945962374,0.0875424611459934,-0.0071632241463235324,0.08648789577323668
2022-06-30,146.11,-0.012798576415029794,0.0009568133597972484,-0.018547669564027203,-0.01587844774484992,0.24810627433160004,-0.021956060502359875,0.4735569636925454,-0.043624666347274466,0.5891408260878208,-0.03607898158921319,0.3605203884365087,-0.02541236055026974,0.36111187278214785
2022-07-04,144.7,-0.0008293020041463262,0.009675190048376026,-0.014892881824464466,0.00974429854872172,0.030570634132235153,-0.009993089149963885,0.04982749005097453,-0.025466482377334176,0.5726988880802109,-0.027066344160331268,0.39740150217397074,-0.015669200645011983,0.38119692182378295
2022-07-05,146.05,-0.0036973639164671335,0.009859637110578579,-0.007394727832934045,-0.009243409791167556,0.05036546907501349,-0.017158507360491404,0.10790204834427208,-0.026025333789799876,0.4449353485014864,-0.036466963368708916,0.4772668955265842,-0.024083076571949524,0.4268592862776972
2022-07-06,146.0,-0.004863013698630181,0.0013013698630137682,-0.009589041095890427,0.00034246575342478103,-0.1718906241436563,-0.009794520547943497,-0.10111857073211905,-0.01906164383561848,0.14323590598914793,-0.03588698630136944,0.22887784498599872,-0.02277625570776176,0.17001030040680742
2022-07-07,145.02,0.00668873258860847,0.012342435526134343,-0.0030685422700318377,0.006757688594676514,0.5424056809954503,0.0021376361881135786,0.45391729311577045,-0.007261067438976032,0.7225513759679678,-0.029695904013239183,0.915277642258342,-0.015954121270628674,0.8006629908361951
2022-07-10,146.04,-0.006094220761435176,0.003697617091207972,-0.009312517118597596,-0.0069843878389480585,-0.21684680210731377,-0.003177211722813933,0.024978858106113,-0.012332237743085894,0.3102786717729409,-0.036503697617090713,0.4992676615743139,-0.02342280653702089,0.39248495112363746
2022-07-11,144.75,0.007668393782383598,0.014991364421416131,-0.002625215889464516,0.008911917098445521,0.05356308402236243,0.005609671848015418,0.062431308440665134,-0.0023626943005199408,0.11227697820162241,-0.02669084628670071,0.5878006961000872,-0.014528497409325714,0.44955640303967037
2022-07-12,145.7,-0.00885380919698009,0.00864790665751558,-0.010226492793411035,-0.006520247083047326,0.02537841242033223,-0.0008785175017139712,0.06745813756880215,-0.007838023335623112,0.13234618163362732,-0.03207618393960132,0.6140329552312205,-0.021349805536489574,0.48307244202161725
2022-07-13,145.27,-0.010394437943140544,0.0017897707716665323,-0.012416190541750027,0.00296000550698694,0.042831252066148906,0.0015970262270272872,0.09636162622579514,-0.0016107936945018997,0.1597935299673503,-0.026612514627933903,0.6474774133594074,-0.01914595810100661,0.5400645456842239
2022-07-14,145.07,0.0018611704694286857,0.00434273109533323,-0.006686427242021065,0.0013786447921693146,-0.22307039309184062,0.001971462052803963,-0.20427220160546766,0.0018818501413091493,-0.10382925176930924,-0.021331081546838937,0.23916513637280779,-0.018393419268857847,0.15635009164736235
2022-07-17,143.31,0.01137394459563179,0.012420626613634855,-0.0009769032168028824,0.012281069011234269,0.03589712383819843,0.014346521526761968,-0.11054329191018308,0.015079198939360161,-0.09060450394079933,-0.00492987230479347,0.2347805144072661,-0.0064708208312973525,0.19360756658173894
2022-07-18,144.04,0.0036795334629269316,0.0067342404887531515,-0.0027770063871147554,-0.005068036656484254,0.017473615105338514,0.0054151624548754995,-0.07601242132986696,0.007990835878920688,-0.07285888613506153,-0.006505137461815802,0.22577113008225425,-0.012408590206423264,0.2120384785076681
2022-07-19,141.55,0.017308371600141204,0.01886259272341917,-0.006428823737195555,0.017590957258919016,-0.31170347295403755,0.022098198516427026,-0.3469016015656665,0.025256093253265277,-0.35973822565515967,0.015097138820205025,-0.2209805333920073,0.004528435181915258,-0.16103731968393298
2022-07-20,140.77,-0.0012076436740784402,0.004191233927683502,-0.012928891098955897,0.0055409533281238765,0.03912034869910497,0.0218654542871366,-0.2356818763250279,0.027740285572207757,-0.29678055960613237,0.0225616253463099,-0.19280169122242752,0.009201771210722853,-0.11263674457010786
2022-07-21,143.02,-0.015801985736260793,0.0010488043630259014,-0.01643126835407649,-0.015732065445392296,0.5700855156235771,-0.0005034260942510249,0.3301473274997855,0.007914976926301831,0.13598489958309679,0.0072682142357713975,0.2667618141812118,-0.008113084417096905,0.414595778619419
2022-07-24,143.99,-0.008264462809917328,0.0029863184943397236,-0.010139593027293614,-0.006736578929092296,0.005833943826982768,-0.010084033613443788,0.3009733501706058,-0.00026390721578095633,0.1615903430831782,0.000732689770123196,0.26345587865001563,-0.01527883880824954,0.4286964701589755
2022-07-25,144.27,-0.010951687807583044,0.0015249185554861988,-0.017744506827476303,-0.0019408054342552328,-0.021127623862220224,-0.011062590975252973,0.2442677070995818,-0.00362514729327168,0.1329366106176466,-0.0013343037360502574,0.10488647920247218,-0.01684341859014238,0.4024511300303657
2022-07-26,145.64,-0.012084592145015005,0.00391375995605614,-0.014487778082944103,-0.009406756385608173,-0.022603331254556824,-0.020049436967864098,0.19549100641269246,-0.01332738258720334,0.11044276122130237,-0.010378330129084956,0.07770498524553493,-0.025560743385515505,0.36313691622288125
2022-07-27,148.06,-0.012967715790895729,0.003714710252600284,-0.020126975550452397,-0.01634472511144136,-0.22705435534928164,-0.0305416722950137,-0.1640733451148344,-0.029494799405648364,-0.1357235680381692,-0.02495947588815317,-0.1712103349295745,-0.0398014318519504,0.03934574958337289
2022-07-28,138.91,0.01814124253113536,0.02584407170110148,-0.004895255921100072,0.06586998776186026,-0.6193751090548678,0.043812540493846974,-0.694604807625341,0.03644086098912758,-0.6590072661165576,0.041375710891944806,-0.6793504159838089,0.026859117414154587,-0.6095066175019774
2022-07-31,142.9,-0.03191042687193846,0.007277816655003377,-0.03240027991602512,-0.027921623512946137,0.4848830745160435,0.008915325402381047,-0.33362702081576145,0.0031910426871917252,-0.3949357217422965,0.010591322603219488,-0.47905796786615307,-0.0003195707954265492,-0.40290157704453955
2022-08-01,141.95,0.008171891511095541,0.012502994011976076,-0.0012870729129974556,0.006692497358224747,0.6797903508726286,0.014131736526948213,0.31490774048135295,0.009616061993658054,0.10367298247804979,0.016224022543149363,-0.08054508079320621,0.008620406246332424,0.015927629432194168
2022-08-02,144.88,-0.022225289895085543,0.0026918829376036957,-0.02740198785201542,-0.02022363335173938,0.10038572966154358,-0.009580342352289661,0.509134788387501,-0.012244616234126537,0.23724232875419138,-0.005276780784096768,0.02448315264444223,-0.009571139333700018,0.0708414430818125
2022-08-03,144.65,0.0013826477704803608,0.012512962322848376,-0.004424472865537599,0.001590044936052415,0.11205267258477325,-0.009056342896645142,0.7210530990384871,-0.008371932250260894,0.3460978505557286,-0.004099550639474314,0.15010692363605016,-0.00603525751814582,0.17882777038721964
2022-08-04,144.72,-0.006702598120508552,0.0008291873963515162,-0.01347429519071297,-0.00048369264787173627,0.33719118181941243,-0.014248203427305817,1.2581173536376151,-0.0061705362078512405,0.7522815027182943,-0.005047678275289846,0.5324719798028403,-0.0050995024875606365,0.5599464040546851
2022-08-07,145.27,-0.0016520960969230725,0.008260480484614696,-0.0037172162180768575,-0.0037860535554485875,0.020766565617645227,-0.009981413918907611,0.6759288572695015,-0.008762993047430445,0.7727945844915194,-0.008917877056515255,0.5674859563551127,-0.008310961198686129,0.5786870728788305
2022-08-08,144.93,0.004415924929276116,0.006968881529013871,-0.0030359483888773298,0.0023459601186779366,0.1282218578196288,-0.004388325398466231,0.4833675526477099,-0.005554405575106891,0.9806231183777077,-0.006858483405781879,0.7559517218525398,-0.0057729018606668125,0.655786165071693
2022-08-09,146.3,-0.002802460697197695,0.0013670539986327945,-0.0062200956937801255,-0.009364319890635686,-0.14308558358634582,-0.009637730690360113,0.11953934628401242,-0.014415584415585991,0.6670951505191101,-0.016097060833902832,0.4914808751834574,-0.01470038733196477,0.4070800990389978
2022-08-10,145.26,0.01067052182293815,0.01397494148423517,-0.0023062095552800477,0.007159575932810247,-0.22050984060553436,-0.0005920418559799412,-0.20021197734116403,-0.006904860250586675,0.2850642632939284,-0.008846206801596757,0.15894855241745187,-0.0064114920372648765,0.08863824179613666
2022-08-11,146.67,-0.005181700415899604,0.0004090816117816587,-0.011658825935774053,-0.009613417876866426,0.1817241108307064,-0.009367968909795188,-0.06163963746549728,-0.018360946342130036,0.4955447265868427,-0.018377991409285865,0.38034646701918806,-0.015267834821934056,0.2916290647332762
2022-08-14,148.56,-0.011375875067312857,0.0014135702746365109,-0.012217285945072653,-0.012722132471728709,-0.16132633909876104,-0.01934571890145187,-0.19776547787315446,-0.025626009693054952,0.026977381476285922,-0.030327813677975102,0.14745845370070154,-0.027149524322382046,0.07009750006491355
2022-08-15,149.93,-0.010471553391582678,0.00446875208430586,-0.010471553391582678,-0.009137597545521237,-0.15298475794493216,-0.02391782831988043,-0.27761608472864907,-0.03075435203094945,-0.22292885039033494,-0.03743747081971571,-0.028363694601740375,-0.03549434180395117,-0.09327858840473713
2022-08-16,149.24,-0.0009380863039401,0.0034260251943176723,-0.002412221924417146,0.004623425355132715,0.4671685790025848,-0.012704368801927601,0.18875764906788106,-0.02092602519431952,0.13178214594206406,-0.031013803269900664,0.43744248720053225,-0.02986688108639146,0.33949715548995396
2022-08-17,149.77,-0.006009214128330109,0.0014689190091472515,-0.008328770781865558,-0.0035387594311276915,0.2625709295426246,-0.012272150630965317,0.5109803946147866,-0.021479602056488245,0.37733359762161434,-0.031875542498497667,0.7652443021326916,-0.03258997128930852,0.6855492721800196
2022-08-18,149.73,-0.0034729179189205706,0.006010819475055218,-0.006745475188672856,0.0002671475322248984,-0.4111276312122877,-0.005984104721830308,-0.17559264752289727,-0.017798704334470172,-0.22423232791737846,-0.02861150070126217,0.0050473155314034734,-0.0314922415904163,-0.02175035017214877
2022-08-21,149.33,-0.0023438023170161415,0.005357262438893562,-0.003281323243822465,0.00267863121944667,0.01908525314783338,0.0007768030536416948,-0.11397778752238386,-0.011812763677762406,-0.17930360093142828,-0.023762807205518155,0.033708067938222674,-0.027846603718831298,0.00845627888184719
2022-08-22,146.45,0.013519972686923953,0.013588255377261937,-0.004232843974052547,0.019665414817344073,0.2111872666171617,0.021509047456472086,0.08728954733410177,0.010392625469441974,0.029958877545287255,-0.0027415500170704377,0.26263067161108,-0.007979970410832204,0.2271084749005725
2022-08-23,145.82,0.005417638184062712,0.00987518858867098,-0.004800438897270554,0.004320395007543443,-0.10756860347579766,0.021149362227406154,-0.0914989133791495,0.015800301741871747,-0.05896472789248752,0.002314497325469844,0.12590036053552978,-0.00330544506926167,0.09547007256957007
2022-08-24,145.7,-0.003225806451612856,0.0005490734385724672,-0.008339052848318262,0.0008236101578587007,0.15803698239942254,0.01729581331503338,0.09400328784751921,0.016307481125598766,0.1145058616279162,0.0032017844886755853,0.3077884321126185,-0.002457103637609759,0.27400626966627173
2022-08-25,142.29,0.026073511842012786,0.02979829924801458,-0.001897533206830948,0.023965141612200425,-0.1624892940364846,0.0359547403190692,-0.04208156297127397,0.04097266146601841,-0.08066714520728535,0.026414365029165943,0.07870836257124503,0.02154988638227273,0.06825575778067994
2022-08-28,141.69,-0.0027524878255344998,0.007057661091114387,-0.004728632931046528,0.004234596654668632,0.15448687162515373,0.029839791093234203,0.09012475503083017,0.04228950525795572,0.08123242158900101,0.031953560590020746,0.1257801267504437,0.02522172818594748,0.23216162894476544
2022-08-29,140.18,0.015908118133827864,0.015908118133827864,-0.0019260950206877459,0.01077186474532743,0.013141787795083015,0.030032814952206666,0.06184108018400725,0.04861606505920779,0.08129982746911546,0.04263803680981604,0.07026024337270398,0.0358800589717998,0.24338738583617148
2022-08-30,137.94,0.017833840800348,0.021313614615050103,-0.0005799623024502765,0.016238944468609517,-0.38102214196043405,0.03766855154415216,-0.3442774262293482,0.058576192547482586,-0.3531740346718554,0.05892779469334508,-0.3511600067277797,0.05176888502247512,-0.23330459118627545
2022-08-31,139.64,-0.012961902033800987,0.0008593526210254332,-0.02062446290461184,-0.012174162131194377,0.128971844641941,0.013749641936410484,-0.19246111616938877,0.0375966771698637,-0.2217783024062182,0.0435512747063882,-0.25676363116292944,0.038102740380026257,-0.13544471660663882
2022-09-01,137.16,0.023767862350539515,0.029090113735783074,-0.004447360746573259,0.018081073199183395,0.05210360957268567,0.023242927967340066,-0.08400908592163947,0.0489720034995611,-0.1301209435806201,0.060593467483231356,-0.20870199383618804,0.05659813356663901,-0.0944657561058958
2022-09-05,135.63,0.0018432500184324407,0.017031630170316392,-0.0025068200250681905,0.011280690112806857,-0.13510929844848463,0.027221116272213797,-0.1835433331716242,0.05153727051537116,-0.24062027130713948,0.06977069969770722,-0.3003553160359992,0.06707709700410547,-0.2095413420723049
2022-09-06,137.68,-0.011984311446833318,0.0005447414294015296,-0.012056943637420048,-0.014889599070308068,0.23814367541145032,0.003123184195237716,0.09898687117459226,0.025929692039510233,-0.03250439599444799,0.05034137129575833,-0.10577809631275092,0.04916472980825226,-0.00656569370270077
2022-09-07,137.86,-0.006165675322791442,0.004593790802263076,-0.013056724212969772,-0.0013056724212969772,-0.10447861902675337,-0.0018134339184655568,0.022258877203194194,0.018228637748438636,-0.11541408792371932,0.046340490352531516,-0.18137352934083084,0.0462014604187837,-0.10478640615073842
2022-09-08,139.96,-0.014361246070305977,0.008073735352957856,-0.019005430122892242,-0.015004286939125477,0.14698906849313786,-0.016904829951412403,0.14061774102083668,-0.002736496141756528,0.03756979925880022,0.027625750214346878,-0.039760343251273644,0.028651043155188294,0.03654167617889015
2022-09-11,141.1,-0.01197732104890148,0.0049610205527994555,-0.014103472714386833,-0.0080793763288447,0.10585449376594092,-0.024394046775334077,0.22657881978654903,-0.014861800141745096,0.17038108284564357,0.017445074415308515,0.06601244663597639,0.01842664776754188,0.14236325682850115
2022-09-12,138.18,0.018816037053119183,0.023520046316398924,-0.0023158199449991868,0.02113185699811826,-0.08368234045236989,0.001925025329283292,0.08428320748605111,0.005094803878996634,0.06822363604553394,0.03693009118541046,-0.017052287053690218,0.040476190476191665,-0.020821028519452334
2022-09-13,138.51,0.0010829542993286978,0.008302649628185721,-0.006064544076240019,-0.0023824994585227577,0.03456451612903222,0.0032199841166729026,0.062026099706745,0.00016605299256200468,0.12271005213424568,0.03071258392895837,0.019710060280221597,0.03686135778403643,-0.020862734875638167
2022-09-14,137.44,0.009749708963911585,0.01055005820721755,-0.005820721769499548,0.007785215366705511,0.15356272906104174,0.01223806752037504,0.20739396497627194,0.006737485448193858,0.3126753953790209,0.03458236321303865,0.16732418927825665,0.04409924330617154,0.12099520501548588
2022-09-15,138.28,-0.0060746311831068045,0.00564072895574208,-0.008461093433612898,-0.0060746311831068045,-0.4291770200095135,0.005481631472377124,-0.35498283209958614,0.00026034133641705814,-0.2838013891806289,0.024030951692219027,-0.33105586610518134,0.03596326294475105,-0.36543959573168716
2022-09-18,137.99,0.0015218494093773849,0.003406043916225787,-0.0055076454815568,0.0021016015653307907,0.539186274995459,0.005159794187986844,0.0881356318422748,0.0013769113703874236,0.13332236918148643,0.022019711573302736,0.0749749343636994,0.03660168611252157,-0.005699316942146537
2022-09-19,137.5,-0.0006545454545454632,0.0034181818181817647,-0.0070545454545454245,0.0035636363636364354,0.08341980035063856,0.004218181818184119,0.1873995491788616,0.005549090909089172,0.20958662206161227,0.021392727272727674,0.1606559984257041,0.03866424242424382,0.08604473028253845
2022-09-20,135.73,0.01731378471966427,0.018197892875561728,-0.0001473513593162057,0.013040595299491642,-0.12848045364293392,0.01631179547631567,0.011132088268287932,0.020039784867013744,0.013740628685868339,0.030354380019156135,0.00536853421226402,0.050300842358605324,-0.04776080324027687
2022-09-21,136.21,-0.0034505542911680287,0.006313780192349849,-0.00712135672858083,-0.0035239703399164712,0.26711928911696936,0.008648410542546836,0.2921245392660774,0.015013581969016698,0.28066660990117853,0.022788341531459144,0.28523894154623264,0.04434818784719763,0.2226462490030643
2022-09-22,135.58,0.0007375719132614034,0.00678566160200611,-0.01202242218616334,0.004646703053547752,-0.2240814964437433,0.011520873285147726,-0.005361571028637213,0.018513055022862934,-0.04185160494103457,0.023996902197964465,-0.00920825903228184,0.04672026355903136,-0.04917826473314546
2022-09-25,135.71,-0.0009579249871047857,0.008179205659125888,-0.005305430697811531,-0.0009579249871047857,-0.11800294901577346,0.006572839142291231,-0.19838772175416952,0.014309925576595273,-0.1537144051551803,0.01928745118266928,-0.1164846493534798,0.04333996512170635,-0.15881297653469295
2022-09-26,131.98,0.03015608425519023,0.037581451735111404,-0.0020457645097741173,0.028261857857251327,-0.042198049293798445,0.0315653886952596,-0.19750230147280012,0.038892256402483616,-0.16899660706772612,0.04560160630398591,-0.14528652931685915,0.07005859473657727,-0.1841326686029816
2022-09-27,131.98,0.007879981815426707,0.007879981815426707,-0.0059857554174874705,0.0,-0.26139259998928754,0.023200484921960474,-0.36647720925250027,0.034194574935594524,-0.373091298808622,0.04192301863918835,-0.3569849030905432,0.06587109157953308,-0.39192898152611666
2022-09-28,128.7,0.024630924630924866,0.024630924630924866,-0.0034188034188034067,0.025485625485625496,0.4666724089049772,0.043449883449886206,0.04255430658754911,0.05547785547785389,-0.019968582287654413,0.06529137529137596,-0.02007337346073057,0.08838642838642952,-0.09243808471288506
2022-09-29,126.25,0.0217821782178218,0.02209900990099012,-0.0003168316831683171,0.019405940594059423,-0.24422067280559656,0.05180198019802251,-0.16823551726437525,0.06903762376237443,-0.2401483067581982,0.08230495049504993,-0.2661690647424807,0.10408448844884588,-0.3059766585237652
2022-10-02,128.51,-0.009804684460353208,0.004591082406038449,-0.014240136954322469,-0.017586180063808188,0.11256254519962972,0.01878453038674288,-0.005997639209551542,0.04087619640494733,-0.1533143839420954,0.058061629445179896,-0.17185761793719478,0.07856716727621849,-0.20582604329877308
2022-10-03,130.1,-0.00768639508070712,0.005918524212144671,-0.01076095311299008,-0.012221368178324421,0.1755664272963926,-0.004734819369713095,0.19850384680931077,0.020868562644118294,0.028914169900247755,0.0418063028439668,-0.016757634026807855,0.0599487573661297,-0.05726619151295176
2022-10-04,129.2,0.0,0.006888544891640924,-0.008591331269349745,0.006965944272445901,0.4220928833840456,-0.0007120743034030319,0.684243426955546,0.02225232198142235,0.49519203958123414,0.04692337461300378,0.3886796329783144,0.06237100103199311,0.3461162130166624
2022-10-05,126.48,0.019054395951928926,0.020398481973434412,-0.0010278304870335875,0.021505376344086002,-0.08311502480391109,0.01638203668564442,0.34956419355602764,0.039073371283995684,0.3466410801657127,0.06608554712207515,0.25935244950035075,0.08067151591819632,0.2330459658409907
2022-10-06,124.27,0.01794479761808976,0.018588557173895515,-0.004103967168262557,0.017783857729138264,-0.09263198166620756,0.030884364689790944,0.17212893437374444,0.049722378691557045,0.2295936894165136,0.08046592097851502,0.12752281183336112,0.09470239532201519,0.11679006824423599
2022-10-09,123.76,-0.0031512605042016695,0.0039592760180995334,-0.01276664511958625,0.004120879120879106,-0.11871898284328786,0.031932773109246027,-0.06350471731871521,0.044909502262441725,0.0774271654809815,0.07857950872656816,-0.00878830946420428,0.09344160741219687,-0.010985100680229731
2022-10-10,124.23,-0.004346776141028741,0.011832890606133795,-0.005071238831200309,-0.0037833051597843115,0.2538643172125612,0.020381550350159428,0.11763597057743813,0.03133703614263661,0.34224885903728564,0.06751992272398022,0.2527954696868753,0.08433282352625637,0.24510588708057068
2022-10-11,124.43,0.00329502531543846,0.01109057301293892,-0.0001607329422166348,-0.0016073294221651269,-0.19094785020572536,0.009306437354338115,-0.14550634629648174,0.023450936269386435,0.053593340403759404,0.06019850518363801,0.007460900597837661,0.07791261485708278,0.00854890872604086
2022-10-12,126.31,-0.022167682685456436,0.0034834929934288716,-0.02683873010846327,-0.014884015517377835,-0.013421695177971538,-0.013268941493149278,-0.10641729367806396,0.0022405193571353177,-0.013175950313319973,0.03884490539149743,-0.0011406017167846505,0.057712506267649566,0.0027991202981139107
2022-10-13,125.08,0.013351455068755902,0.015510073552926107,-0.0025183882315318318,0.009833706427886169,0.25188888540680354,-0.0038375439718554283,0.16866499925094902,0.010185481291971277,0.2314515882143766,0.04461144867284972,0.26486158680322647,0.06501439078989568,0.24635912646835578
2022-10-16,127.34,-0.010444479346631064,0.007381812470551363,-0.011622428145123376,-0.017747761897282888,-0.16744415147478298,-0.020245013350083885,-0.044367806141524135,-0.00866185016491472,-0.03374147829545249,0.02088895869326257,0.024404104685434858,0.042301450185855405,0.027980042135147043
2022-10-17,128.37,0.007478382799719574,0.013204019630754793,-0.00553088727895934,-0.008023681545532457,-0.06797859092986247,-0.022528628184152577,-0.11736965927631027,-0.01752745968684466,-0.12539000624246144,0.008549505336138186,-0.041195950735580134,0.031388434473268445,-0.04399590995318592
2022-10-18,129.56,0.01605433775856735,0.026551404754553865,-0.0003859215807349159,-0.00918493362148809,-0.2869181373981774,-0.02511577647421781,-0.3385774489037823,-0.027886693423898268,-0.37730755398495774,-0.004237418956467676,-0.3086544926622796,0.02004733971390471,-0.3218632847493105
2022-10-19,126.99,0.012835656350893787,0.0218914875187024,-0.0024411370974091184,0.020237814001102583,0.22143534263705367,0.002693125442950972,-0.11477422772587664,-0.007929758248682917,-0.1793628466842565,0.013485313804237009,-0.13375654858412478,0.0385594666246698,-0.1579582256109533
2022-10-20,128.58,-0.0158656089594027,0.0028775859387151215,-0.0163322445170323,-0.012365842277181627,0.27732491331754083,-0.008648312334730734,0.17004036528297917,-0.01980090216208019,0.08946139588940927,-0.0026326022709596275,0.13076220982565934,0.022898843780785993,0.07966571503098563
2022-10-23,129.37,0.0009275720800803189,0.008270851047383454,-0.007884362680683377,-0.006106516193862488,-0.07938615800525828,-0.009291180335469496,0.10232904531543374,-0.022454974105281522,0.007280642071102017,-0.011428461003323509,0.040066976465090276,0.01372033701785691,-0.006237229501048769
2022-10-24,130.86,-0.009628610729023546,0.0024453614549899694,-0.01826379336695716,-0.01138621427479758,0.025091189438495087,-0.017469050894082905,0.1392986780999539,-0.02929848693260173,0.03298967946299913,-0.025106984563655677,0.06284041449798439,-0.0008100259819643352,0.024242818235250985
2022-10-25,131.78,-0.008574897556533623,0.0059948398846561,-0.010471998785855141,-0.006981332523903427,0.024547391034550392,-0.020549400516009175,0.1570388602007724,-0.0310441645166204,0.07739578532660296,-0.0323379875550156,0.08177680393416287,-0.009637274244952532,0.051531608740057466
2022-10-26,131.88,0.0009099181073703999,0.00940248710949354,-0.0028814073400060813,-0.0007582650894751852,-0.009444614604637191,-0.01792538671519328,0.045372552220665385,-0.026205641492267562,0.06415858696978982,-0.03314755838641148,0.042792218928020764,-0.012089273076532958,0.043974998683234734
2022-10-27,135.22,-0.015160479219050504,0.002144653157816867,-0.017009318148203056,-0.024700488093477357,-0.04569564924695069,-0.03495045111669637,-0.045025992575346674,-0.04613962431593133,0.012185015738761296,-0.05585342404969629,-0.00808727062022141,-0.037861756150469716,0.002729414558291232
2022-10-30,134.67,0.003935546149847813,0.007425558773297647,-0.0030444790970520774,0.004084057325313806,-0.16173432435071566,-0.021147991386349596,-0.18505690841635913,-0.03471448726516824,-0.13383434945164352,-0.04866711220019271,-0.18310399032865443,-0.03468973540258791,-0.16873207565104154
2022-10-31,134.88,-0.0013345195729538295,0.010379596678529168,-0.007710557532621509,-0.0015569395017793752,0.29835337908775417,-0.014813167259784321,0.10164979434155774,-0.030782918149467764,0.1512791331311154,-0.047864768683273495,0.05959794361780579,-0.037013147489124876,0.09115501471055598
2022-11-01,132.94,0.013389499022115281,0.027079885662705028,-0.0009778847600421248,0.014593049496013144,-0.12262470507356049,0.0056115540845516065,-0.04292884218502768,-0.01174213931096868,0.0007436916416889705,-0.032172408605385394,-0.07567957452796426,-0.02361717065342639,-0.038832448662065255
2022-11-02,132.03,-0.0022722108611680225,0.004620162084374657,-0.00810421873816547,0.006892372945542569,0.40787807760825334,0.014299780352952318,0.37484721366336915,-0.00237067333181995,0.3580073875472385,-0.02408543512837935,0.32300289210772215,-0.017591961422907865,0.3590544275163301
2022-11-03,134.44,-0.008330853912526082,0.004165426956262985,-0.014281463850044585,-0.017926212436774724,-0.0632364024580454,-0.003659625111571696,0.2348941430888578,-0.016505504314193398,0.21878224186572126,-0.03951576911633359,0.23640134202842567,-0.036239214519487084,0.27396713977986753
2022-11-06,136.5,-0.008424908424908506,0.005054945054945081,-0.010549450549450556,-0.015091575091575105,-0.17657421068249168,-0.019838827838825734,-0.025871519709111612,-0.02705494505494621,-0.008860807336479759,-0.05028571428571349,0.014083285384519861,-0.05106227106226979,0.04423436391909341
2022-11-07,136.81,7.309407207078955e-05,0.005189679117023616,-0.007382501279146192,-0.002265916234193477,0.2811463437420958,-0.01938454791316202,0.18725427271712225,-0.024047949711279548,0.26601090652773807,-0.04778159491265199,0.2975773346418027,-0.053020003411055505,0.3337053596860282
2022-11-08,136.48,0.0028575615474795146,0.01091735052754994,-0.001025791324736125,0.0024179366940211278,-0.07461843107334132,-0.014185228604921774,0.057819628223993336,-0.017328546307152304,0.14501283288987254,-0.04087045720984683,0.19855789455557238,-0.04955060570535241,0.21980053580785697
2022-11-09,141.18,-0.012183028757614345,0.003187420314492151,-0.02110780563819248,-0.033290834395806934,-0.2947186618451928,-0.04198895027624128,-0.2944898326934693,-0.04671341549794705,-0.20388044122979798,-0.06853307833970756,-0.16166448049561133,-0.08012938565424632,-0.15937907454240163
2022-11-10,140.97,0.001631552812655146,0.004681847201532197,-0.013200680995956504,0.0014896786550331331,0.12523993045154613,-0.027580336241751602,-0.12623197767398686,-0.03869617649145318,-0.08475989104744941,-0.06187132013903596,-0.04859648704445285,-0.07580809155612189,-0.04972817179085409
2022-11-13,140.98,-0.0033338062136473168,0.018300468151510874,-0.005107107391119303,-7.093204709884837e-05,-0.15128146435213796,-0.01838558660802736,-0.22017908378808115,-0.03468577103135284,-0.22115452397595647,-0.05630231238473482,-0.18275872925170134,-0.07239324726911489,-0.20240729698459992
2022-11-14,140.49,0.011388710940280378,0.019289629155099908,-0.005623176026763654,0.0034877927254608476,0.09268225433031141,-0.008584240871234439,-0.10387480966339613,-0.02682753220869938,-0.1476411711103759,-0.04815645241654154,-0.09525634108319403,-0.06619925498849155,-0.12860817029328975
2022-11-15,141.74,-0.0016932411457598606,0.008254550585579112,-0.005361930294906281,-0.00881896430083251,0.24841517300705096,-0.012134894877943503,0.19836996604311197,-0.031451954282490036,0.08515085240959586,-0.05227529278961429,0.13448601942349492,-0.07199096938055505,0.09066157593198465
2022-11-16,140.87,0.0017036984453753234,0.005820969688365096,-0.007169730957620413,0.006175906864485103,0.19520954108867117,0.0014339461915260365,0.4517118237390234,-0.01922339745865087,0.27511731653407656,-0.04209909845957205,0.31944876377183595,-0.06329239724568647,0.31079038095116807
2022-11-17,142.57,-0.004559163919478193,0.0013326786841552085,-0.009118327838956164,-0.011923967174019667,-0.08630573091182991,-0.01094199340674562,0.22462397040144366,-0.02471768254191009,0.164678977535198,-0.04865329311916888,0.1792500583606682,-0.07109723878328655,0.19561258836674988
2022-11-20,144.38,-0.00914254051807728,0.005610195317911071,-0.010735558941681544,-0.012536362377060573,-0.11063810569799726,-0.021124809530403743,0.04211630580751269,-0.031313201274415614,0.03764254715401205,-0.05573486632497493,0.04311161126189145,-0.07851733850487042,0.061117177874218775
2022-11-21,145.62,-0.0013047658288696251,0.001133086114544657,-0.0053564070869386304,-0.008515313830517846,0.18692084176766155,-0.024790550748521656,0.15978829991490606,-0.034150528773521205,0.22472076449072786,-0.05862175525339841,0.23279734868647828,-0.08164400494437485,0.2561159891038034
2022-11-22,146.45,-0.0037555479685899007,0.0012290884260839352,-0.00600887674974393,-0.005667463298053788,0.25066724642889904,-0.023311710481390913,0.34066462539460995,-0.033608740184364216,0.5342013783009085,-0.05891771935814194,0.5254887786678535,-0.08198019801980105,0.5698713117167062
2022-11-24,146.72,0.0004430207197383407,0.0032715376226826187,-0.0021810250817884125,-0.0018402399127590563,0.7817555626799739,-0.0186886586695727,1.231322049194708,-0.0285918756815714,1.675721710264098,-0.05565021810250759,1.669986454388492,-0.07866684841875582,1.7622598221927661
2022-11-27,146.6,-0.0014324693042292447,0.005047748976807709,-0.0031377899045020863,0.0008185538881309018,-0.6362389503896029,-0.009904502046382602,-0.27194391673988816,-0.024017735334243895,-0.11203488744001466,-0.04981582537516993,-0.06094017791622808,-0.07327194179172258,-0.017826302457990106
2022-11-28,145.48,0.0018559252130878612,0.003986802309595916,-0.006530107231234483,0.007698652735771194,0.17661339296380962,0.003258179818533824,-0.10939536805825145,-0.012634039043168621,0.03516080364812413,-0.038589496838052795,0.10164292684243037,-0.06120658051507566,0.16219472413241998
2022-11-29,149.16,-0.0235317779565567,0.0,-0.02701796728345407,-0.024671493698042446,-0.5455640642216466,-0.020018771788681278,-0.6072779628183419,-0.033976937516761785,-0.5522991750576236,-0.0586853043711445,-0.510316349586222,-0.0803142039867697,-0.4745384022428266
2022-11-30,149.25,0.00187604690117249,0.00743718592964826,-0.004556113902847603,-0.000603015075376856,0.7894551842298354,-0.015865996649914282,-0.09446889704611827,-0.02875041876047013,-0.13153279390529948,-0.05446901172529284,-0.08065807948972936,-0.0762255723059736,-0.034293300243768976
2022-12-01,150.61,-0.014208883872252942,0.0010623464577386166,-0.016798353362990515,-0.009029944890777575,0.40280903586229866,-0.021034459863221056,0.37686067896542075,-0.032534360268243634,0.23315155606873494,-0.05759245734014973,0.285617577625237,-0.0802093707810454,0.3341199638146468
2022-12-04,149.09,-0.0025487960292440714,0.0038936213025688726,-0.00550003353678985,0.010195184116976286,-0.08593994530385973,-0.005835401435372756,0.3520874397856577,-0.01613790327989928,0.12266087930292491,-0.041753303373800676,0.17267094857544785,-0.06555100945737413,0.1995387940010087
2022-12-05,149.28,0.002947481243301242,0.005359056806002238,-0.006732315112540133,-0.001272775991425501,-0.21322059400911297,-0.0037647374062146355,0.02809432658734279,-0.013022508038586289,-0.12063177108757983,-0.038066050375133664,-0.07847996328947715,-0.0621605930689525,-0.06104323437841619
2022-12-06,150.24,-0.008186900958466525,0.0012646432374867622,-0.008186900958466525,-0.006389776357827559,0.11193289438080645,-0.005071884984023889,0.18311500408309733,-0.016067625133121544,-0.014274874142958471,-0.03995939829605932,0.025639365430164762,-0.06373580049698191,0.04362873539710432
2022-12-07,151.32,-0.012291831879460702,0.0003965107057890549,-0.015265662172878725,-0.007137192704202877,0.19055136842503018,-0.010745440126881611,0.1686959737099527,-0.020037007665874795,0.18902904112504615,-0.04237377742532333,0.22984100042837374,-0.06614899991188583,0.2386343665330135
2022-12-08,150.92,-0.001457725947521804,0.006824807845215997,-0.004638218923933124,0.0026504108136762294,-0.11607808213412185,-0.005380333951760741,-0.02628011746640513,-0.014212827988339338,0.06619303159674517,-0.03491916247018223,0.08279091262767269,-0.059358158847954035,0.0867525551283399
2022-12-11,152.47,-0.008198334098511229,0.0005902800550927623,-0.009378894208696864,-0.010165934282153954,-0.04463019624685338,-0.015084934741258937,-0.03945746638998726,-0.0214796353381006,0.07489179251122446,-0.041536039876696296,0.01655187105424849,-0.06475809448853265,0.033863102046779
2022-12-12,152.24,0.007685233841303152,0.013071466106147955,-0.00952443510246992,0.001510772464529575,-0.2002751347909193,-0.00915659485023479,-0.212566363639086,-0.016145559642670726,-0.1467089220515223,-0.036311087756173865,-0.19373338589867795,-0.059568225608687464,-0.17690051691714848
2022-12-13,152.84,-0.0003271394922795823,0.01046846375294419,-0.0043836691965455366,-0.003925673907354099,0.03994766546572004,-0.009172991363515681,-0.15906985019286957,-0.015584925412197137,-0.08490247798305961,-0.036410625490708615,-0.16672700510441785,-0.05942816016749486,-0.14702415148761627
2022-12-14,151.11,0.004036794388194043,0.005889749189332161,-0.009066243134140728,0.011448613592746959,0.03759794086578094,0.005611805969163219,-0.09345109956626507,-0.0018794255840131058,-0.12089369077555134,-0.021292435973793378,-0.13783369015458535,-0.04469812278031404,-0.11047151309491154
2022-12-15,150.44,-0.0005317734645040595,0.004187716032969968,-0.009438978994948055,0.00445360276522222,-0.6435041151614136,0.00981122042010285,-0.6574777138203614,0.0038021802712031594,-0.6856482061622495,-0.013819462908799984,-0.6903268539512111,-0.03641761942745647,-0.6832354806564291
2022-12-18,150.4,-0.001196808510638303,0.006482712765957466,-0.007712765957446743,0.00026595744680846245,2.394612833195592,0.00944148936170408,0.6421142668570621,0.003956117021275185,0.3226051987888727,-0.010375664893616188,0.1768987449915358,-0.03208111702127592,0.15895359912643414
2022-12-19,150.46,-0.00757676458859502,0.0029243652798085495,-0.007909078824936855,-0.00039877708361024666,0.04171210222668931,0.006287385351590347,0.7013803968102863,0.0044264256280726055,0.3862611721887439,-0.008168283929282705,0.2278507600143458,-0.02893127741592394,0.20922246377774134
2022-12-20,151.84,-0.0071786090621707155,0.0051699157007376595,-0.00737618545837726,-0.0090885142255005,0.1236951809835296,-0.0052028451001034925,0.8308606277858415,-0.003925184404637627,0.5334467521596644,-0.015180453108534442,0.3724568380566633,-0.03469221988057536,0.35149689035258036
2022-12-21,152.19,-0.006964977988041299,0.00144556146921615,-0.008607661475786843,-0.002299756882843784,-0.1492014184437993,-0.008804783494314239,0.47774576276065206,-0.005164596885473216,0.28517010675240684,-0.015401800381101616,0.16473690163529442,-0.033620255382525666,0.1484887931730745
2022-12-22,152.62,-0.002031188572926279,0.001965011138776118,-0.006224610142838483,-0.0028174551172848172,0.7360823196721793,-0.010182151749441037,1.4942311558970678,-0.007397457738174462,1.252292216610913,-0.016295374131829687,1.045741123973356,-0.032911807102607216,0.9959783961323119
2022-12-26,153.95,-0.008119519324455982,0.0024033777200389572,-0.008379343942838569,-0.008639168561221044,-0.19293492443832883,-0.01590126664501268,0.2270444829304168,-0.014868463786944841,0.7592336362126639,-0.02287755764858601,0.6627985694289578,-0.03878965031936721,0.5739771298427083
2022-12-27,151.96,0.015234272176888553,0.01770202684917077,-0.0003948407475651283,0.01309555146091057,0.0041786180542982,0.0016583311397755374,0.1527593649644079,-0.000993682548040109,0.7206708421082724,-0.007663200842325968,0.641001641429783,-0.023354830218478173,0.557082384369332
2022-12-28,152.59,0.0014417720689428037,0.004259781112786021,-0.002949079231928775,-0.00412871092470013,0.10198556714888185,-0.0005111737335322664,0.1942579431086915,-0.005301789108068444,0.8047141993044005,-0.009636935579001582,0.7895130802963859,-0.024988531358542065,0.6786779057524179
2022-12-29,151.56,0.005740300870942239,0.007389812615465896,-0.007389812615465896,0.006795988387437335,-0.15954191348622737,0.0072710477698623155,-0.04992183633532543,0.001293217207705366,0.4378733349263939,-0.0017748746371063495,0.4092733658608916,-0.015701152458871714,0.3820033889676224
2023-01-02,151.57,-0.00409051923203807,0.0009236656330409154,-0.016164148578214577,-6.597611664571623e-05,-0.2970502103115067,0.006373292867983826,-0.3747572836615901,0.0015240482945164668,-0.029353480760518247,-0.0010787095071572717,-0.027927489797732075,-0.013606474456246076,-0.03711152137498752
2023-01-03,152.23,-0.0015765617815146626,0.007620048610655017,-0.00656900742297839,-0.004335544899165766,-0.11841758925737822,0.0006306247126079967,-0.3655117549727055,-0.00207580634566229,-0.3291491901206187,-0.005094265256518571,-0.13272082526079287,-0.015540081893625102,-0.14536781682907007
2023-01-04,150.34,0.01243847279499799,0.014234402022083259,-0.001430091791938315,0.012571504589596882,0.3608812284634271,0.010921910336572305,-0.02123078572042647,0.011686843155512827,-0.060412713216491665,0.008457496341626625,0.19804212803949683,-0.00102212762183429,0.17323615800874248
2023-01-05,153.92,-0.013448544698544618,0.003508316008316248,-0.01409823284823275,-0.023258835758835694,-0.3182115975625104,-0.014695945945943922,-0.30283603274615434,-0.0119217775467787,-0.36285460875937303,-0.01465371621621514,-0.1926575523000662,-0.022966476091475285,-0.20434361793040734
2023-01-08,152.04,0.009208103130755152,0.01815311760063154,-0.0002861089187056187,0.012365167061299642,0.3762865897139871,-0.0007629571165465032,0.10173625443413803,0.001664035780056805,-0.07321200959079854,-0.0012595369639558651,0.12603507744507048,-0.009065596772778295,0.10965603753998199
2023-01-09,151.89,0.0013825794983211015,0.005332806636381582,-0.006254526301928909,0.000987556784515231,0.21427526469716462,0.0008558825465816433,0.38848397187588657,0.002554480215944732,0.12158579987541662,-3.621041543122594e-05,0.3730421378295279,-0.006860227796430918,0.35754226666740174
2023-01-10,150.66,0.011018186645426864,0.0126244524093988,-0.008695075003318786,0.00816407805655106,-0.43772524712137295,0.009451745652464316,-0.26055803765417174,0.010254878534446954,-0.3536880295106737,0.008449488915439618,-0.2348380545396217,0.00239169874773304,-0.22752703462180857
2023-01-11,149.81,0.012615980241639235,0.012816233896268514,-0.0019357853280821402,0.0056738535478271235,0.07520278568998662,0.013083238769109329,-0.17739364790697687,0.013790801682129317,-0.25159204807842916,0.013567185101128976,-0.16290174203040253,0.008982488930423527,-0.1619150815402578
2023-01-12,150.88,-0.008417285259809004,0.001126723223754178,-0.009676564156945955,-0.007091728525980834,0.49576707281907817,0.005196182396608462,0.3235138548894738,0.005176299045597688,0.18854252943377925,0.005573966065748337,0.2532638288147344,0.0027836691410401126,0.2674366639467134
2023-01-16,150.44,0.002326508907205538,0.011233714437649533,-0.00026588673225202974,0.0029247540547725492,-0.45735903109457965,0.004094655676683434,-0.3372894210845877,0.006979526721615059,-0.3404131739243158,0.00786360010635545,-0.3312147595943169,0.0060976690596481475,-0.3371388948653168
2023-01-17,146.41,0.02219793729936481,0.02404207362885047,-0.0025271497848508018,0.02752544225121234,-0.08119033956293475,0.029547162079094802,-0.3168266533526848,0.03393210846253525,-0.3454078472769284,0.03537668192063448,-0.3735939138049683,0.03406188101905672,-0.38240336680851483
2023-01-18,142.42,0.006249122314281763,0.026681645836259094,-0.0012638674343489198,0.02801572812807196,-0.17522903136716028,0.05069512708889401,-0.3459554013353945,0.059275382670971766,-0.42846583220741696,0.06296868417357193,-0.5208285637764815,0.06204886954079569,-0.4761098334038041
2023-01-19,142.97,-0.004546408337413488,0.0012590053857453043,-0.01972441771000899,-0.00384696090088843,0.474969605172499,0.035126250262294656,0.0645980701973703,0.048338812338251325,-0.09455340971529747,0.056088689934951974,-0.25368737081108117,0.056408104264298764,-0.19905413118665327
2023-01-22,141.05,0.016377171215880892,0.018787663948954147,-0.002552286423254224,0.013612194257355492,0.15071063297264198,0.039517901453387516,0.2463940588696243,0.0573839064161632,0.08506643065434005,0.06780928748670734,-0.12145214086446032,0.0692969396195211,-0.0706147346770406
2023-01-23,141.82,-0.007967846566069636,0.003948667324777944,-0.014172895219291992,-0.00542941757156945,0.09534790630059975,0.020011281906644474,0.4314063631130982,0.04256804399943448,0.18252818121576686,0.05820758708221763,-0.01974158894757827,0.061331264983783385,0.024339958772936043
2023-01-24,141.72,-0.009384702229748854,0.00021168501270119044,-0.021097939599209803,0.0007056167090035981,-0.01159551935653047,0.00856618684730659,0.3339895517328302,0.03609229466553643,0.18468536402330726,0.05529565340107312,-0.02446841615743678,0.05984570514629883,0.020360135871900997
2023-01-25,141.15,0.004109103790293833,0.0041799504073680716,-0.002904711300035445,0.004038257173220039,0.278559331781977,0.005993623804465331,0.5737533565845367,0.03307120085015813,0.5551827035942059,0.05569606801275295,0.27969678721814817,0.06195300507734203,0.3109773612261333
2023-01-26,140.57,0.0035569467169380697,0.005619975812762412,-0.009070214128192422,0.004126058191648463,-0.21425102291715759,0.008337483104505328,0.02451723535179573,0.030568400085365433,0.17847192557596347,0.05549903962438729,0.014133838447421887,0.0636503758507041,0.026491340904805094
2023-01-29,141.01,-0.00035458478122107895,0.007871782143110462,-0.005176937805829285,-0.0031203460747464273,0.07873396019349044,0.0017871072973569824,0.05090457208080634,0.02079994326643364,0.25664393788338136,0.048166796681087254,0.1149658597242087,0.057572748977614996,0.10307299639469059
2023-01-30,142.38,-0.00807697710352584,0.0006321112515803584,-0.011378002528445008,-0.009622137940722086,-0.3204918337100727,-0.007908414103102168,-0.3094523317656367,0.004045512010112828,-0.1337937348747713,0.03401460879337059,-0.22871476256458168,0.04462705436156855,-0.254066847091895
2023-01-31,143.19,-0.007751937984496027,0.0063202737621341765,-0.01285005936168726,-0.0056568196103079504,0.30042274020726767,-0.012738319715061563,-0.031216959331007432,-0.007263077030520204,0.12312654334304529,0.02495984356449532,0.036579500228427486,0.036685522732035514,-0.019541129431718707
2023-02-01,142.17,0.0,0.003798269677147248,-0.006752479426039071,0.007174509390166728,0.11851179647974708,-0.0035872546950811435,0.09307325457271776,-0.002405570795527723,0.20574794316734613,0.02936625167053597,0.16532802948611747,0.04242338983845739,0.03066093670334369
2023-02-02,142.61,0.0011920622677230597,0.005399340859687074,-0.010097468620714034,-0.0030853376341072325,0.07525577201468048,-0.0052310497160065195,0.21022390604862684,-0.005658789706193046,0.19237843112259356,0.022663207348713854,0.2457748395355559,0.03728350045578965,0.11135242977574022
2023-02-05,141.4,0.004314002828854191,0.00876944837340865,-0.0027581329561529033,0.008557284299858692,-0.018845375717338686,0.006166902404528551,0.15868351837536276,0.002595473833096218,0.1272430554805215,0.028681046676096722,0.2273664686751331,0.04430928807166534,0.09230190451025821
2023-02-06,140.02,-0.0003570918440223281,0.005499214397943097,-0.00885587773175267,0.009855734895015011,-0.02706651972604568,0.016640479931440577,0.11900861908999483,0.012726753320952966,0.07499541673323229,0.03434866447650409,0.18001890806596021,0.052116364328906206,0.0684902838726511
2023-02-07,138.57,0.0035361189290612494,0.007000072165692428,-0.0011265064588292795,0.010464025402323829,-0.11871865186380515,0.023872411055786413,-0.10073152435672628,0.022024969329579536,-0.06026648126593548,0.040834957061413935,0.04379666952460037,0.060198215101875174,-0.05661715067187645
2023-02-08,137.05,0.013352790952207094,0.016636264137176227,-0.00036483035388557017,0.011090842758117336,0.0880749198647579,0.02848595403137777,-0.02409276153520601,0.031061656329805398,0.025882717164711577,0.04751915359357972,0.15411427093844865,0.0685394624832798,0.04542116077465619
2023-02-09,138.26,-0.009474902357876513,0.00028930999566045834,-0.017575582236366127,-0.008751627368725479,-0.1925719075501926,0.012078692318822304,-0.2094818063912095,0.01907276146390724,-0.15750818327325744,0.033429769998554404,-0.07948690818097959,0.055113554173297885,-0.1463103281707463
2023-02-12,140.07,-0.008067394873991551,0.0027129292496608226,-0.00949525237381299,-0.012922110373384754,0.5957089581976751,-0.007210680374096112,0.3447039703028689,0.0042550153494669285,0.3687361697446703,0.015952737916756998,0.47189490412958013,0.03821898574522398,0.38789674117777695
2023-02-13,139.28,0.006174612291786286,0.006892590465249926,-0.004738655944859227,0.005672027570361893,-0.032693151459372904,-0.003489373923030392,0.2616570238062381,0.009276278001147498,0.2994781529488688,0.01783457782883513,0.422497975142073,0.04111143021252284,0.3505968040714793
2023-02-14,138.96,0.0010794473229707169,0.0026086643638456586,-0.006404720782959283,0.0023028209556705814,-0.05009041712300144,-0.0022596430627496167,0.16139936522677334,0.009369602763383833,0.1598912680077078,0.0161629245826147,0.3118411714428353,0.04056323162540876,0.2872922580485342
2023-02-15,137.14,0.0018229546448884637,0.007729327694326882,-0.004302172961936579,0.013271109814787962,-0.27188922194475373,0.01155024063001564,-0.19633208770908006,0.019680618346214374,-0.17755557913628517,0.02693233192358302,-0.07729169804425062,0.05130766613193449,-0.06673225678817818
2023-02-16,140.01,-0.024426826655238876,0.00021427040925647844,-0.024426826655238876,-0.020498535818870067,-0.0546644267654095,-0.009056495964571365,-0.21417071920693753,-0.004813941861296689,-0.2081839699370669,0.003996143132634522,-0.1593935215942296,0.026164797752542768,-0.11657772941086764
2023-02-20,139.91,-0.007433350010721096,0.007004502894717879,-0.007433350010721096,0.000714745193338473,0.1645518653766298,-0.005846615681507017,-0.08700730265546497,-0.005960974912444961,-0.04829808342434172,0.003655921663927808,-0.02516062291064114,0.024437138160247063,0.04164639359068856
2023-02-21,140.5,-0.003701067615658471,0.007686832740213534,-0.004412811387900395,-0.004199288256227729,0.12620883639285152,-0.010249110320282306,0.0875655080532507,-0.011195729537367805,0.08472986997469611,-0.0009644128113869277,0.0931920266991122,0.016811387900357078,0.1677647219620526
2023-02-22,140.05,0.0012852552659763372,0.0077829346661904,-0.006783291681542458,0.003213138164940954,0.049850157177306675,-0.005326669046766597,0.17169766571478307,-0.0076758300606939445,0.1362003054435581,0.0017743662977516284,0.1417225978193961,0.01733190527192785,0.2282582359857661
2023-02-23,139.26,-0.0023696682464453556,0.0012207381875628531,-0.00847335918425951,0.005672842165733272,0.10925967780903911,0.0018813729714228788,0.311311279991195,-0.0009837713629194944,0.23584658148992066,0.006857676288956949,0.2563242906938261,0.02026904112212291,0.36954721918447997
2023-02-26,139.14,0.003377892769872215,0.009522782808682129,-0.0043840735949401965,0.0008624407072013174,-0.09627998152247841,0.0057927267500383905,0.10483368598554899,0.001466149202241196,0.09475532830670064,0.007046859278425632,0.13417966142982274,0.018417900436013213,0.21977765932038018
2023-02-27,137.56,0.006469904041872532,0.007487641756324548,-0.00203547542890381,0.011485897063099548,-0.1324586473773952,0.016080255888341943,-0.10749558153734629,0.013608607153241081,-0.08435018457020238,0.018093922651934546,-0.023873983164908297,0.027529805175924515,0.048369087150111456
2023-02-28,137.66,0.002833066976609233,0.004867063780328529,-0.008353915443847226,-0.0007264274298997009,-0.05518149551078666,0.011927938398956561,-0.16208570192265315,0.011048961208774077,-0.1119503911754216,0.016101263983728797,-0.07534007218732264,0.02355804155165031,-0.002468538144995369
2023-03-01,139.93,-0.01379261059100989,0.0035732151790179856,-0.015364825269777782,-0.016222396912742187,0.198977818288824,-0.008547130708208783,0.03757734189197648,-0.006510398056172151,0.09595690717183403,-0.0020688915886508674,0.0894712464333125,0.003909097405847106,0.1818926822317548
2023-03-02,140.95,0.0016672578928698112,0.0020574671869457717,-0.006988293721177596,-0.007236608726498672,0.12622465158737195,-0.01589216034054375,0.17188266313365919,-0.01301170627882331,0.24176103030163598,-0.010446967009577257,0.21477532502572094,-0.0048882582476038605,0.3023154052092212
2023-03-05,140.35,0.0027075169219807904,0.005593159957249627,-0.0029034556465977746,0.004275026718916886,0.06394682200852553,-0.009276807980047153,0.24676759086333533,-0.006077662985394583,0.2739051935083976,-0.006651229070181119,0.2804713115748998,-0.0009832561453495536,0.33553015480240256
2023-03-06,137.56,0.020863623146263555,0.022244838615876672,-0.001599302122710089,0.02028205873800526,-0.11636242016959342,0.012576330328586405,0.07030538577166401,0.014328293108460732,0.07040561452632299,0.012674469322477844,0.12208803470306684,0.01864398565474623,0.15833971940834712
2023-03-07,137.58,-0.002762029364733465,0.0007995348161069504,-0.007159470853321803,-0.000145369966565001,0.013659076820937033,0.012429132141302146,0.04449185795299382,0.012472743131267894,0.061373815168130896,0.011131705189707963,0.13275667031056093,0.01765033677375749,0.162813416126379
2023-03-08,136.57,0.011569158673208069,0.014571282126382146,-0.0034414585926630936,0.007395474848063355,0.23540638666944536,0.019799370286303075,0.21950084739673126,0.017822362158598892,0.29762834126259086,0.01771618949989051,0.39091453257972364,0.02414146591491706,0.4268190525736677
2023-03-09,137.19,-0.0017493986442160825,0.005831328814053682,-0.006122895254756178,-0.004519279830891509,-0.24642227745161394,0.010292295356807202,-0.1301341784071297,0.01068591005175179,-0.04521709924910622,0.012387929149355381,0.025753166791582238,0.018261778069345924,0.06152490138753297
2023-03-12,138.14,-0.00792674098740409,0.02302012451136526,-0.00792674098740409,-0.006877081221948633,-0.28895889745504266,-0.002099319530907917,-0.3654492492870701,0.0022368611553484907,-0.31310569954090617,0.005476328362531202,-0.2743618655223805,0.010303556778149536,-0.24309596990951055
2023-03-13,139.85,-0.011154808723632503,0.0018591347872722874,-0.017518770110832915,-0.012227386485520242,-0.09573034980180439,-0.017461565963529768,-0.3525736365196268,-0.010732928137290987,-0.3515734388988423,-0.0068609224168749705,-0.34259012624952845,-0.002629007269692174,-0.3102533732739907
2023-03-14,141.83,-0.021293097370090996,0.0022562222378903485,-0.021293097370090996,-0.013960375096947142,0.04490138880404593,-0.02794895297186506,-0.24132550257035457,-0.022928858492562765,-0.29401405860786856,-0.020803074102798913,-0.28962288282494997,-0.016825307292766767,-0.2685146880450531
2023-03-15,142.89,-0.006648470851704058,0.0016376233466304235,-0.008957939673874815,-0.007418293792427533,0.24914169643058126,-0.02921128140527407,0.041260380797840446,-0.027258730491987904,-0.09374955670891072,-0.027174749807544085,-0.08736782139187949,-0.024247089836002766,-0.08886627386652102
2023-03-16,142.93,-0.003008465682502015,0.0032183586370948536,-0.009795004547680675,-0.00027985727279100647,-0.5556468197544095,-0.020639473868324654,-0.5046458453865926,-0.02546001539215148,-0.590130620897318,-0.026072203176379927,-0.5896466452501599,-0.02459012570255703,-0.5954374771424491
2023-03-19,145.13,-0.011231309860125327,0.0018604010197753595,-0.013091710879900798,-0.015158823124095555,0.8971260257352911,-0.027575277337556714,0.17768172814862648,-0.03886860056501196,-0.09548005169446894,-0.0388410390684214,-0.1719759612842846,-0.039201635315462724,-0.19489218563719768
2023-03-20,144.08,0.005760688506385225,0.00798167684619644,-0.008606329816768565,0.007287617990005435,0.08074734199523714,-0.010785674625205632,0.2738638990123283,-0.028546640755137465,0.02187461306219496,-0.030059689061632366,-0.10289448825153646,-0.03161669442901971,-0.1196236969654445
2023-03-21,143.99,0.00034724633655103254,0.012223071046600475,-0.0011111882769636594,0.0006250434057921694,0.3532919227338047,-0.004291964719769559,0.6727154162526277,-0.023411348010279776,0.4205789396608106,-0.028005417042849978,0.2214956322331021,-0.030390999374955263,0.20097619259984079
2023-03-22,143.79,0.003129563947423364,0.009249600111273404,-0.0041727519298977445,0.0013909173099659888,-0.01024970549156523,9.736421170014609e-05,0.5486556957559863,-0.017595103971070114,0.409651653402054,-0.025439877599276683,0.20554454993980276,-0.028122029811992744,0.18550424790662468
2023-03-23,146.72,-0.016494002181025036,0.00027262813522344054,-0.016494002181025036,-0.0199700109051254,-0.0581166560520644,-0.018647764449288617,0.4171540651214798,-0.03229280261723122,0.34922642492493017,-0.04362731733914926,0.13510003543986282,-0.046344511086875984,0.10936269211914862
2023-03-26,145.95,0.0064405618362453065,0.010069201781432113,-0.0005481329222335463,0.005275779376498813,0.038610778556455116,-0.008276807125725427,0.14229291909829667,-0.020657759506681472,0.404998871079282,-0.03602603631380619,0.18640498915357306,-0.03910471622701672,0.1499328731573073
2023-03-27,146.36,0.0012981688986062334,0.0031087728887673194,-0.0038261820169445127,-0.0028013118338345855,0.4041951032211628,-0.00993440830827863,0.4871474565326812,-0.0180650450942893,0.9154656491484281,-0.03639997267012873,0.6670835040970233,-0.04004509428805536,0.597392597648156
2023-03-28,146.81,0.0018391117771270338,0.0032702132007356166,-0.0037463388052585422,-0.003065186295211464,-0.15514598693075687,-0.00986308834547811,0.11450370017208189,-0.016640555820449432,0.5179274745821805,-0.0363565152237586,0.3834208412184994,-0.04155938514633284,0.3437640607240833
2023-03-29,147.45,-0.003594438792811183,0.0006103763987792554,-0.007799253984401289,-0.004340454391319026,0.211256479150153,-0.01033570701932629,0.31394110093097716,-0.017531366564938256,0.7454495626816493,-0.037436419125127074,0.6500078318063132,-0.04401718096529739,0.6254919993342762
2023-03-30,148.69,-0.006389131750622057,0.0,-0.007498823054677528,-0.008339498285022562,-0.46423951676970765,-0.01366601654448607,-0.3395147660494966,-0.022657878808259757,-0.10318446327073505,-0.04293496536418062,-0.12773575444623442,-0.05008630932364733,-0.13525219593555782
2023-04-02,149.51,-0.007257039662898701,0.003745568858270376,-0.01618620828038253,-0.0054845829710387095,0.34330161770668766,-0.016440371881477067,-0.058927587701514184,-0.02416560765166309,0.061195365696788295,-0.04559561233362308,0.19291918632289806,-0.05272111118542677,0.16214311181331365
2023-04-03,150.23,-0.000998469014178105,0.009851560939892368,-0.000998469014178105,-0.004792651268055614,-0.14786285096774054,-0.016414830593088237,-0.203899735885261,-0.02592691206816322,-0.1352952845674723,-0.04712108100911927,0.0223273983223784,-0.055153209523174374,-0.021178266874733565
2023-04-04,151.26,0.0004627793203757502,0.007206135131561542,-0.0007272246463042586,-0.00680946714266828,0.10167764296159953,-0.017995504429456854,-0.040897545301315064,-0.02849398386883606,-0.06441618028217821,-0.0494215258495303,0.13546588313547892,-0.05931288289479364,0.07733401522598249
2023-04-05,152.22,-0.0023321508343187025,0.004861384837735017,-0.005276573380633365,-0.006306661411115577,0.12872098865482617,-0.018341873603991976,0.12356325979338623,-0.029844961240311108,0.06278512247161494,-0.050923006175272345,0.2869575781505076,-0.06288923925896606,0.21581478321521974
2023-04-09,150.96,0.004570747217806037,0.004703232644408972,-0.009605193428722902,0.008346581875993575,0.10381827009071154,-0.003828828828826625,0.2926197010348792,-0.016163222045576076,0.1651754388654656,-0.037817965023847155,0.43009870448447685,-0.05238032149796734,0.339069654614369
2023-04-10,150.66,0.003949289791583599,0.005177220230983659,-0.0009292446568431867,0.001991238550378416,-0.22498774951889233,0.0011681932828908614,-0.08673584604048457,-0.011389884508165027,-0.1168376822739301,-0.03133213859020301,0.10013640690893877,-0.04790477454754516,0.03584780432141099
2023-04-11,151.07,-0.00503078043291183,0.00887006023697623,-0.0075461706493678005,-0.002713973654597135,0.028334104475666644,-2.6477791750023627e-05,-0.04162474259051685,-0.010955186337460399,-0.08538142220368583,-0.029817303236909898,0.11481176524255132,-0.04794686789788294,0.06786333294233149
2023-04-12,151.77,-0.00573235817355211,0.0006588917440863984,-0.012848389009685768,-0.004612242208605233,0.11810642092205237,-0.0035316597483012746,0.05056529397727738,-0.012413520458589677,0.05769133524357395,-0.030595638136654113,0.2184111546875882,-0.04937075838439664,0.19051269860642317
2023-04-13,151.0,0.0023178807947019653,0.0039066225165562685,-0.0032450331125828402,0.005099337748344368,0.22571493767725248,0.002225165562915965,0.2606732366076312,-0.004092715231789001,0.3076357813351933,-0.022360927152317633,0.45620725679436935,-0.041408388520970174,0.4472312115213466
2023-04-16,151.05,0.0007944389275071906,0.0027805362462760552,-0.004700430321085802,-0.0003310162197948108,0.04244971547115828,0.00027805362462962613,0.2713172722937174,-0.0020721615359162726,0.37154595206546137,-0.019999999999999685,0.48794113957240026,-0.03928279819044378,0.49745924554062815
2023-04-17,151.21,-0.0015210634217315278,0.002513061305469133,-0.007307717743535558,-0.0010581310759870677,0.033188068849689945,-0.0006613319224899605,0.2848702094463438,-0.0015673566563069175,0.3355540555099181,-0.018351960849149807,0.39784532097984027,-0.0380728787778577,0.5394380808735684
2023-04-18,151.24,-0.0004628405183815243,0.00436392488759596,-0.0035043639248876213,-0.00019836022216346283,0.08358985169664335,-0.00013224014810697682,0.28003544917444656,-0.0006413647183294291,0.4064568101944779,-0.01653663052102583,0.4596978664047673,-0.03587014017455614,0.6613022472945598
2023-04-19,150.85,-0.0031819688432216386,0.0033808418959231368,-0.003215114352005166,0.0025853496851178104,-0.2843637989740254,0.0026781571097136414,-0.16975864478413183,0.0026118660921437,-0.047136947597869794,-0.011620815379515648,0.00810383419260119,-0.030354656943983205,0.17796903975270784
2023-04-20,156.07,-0.007240340872685325,0.013071057858653257,-0.010059588646120332,-0.033446530403024255,-0.6395419244314722,-0.03203690651630464,-0.702442815166082,-0.031184724802974073,-0.6614551358499003,-0.04248093804062225,-0.6378530011627396,-0.059951731060847835,-0.5757417758255834
2023-04-23,156.35,-0.007227374480332505,0.005756315957787139,-0.007227374480332505,-0.0017908538535337248,0.8344474431620259,-0.027284937639908247,-0.19771157307556342,-0.030457307323314198,-0.26209571105838725,-0.040268628078029445,-0.27962620485950085,-0.05747788082293892,-0.17893379046136537
2023-04-24,156.39,0.0007673124880107629,0.009911119636805577,-0.0038365624400537035,-0.00025577082933680995,-0.027811400449233803,-0.020755802800688228,-0.12859609106424674,-0.027258776136582785,-0.2440422098025129,-0.03743525800882341,-0.28788786633610486,-0.05363514291194982,-0.19305056643329066
2023-04-25,154.58,0.004657782378056696,0.009186181912278268,-0.0015525941260189358,0.01170914736705897,0.7221066708891359,-0.002587656876695932,0.6733767457684643,-0.01216198732048257,0.3437431860554465,-0.022787553370422597,0.2513603012597012,-0.03861862250398829,0.3896852354160856
2023-04-26,156.47,-0.007477471719818385,0.0008947402057903897,-0.009330862146098351,-0.012078992778168263,0.007983247748494904,-0.010366204384224753,0.7286171880381134,-0.02185083402569299,0.32754031109362214,-0.031964593851856016,0.26790526937218395,-0.04709315949809234,0.3704274539042911
2023-04-27,156.38,-0.0006714413607877834,0.0063307328302852905,-0.0039647013684614985,0.000575521166389592,-0.16493307040640148,-0.0026090292876304044,0.4241547784212707,-0.01828238905230961,0.09669652861380884,-0.02831883872617935,0.05720289870686668,-0.043424137784029315,0.12112534951117082
2023-04-30,156.57,-0.003448936577888473,0.0052692086606631605,-0.004917928083285283,-0.0012135147218496067,0.49676507850553,-0.003423388899531421,0.6570973332282553,-0.01603755508718252,0.6746830557217991,-0.02664622852398235,0.60367152860737,-0.04171297183368361,0.666713024121222
2023-05-01,156.43,0.001022821709390831,0.0031963178418461524,-0.0048584031196063915,0.0008949689957169493,-0.2694607239951753,-0.002250207760657541,0.048496914633506805,-0.011628204308637646,0.21484017961172786,-0.023256408617272406,0.13505208527300883,-0.037948816296958454,0.1412682684173845
2023-05-02,156.23,0.0026243359149971113,0.008577097868527117,-0.005120655443896727,0.0012801638609742927,-0.08867535964013218,-0.0009217179798992614,-0.15110563464056948,-0.007021698777444518,0.12623957815477005,-0.019791333290660518,0.03042888764329188,-0.03430625786767283,0.022078476414495674
2023-05-03,155.51,0.003793968233554157,0.007009195550125469,-0.0027007909459197954,0.004629927335862538,0.18034643471549816,0.0058259918976293346,0.04004996076759393,0.0007845154652423858,0.3689511733851609,-0.01332390199987088,0.20666193643144326,-0.027230831886480122,0.1929294667628929
2023-05-04,156.03,-0.004037685060565233,0.0017945266935845972,-0.00858809203358335,-0.0033326924309428074,0.22648444270305723,0.0012433506377000914,0.2799707306581316,0.0004358136255837586,0.6672185877868433,-0.015250272383515284,0.4648842224058869,-0.02801170715033341,0.45611973490472635
2023-05-07,155.3,0.00032195750160957104,0.0027688345138441317,-0.0027688345138442427,0.00470057952350289,-0.19422022716479903,0.005499034127497193,-0.03995092390356958,0.0051126851255622885,0.12348609150381185,-0.009394719896972936,0.166127706926666,-0.02081562567074402,0.1611969792426453
2023-05-08,153.71,0.013922321254310033,0.014768069741721401,-0.0008457484874113685,0.01034415457680038,0.10701512064698071,0.014247609134085737,0.11224743112682933,0.014826621560079634,0.17307621010903818,0.0022640036432250987,0.2915784586067789,-0.008826144471189568,0.2765559572313987
2023-05-09,154.03,-0.0037655002272285465,0.0018827501136142732,-0.01032266441602292,-0.0020775173667466618,-0.0594670204384824,0.008608712588458856,0.012842076749359776,0.010978380834901325,0.021933459996879012,0.0011718496396815326,0.19542453879761612,-0.009205998831395612,0.19051256533498906
2023-05-10,154.39,0.002720383444523744,0.0032385517196709124,-0.006477103439341936,-0.0023317572381630347,0.36034713806216523,0.0034069564090959403,0.31944426324998765,0.008264783988599644,0.3876359101473854,-0.00020402875833835932,0.606405543520429,-0.00986031046915714,0.6246690721661281
2023-05-11,155.96,-0.008111054116440197,0.0005770710438575133,-0.01006668376506814,-0.01006668376506814,-0.33459016552605625,-0.008130289817900205,-0.17523058263747815,-0.0032187740446277813,-0.10159662616133713,-0.009428699666580331,0.04993434089317317,-0.018207660083781385,0.07160032634739988
2023-05-14,156.01,0.0038459073136338784,0.004743285686815035,-0.008781488366130352,-0.000320492276136064,-0.029920198031211598,-0.00853791423626482,-0.1532317839799192,-0.003807448240498279,-0.13774432566117512,-0.008156528427664012,0.025668026616907813,-0.016704057432214925,0.04652512152877808
2023-05-15,155.74,0.0008347245409014992,0.007576730448182634,-0.0052009759856170845,0.0017336586618721395,-0.031596620561025746,-0.00590728136637797,-0.16338236480250035,-0.0024399640426362446,-0.13690819713000568,-0.004844612816231275,0.003262057104084448,-0.013432644150506268,-7.997740888576743e-05
2023-05-16,155.08,0.0076089760123805306,0.009543461439257106,-0.007608976012380753,0.004255867939128244,0.3042995206944845,0.0009414495744148876,0.14342636730832203,0.001360588083568759,0.13339685041133298,0.0008511735878264926,0.32526958019480134,-0.00789484996990708,0.3031836215044612
2023-05-17,152.53,0.005113748115124883,0.007342817806333279,-0.006097161214187463,0.016718022684062195,-0.38735711192821554,0.019051989772505884,-0.3128587617772354,0.017347407067461074,-0.3268964975184384,0.018842194978037963,-0.18487171334212682,0.009751087217816146,-0.21317715143694294
2023-05-18,153.17,-0.004570085525886225,0.0009793040412613419,-0.008683162499183772,-0.004178363909381644,0.47190436926287105,0.012365345694328678,0.15874306916947822,0.011151008683161656,0.03502076093998485,0.015133511784293008,0.21698753922913183,0.005808361080282376,0.16445799993829913
2023-05-21,149.16,0.022392062215071062,0.023062483239474352,-0.0022123893805309214,0.026883883078573367,-0.39639473670511705,0.0358407079646037,-0.31324179265476393,0.03641727004558759,-0.36554369381099305,0.04145213193885855,-0.32968190145332654,0.03306069545007695,-0.2998593908633095
2023-05-22,147.55,0.008403930870891196,0.009013893595391176,-0.0032531345306676673,0.010911555404947482,0.287795839037599,0.03785835310064556,-0.03510878040796672,0.04356489325652224,-0.13511608906224737,0.05037953236191206,-0.13867651552794724,0.0439263526488205,-0.08209677279584804
2023-05-23,146.33,0.008610674502836035,0.012779334381193053,-0.0016401284767307844,0.008337319756714257,0.06265583121040907,0.035317433198935655,0.04357210048396065,0.0480557643682078,-0.05236276167915288,0.05611631244447568,-0.10404543469067273,0.05192145606961529,-0.02571971214641633
2023-05-24,145.39,0.000687805213563708,0.005640002751220896,-0.007153174221060543,0.006465369007497168,-0.11598046177270971,0.02997455120710013,-0.03235364185251588,0.04953573148084356,-0.14690162182154753,0.06010729761331701,-0.20095845661459544,0.05763578421257898,-0.14067634751289926
2023-05-25,145.4,-0.00048143053645111067,0.004195323246217297,-0.004642365887207789,-6.87757909216824e-05,0.3803722891681216,0.020082530949107724,0.3150574314188821,0.043273727647866744,0.24152208366594263,0.05622420907840553,0.12104920073062742,0.056100412654746634,0.19340101777555874
2023-05-29,143.18,0.004749266657354534,0.0060064254784186755,-0.0057968990082414296,0.015504958793127521,-0.1518677181971636,0.025045397401873615,0.11398949512474021,0.05207431205475488,0.04332938263133301,0.06876658751222342,-0.058536654224742635,0.07117148577548149,0.013586800447470626
