date,open_price,close_price,lowest_price,highest_price,volume
2018-05-16,3.33,3.15,3.13,3.39,2907040.0
2018-05-17,3.3,3,2.84,3.3,6380538.0
2018-05-20,3.1,2.31,2.01,3.24,12811945.0
2018-05-21,2.3,2.28,1.96,2.4,7545915.0
2018-05-22,2.25,2.03,2.02,2.26,3155881.0
2018-05-23,2.03,2.04,2,2.16,1630572.0
2018-05-24,2.04,1.74,1.72,2.07,5334333.0
2018-05-28,1.76,1.65,1.53,1.78,3791767.0
2018-05-29,1.67,1.8,1.67,1.9699,3441562.0
2018-05-30,1.91,2.27,1.89,2.35,15970159.0
2018-05-31,2.28,2.52,2.2545,2.59,7930406.0
2018-06-03,2.51,2.64,2.12,2.65,6581288.0
2018-06-04,2.61,2.8,2.46,2.89,5159324.0
2018-06-05,2.78,2.6,2.5,2.86,4958262.0
2018-06-06,2.53,2.52,2.3,2.58,2447872.0
2018-06-07,2.6,2.48,2.38,2.63,1823559.0
2018-06-10,2.44,2.51,2.41,2.58,1517304.0
2018-06-11,2.51,2.24,2.22,2.5396,2532143.0
2018-06-12,2.28,2.13,2.02,2.31,2641745.0
2018-06-13,2.14,2.17,2.08,2.3,1835483.0
2018-06-14,2.16,2.11,2.11,2.22,1409070.0
2018-06-17,2.1,2.21,2.07,2.23,1531878.0
2018-06-18,2.18,2.1,2.06,2.1883,1095709.0
2018-06-19,2.1,2.1,1.9607,2.12,1800232.0
2018-06-20,2.08,2.07,2,2.11,674790
2018-06-21,2.07,2.05,1.975,2.12,1002773.0
2018-06-24,2.08,2,1.95,2.08,1189876.0
2018-06-25,2.02,2.01,1.94,2.03,575534
2018-06-26,2,1.89,1.87,2.02,978338
2018-06-27,1.85,1.99,1.83,2.02,956921
2018-06-28,2,1.95,1.9,2,484768
2018-07-01,1.96,2.05,1.95,2.09,1041357.0
2018-07-02,2.07,1.98,1.96,2.07,309741
2018-07-04,2,1.98,1.96,2.03,474399
2018-07-05,1.97,1.94,1.9157,1.9933,616985
2018-07-08,2.02,2.05,2,2.07,954279
2018-07-09,2.06,2,1.99,2.0694,495279
2018-07-10,2,1.95,1.92,2.02,787519
2018-07-11,1.98,2,1.9,2.02,613294
2018-07-12,2,2,1.96,2.0379,265175
2018-07-15,1.98,1.99,1.97,2.01,349085
2018-07-16,1.99,1.94,1.93,2,514235
2018-07-17,1.94,1.94,1.9101,1.96,328517
2018-07-18,1.93,1.9,1.85,1.9486,786073
2018-07-19,1.91,1.85,1.85,1.929,400056
2018-07-22,1.93,1.92,1.8573,1.95,577430
2018-07-23,1.93,1.84,1.81,1.95,608011
2018-07-24,1.85,1.83,1.8,1.87,354043
2018-07-25,1.82,1.78,1.75,1.82,325675
2018-07-26,1.78,1.69,1.66,1.8,572452
2018-07-29,1.72,1.72,1.6,1.72,536056
2018-07-30,1.72,1.75,1.66,1.76,354904
2018-07-31,1.74,1.82,1.69,1.825,496496
2018-08-01,1.82,1.73,1.71,1.87,624009
2018-08-02,1.76,1.71,1.68,1.774,229547
2018-08-05,1.71,1.65,1.63,1.72,396064
2018-08-06,1.63,1.6,1.6,1.6688,454688
2018-08-07,1.59,1.54,1.52,1.699,722325
2018-08-08,1.69,1.73,1.68,1.85,3852328.0
2018-08-09,1.7,1.79,1.7,1.8,624578
2018-08-12,1.85,1.88,1.8,1.96,1327276.0
2018-08-13,1.96,1.89,1.81,1.97,834998
2018-08-14,1.9,1.92,1.82,1.9448,531747
2018-08-15,1.9,1.88,1.86,1.92,344506
2018-08-16,1.87,1.78,1.76,1.8812,576237
2018-08-19,1.78,1.72,1.665,1.8021,1075811.0
2018-08-20,1.73,1.81,1.7,1.83,541042
2018-08-21,1.81,1.82,1.76,1.9,376028
2018-08-22,1.83,1.78,1.78,1.84,227419
2018-08-23,1.8,1.77,1.74,1.8,308484
2018-08-26,1.79,1.73,1.73,1.8,347995
2018-08-27,1.74,1.76,1.72,1.77,426046
2018-08-28,1.75,1.91,1.75,1.95,1053186.0
2018-08-29,1.93,2.05,1.87,2.1198,2293869.0
2018-08-30,2.09,2.24,2.05,2.35,3037909.0
2018-09-03,2.4,2.38,2.28,2.49,3779124.0
2018-09-04,2.35,2.29,2.2,2.35,1956687.0
2018-09-05,2.29,2.16,2.12,2.29,1138936.0
2018-09-06,2.15,2.2,2.08,2.26,962684
2018-09-09,2.22,2.27,2.2155,2.34,1265119.0
2018-09-10,2.28,2.25,2.21,2.34,895904
2018-09-11,2.23,2.22,2.15,2.27,692331
2018-09-12,2.22,2.31,2.17,2.43,1970411.0
2018-09-13,2.31,2.21,2.18,2.3215,1125018.0
2018-09-16,2.22,2.1,2.09,2.28,1157037.0
2018-09-17,2.14,2.08,2.02,2.152,991858
2018-09-18,2.06,2.1,2.04,2.189,937267
2018-09-19,2.16,2.07,2.06,2.17,763732
2018-09-20,2.1,2.09,2.03,2.13,966332
2018-09-23,2.08,2.09,2.06,2.15,844582
2018-09-24,2.1,2.04,1.98,2.1175,1259013.0
2018-09-25,2.06,1.98,1.93,2.07,970778
2018-09-26,1.99,2.14,1.94,2.17,1702406.0
2018-09-27,2.16,2.15,2.12,2.24,1419306.0
2018-09-30,2.22,2.04,1.995,2.22,1106383.0
2018-10-01,2.02,2.04,1.97,2.1,855508
2018-10-02,2.05,1.98,1.91,2.05,858003
2018-10-03,1.96,1.9,1.89,1.9899,847383
2018-10-04,1.91,1.87,1.82,1.93,770833
2018-10-07,1.88,1.85,1.76,1.88,882244
2018-10-08,1.83,1.81,1.77,1.85,534974
2018-10-09,1.8,1.75,1.75,1.851,1077909.0
2018-10-10,1.73,1.77,1.73,1.89,787882
2018-10-11,1.84,1.76,1.74,1.84,635997
2018-10-14,1.76,1.73,1.7,1.79,648967
2018-10-15,1.73,1.78,1.72,1.7904,371638
2018-10-16,1.8,1.71,1.68,1.8,645985
2018-10-17,1.69,1.65,1.61,1.7,601707
2018-10-18,1.66,1.62,1.61,1.72,910184
2018-10-21,1.65,1.59,1.56,1.65,753535
2018-10-22,1.58,1.55,1.5,1.59,941746
2018-10-23,1.56,1.44,1.44,1.56,955060
2018-10-24,1.45,1.56,1.36,1.62,1285049.0
2018-10-25,1.51,1.48,1.41,1.55,913853
2018-10-28,1.5,1.45,1.41,1.54,661584
2018-10-29,1.42,1.46,1.38,1.47,1023970.0
2018-10-30,1.45,1.48,1.41,1.48,907445
2018-10-31,1.48,1.58,1.44,1.59,801828
2018-11-01,1.58,1.6,1.55,1.63,622021
2018-11-04,1.61,1.59,1.52,1.63,391069
2018-11-05,1.58,1.56,1.51,1.6,468046
2018-11-06,1.55,1.54,1.5,1.59,399722
2018-11-07,1.75,1.86,1.67,1.94,5173482.0
2018-11-08,1.9,1.79,1.74,1.94,1353152.0
2018-11-11,1.8,1.73,1.69,1.8,687498
2018-11-12,1.73,1.69,1.67,1.79,668894
2018-11-13,1.73,1.6,1.5627,1.74,1150094.0
2018-11-14,1.58,1.59,1.55,1.64,630527
2018-11-15,1.6,1.7,1.56,1.78,1905194.0
2018-11-18,1.75,1.74,1.71,1.81,1248351.0
2018-11-19,1.66,1.7,1.64,1.74,1073371.0
2018-11-20,1.71,1.66,1.6,1.75,1703311.0
2018-11-22,1.66,1.83,1.66,1.87,1713643.0
2018-11-25,1.83,1.73,1.72,1.86,1471349.0
2018-11-26,1.77,1.66,1.65,1.79,1018248.0
2018-11-27,1.67,1.68,1.62,1.75,1174959.0
2018-11-28,1.66,1.74,1.66,1.77,1797929.0
2018-11-29,1.75,1.73,1.69,1.75,940484
2018-12-02,1.77,1.7,1.63,1.7911,1558506.0
2018-12-03,1.68,1.64,1.62,1.69,787957
2018-12-05,1.61,1.6,1.57,1.6275,1030258.0
2018-12-06,1.6,1.55,1.52,1.6221,906966
2018-12-09,1.54,1.58,1.52,1.6,816991
2018-12-10,1.6,1.52,1.5,1.625,1057940.0
2018-12-11,1.53,1.53,1.47,1.59,1195698.0
2018-12-12,1.53,1.44,1.38,1.59,1213929.0
2018-12-13,1.43,1.4,1.38,1.46,533521
2018-12-16,1.41,1.31,1.27,1.41,1597813.0
2018-12-17,1.32,1.13,1.02,1.36,2394859.0
2018-12-18,1.13,1.09,1.08,1.26,1286653.0
2018-12-19,1.14,1.03,1,1.16,1244321.0
2018-12-20,1.02,0.9601,0.9401,1.09,1267165.0
2018-12-23,0.945,1.04,0.92,1.04,396260
2018-12-25,1.02,1.23,1.02,1.25,1199450.0
2018-12-26,1.3,1.31,1.24,1.4385,1970982.0
2018-12-27,1.34,1.42,1.27,1.4769,1632001.0
2018-12-30,1.5,1.42,1.35,1.54,1690155.0
2019-01-01,1.44,1.47,1.3799,1.55,2069184.0
2019-01-02,1.09,0.9299,0.91,1.09,11081661.0
2019-01-03,0.938,0.86,0.82,0.947341,5247222.0
2019-01-06,0.871,0.8523,0.85,0.9,3489590.0
2019-01-07,0.87,0.8701,0.853,0.9088,2509380.0
2019-01-08,0.86,0.8201,0.794427,0.88,2855944.0
2019-01-09,0.82,0.7904,0.7825,0.82,1887469.0
2019-01-10,0.7901,0.7625,0.74,0.7985,2558613.0
2019-01-13,0.75,0.79,0.73,0.8489,1738652.0
2019-01-14,0.832,0.783,0.77,0.836,1503752.0
2019-01-15,0.8,0.7518,0.745,0.81,2218388.0
2019-01-16,0.75,0.6892,0.6789,0.776,4424696.0
2019-01-17,0.72,0.7049,0.6609,0.72,2460534.0
2019-01-21,0.71,0.7355,0.7099,0.7598,1286285.0
2019-01-22,0.749,0.737,0.715,0.77,892441
2019-01-23,0.751,0.758,0.74,0.7798,1035881.0
2019-01-24,0.775,0.754,0.738,0.775,539521
2019-01-27,0.76,0.7136,0.688095,0.76,1399050.0
2019-01-28,0.72,0.7,0.685,0.72,596189
2019-01-29,0.72,0.711,0.69,0.7538,810251
2019-01-30,0.745,0.729,0.7,0.745,597044
2019-01-31,0.724,0.7501,0.7175,0.7615,804658
2019-02-03,0.7428,0.76,0.7274,0.76,629837
2019-02-04,0.7568,0.8203,0.7568,0.8423,1380385.0
2019-02-05,0.85,0.8211,0.8191,0.868,898171
2019-02-06,0.822,0.7657,0.764,0.8456,870990
2019-02-07,0.77,0.8235,0.7601,0.8338,764675
2019-02-10,0.815,0.7953,0.7802,0.82,705866
2019-02-11,0.8,0.8146,0.8,0.82,615223
2019-02-12,0.82,0.8151,0.795,0.8299,679546
2019-02-13,0.8147,0.7929,0.7715,0.8147,1289768.0
2019-02-14,0.81,0.8401,0.8,0.8599,1557047.0
2019-02-18,0.88,0.8401,0.8351,0.8888,1357017.0
2019-02-19,0.8501,0.8123,0.8002,0.8556,1294513.0
2019-02-20,0.81,0.8285,0.8,0.8369,869784
2019-02-21,0.83,0.812,0.8,0.8378,558353
2019-02-24,0.81,0.8307,0.801,0.845,1258049.0
2019-02-25,0.89,1.05,0.88,1.06,5640278.0
2019-02-26,1.05,1,0.9655,1.07,2672279.0
2019-02-27,1.04,0.95,0.9001,1.06,2284872.0
2019-02-28,0.961,1.02,0.92,1.05,3620643.0
2019-03-03,1.1,0.95,0.91,1.1,5008976.0
2019-03-04,0.9237,0.916,0.9102,0.9694,956451
2019-03-05,0.92,0.8701,0.85,0.9233,1826834.0
2019-03-06,0.875,0.8646,0.85,0.8779,672282
2019-03-07,0.8709,0.9289,0.8709,0.9646,834915
2019-03-10,0.9225,0.9582,0.91,0.98,1140403.0
2019-03-11,0.98,1.01,0.96,1.02,1431934.0
2019-03-12,1.02,1.01,0.98,1.02,948644
2019-03-13,1.02,0.9827,0.98,1.02,679872
2019-03-14,0.9893,0.9654,0.95,1.01,636451
2019-03-17,0.97,0.959,0.9501,0.9897,577277
2019-03-18,0.9615,0.9803,0.96,0.992,1041888.0
2019-03-19,0.9833,0.9636,0.956,0.9897,488239
2019-03-20,0.96,0.909,0.886,0.965,1437521.0
2019-03-21,0.91,0.88,0.855,0.91,1157354.0
2019-03-24,0.8905,0.8711,0.84,0.8905,558004
2019-03-25,0.88,0.9,0.8512,0.9099,360782
2019-03-26,0.8894,0.9002,0.867,0.91,975705
2019-03-27,0.9001,0.96,0.8901,0.975,1418686.0
2019-03-28,0.97,1.03,0.97,1.05,2315698.0
2019-03-31,1.03,1,0.99,1.05,825532
2019-04-01,1,1.01,0.95,1.04,1514351.0
2019-04-02,1.03,1.03,1.01,1.04,800996
2019-04-03,1.05,1.02,1,1.05,570448
2019-04-04,1.02,1.01,1,1.03,554712
2019-04-07,1.02,0.9762,0.962,1.02,979652
2019-04-08,0.98,0.952,0.9316,0.98,686058
2019-04-09,0.99,0.9984,0.9303,0.9985,915934
2019-04-10,1,0.9702,0.9516,1,377495
2019-04-11,0.9782,1.03,0.974,1.05,2084361.0
2019-04-14,1.03,1.13,1,1.15,3379385.0
2019-04-15,1.15,1.35,1.1,1.51,11900962.0
2019-04-16,1.33,1.18,1.17,1.4193,3497114.0
2019-04-17,1.17,1.18,1.13,1.27,1695027.0
2019-04-21,1.16,1.025,1,1.16,4199587.0
2019-04-22,1.05,1.07,1.03,1.095,1149073.0
2019-04-23,1.07,1.08,1.06,1.12,872337
2019-04-24,1.08,1.08,1.05,1.12,829468
2019-04-25,1.07,1.1,1.06,1.11,677673
2019-04-28,1.11,1.24,1.1,1.2901,5732836.0
2019-04-29,1.28,1.24,1.18,1.31,2430988.0
2019-04-30,1.26,1.23,1.2,1.28,1034591.0
2019-05-01,1.24,1.23,1.21,1.26,890894
2019-05-02,1.25,1.3,1.23,1.33,2207357.0
2019-05-05,1.26,1.34,1.25,1.38,1947841.0
2019-05-06,1.36,1.24,1.22,1.41,3760889.0
2019-05-07,1.26,1.3,1.22,1.32,1862626.0
2019-05-08,1.3,1.23,1.22,1.31,1402562.0
2019-05-09,1.25,1.16,1.13,1.28,3534191.0
2019-05-12,1.24,1.13,1.1,1.24,4174791.0
2019-05-13,1.19,1.19,1.13,1.2,1385808.0
2019-05-14,1.17,1.26,1.16,1.27,1061584.0
2019-05-15,1.23,1.37,1.2,1.39,2916747.0
2019-05-16,1.38,1.44,1.3,1.47,3300552.0
2019-05-19,1.46,1.75,1.41,1.75,6113996.0
2019-05-20,2.02,1.97,1.83,2.35,26806400.0
2019-05-21,1.86,2.06,1.8,2.17,7404312.0
2019-05-22,2,2.05,1.9325,2.06,2767876.0
2019-05-23,2.03,2.02,1.99,2.18,3802383.0
2019-05-27,2.06,2.27,2.03,2.29,4562919.0
2019-05-28,2.26,2.46,2.17,2.46,5539810.0
2019-05-29,2.5,2.36,2.15,2.6,7149130.0
2019-05-30,2.26,2.22,2.16,2.38,3126695.0
2019-06-02,2.25,2.15,2.0118,2.32,2492632.0
2019-06-03,2.17,2.23,2.11,2.25,1778803.0
2019-06-04,2.23,2.09,2.09,2.25,1993260.0
2019-06-05,2.05,2.14,2.04,2.19,1839864.0
2019-06-06,2.21,2.32,2.12,2.4,4882568.0
2019-06-09,2.5,1.9,1.8,2.53,10605206.0
2019-06-10,1.97,2.05,1.96,2.21,4786512.0
2019-06-11,2.05,1.91,1.85,2.07,4437756.0
2019-06-12,1.91,1.83,1.75,1.92,3791167.0
2019-06-13,1.85,1.7,1.66,1.85,3419101.0
2019-06-16,1.73,1.85,1.72,1.9,2632665.0
2019-06-17,1.86,1.84,1.81,1.92,3034382.0
2019-06-18,1.26,1.48,1.25,1.48,15656164.0
2019-06-19,1.48,1.4,1.35,1.48,3928907.0
2019-06-20,1.37,1.44,1.33,1.48,3490619.0
2019-06-23,1.41,1.47,1.41,1.49,1872001.0
2019-06-24,1.45,1.5,1.43,1.53,1939638.0
2019-06-25,1.52,1.66,1.51,1.66,2857489.0
2019-06-26,1.68,1.6,1.6,1.72,2546993.0
2019-06-27,1.59,1.5,1.5,1.62,3120006.0
2019-06-30,1.53,1.51,1.36,1.54,3934048.0
2019-07-01,1.47,1.39,1.38,1.48,2622591.0
2019-07-02,1.41,1.35,1.34,1.41,1769207.0
2019-07-04,1.33,1.23,1.2,1.34,4612782.0
2019-07-07,1.22,1.29,1.16,1.29,2095369.0
2019-07-08,1.27,1.23,1.23,1.28,1237004.0
2019-07-09,1.24,1.225,1.17,1.27,2438931.0
2019-07-10,1.22,1.22,1.19,1.24,957157
2019-07-11,1.2,1.2,1.19,1.2184,1158317.0
2019-07-14,1.2,1.22,1.19,1.24,1078174.0
2019-07-15,1.21,1.29,1.21,1.32,1616310.0
2019-07-16,1.28,1.31,1.28,1.39,2379375.0
2019-07-17,1.32,1.26,1.26,1.35,823227
2019-07-18,1.27,1.26,1.23,1.28,636227
2019-07-21,1.23,1.21,1.2,1.26,925567
2019-07-22,1.22,1.235,1.19,1.24,793758
2019-07-23,1.23,1.23,1.2,1.25,1567455.0
2019-07-24,1.21,1.2,1.2,1.25,747108
2019-07-25,1.21,1.14,1.14,1.22,1597873.0
2019-07-28,1.14,1.08,1.05,1.16,1889428.0
2019-07-29,1.07,1.145,1.07,1.16,1340829.0
2019-07-30,1.15,1.23,1.1401,1.29,3446272.0
2019-07-31,1.25,1.16,1.16,1.27,2144169.0
2019-08-01,1.16,1.2,1.15,1.205,1022958.0
2019-08-04,1.2,1.15,1.13,1.21,1082554.0
2019-08-05,1.19,1.13,1.12,1.2,950974
2019-08-06,1.14,1.17,1.11,1.18,845533
2019-08-07,1.18,1.17,1.15,1.19,1086015.0
2019-08-08,1.19,1.19,1.17,1.25,1573949.0
2019-08-11,1.19,1.18,1.16,1.22,725938
2019-08-12,1.18,1.15,1.1,1.2,2033948.0
2019-08-13,1.13,1.11,1.1,1.15,817351
2019-08-14,1.13,1.11,1.1,1.14,718739
2019-08-15,1.11,1.12,1.11,1.155,761486
2019-08-18,1.17,1.14,1.13,1.17,644327
2019-08-19,1.15,1.17,1.13,1.18,835425
2019-08-20,1.2,1.22,1.17,1.23,1233729.0
2019-08-21,1.23,1.17,1.16,1.25,1132721.0
2019-08-22,1.16,1.13,1.12,1.18,1111169.0
2019-08-25,1.15,1.13,1.13,1.15,997361
2019-08-26,1.16,1.11,1.11,1.1654,913524
2019-08-27,1.11,1.12,1.11,1.14,568951
2019-08-28,1.13,1.12,1.11,1.15,568126
2019-08-29,1.15,1.09,1.07,1.16,1323898.0
2019-09-02,1.1,1.07,1.06,1.1,890445
2019-09-03,1.09,1.06,1.06,1.09,657649
2019-09-04,1.06,1.04,1.02,1.06,820336
2019-09-05,1.05,1.115,1.0416,1.12,945504
2019-09-08,1.12,1.07,1.07,1.12,909999
2019-09-09,1.07,1.08,1.04,1.09,783054
2019-09-10,1.08,1.11,1.04,1.11,757255
2019-09-11,1.12,1.075,1.07,1.12,575921
2019-09-12,1.07,1.13,1.05,1.14,911964
2019-09-15,1.13,1.185,1.12,1.1995,1288900.0
2019-09-16,1.17,1.12,1.11,1.19,813287
2019-09-17,1.11,1.1,1.1,1.12,581388
2019-09-18,1.11,1.09,1.08,1.12,801584
2019-09-19,1.09,1.14,1.09,1.14,543040
2019-09-22,1.13,1.13,1.09,1.13,308758
2019-09-23,1.14,1.12,1.09,1.15,351589
2019-09-24,1.11,1.1,1.1,1.13,219132
2019-09-25,1.1,1.1,1.08,1.12,422019
2019-09-26,1.1,1.16,1.08,1.18,1302969.0
2019-09-29,1.15,1.17,1.119,1.19,867920
2019-09-30,1.18,1.21,1.1742,1.25,1268168.0
2019-10-01,1.22,1.25,1.17,1.3,1531931.0
2019-10-02,1.26,1.24,1.23,1.32,1417138.0
2019-10-03,1.26,1.22,1.21,1.28,754764
2019-10-06,1.23,1.22,1.19,1.23,585611
2019-10-07,1.21,1.18,1.17,1.22,553317
2019-10-08,1.18,1.15,1.12,1.19,763082
2019-10-09,1.14,1.13,1.12,1.15,356673
2019-10-10,1.14,1.13,1.12,1.14,536072
2019-10-13,1.12,1.16,1.11,1.17,451428
2019-10-14,1.16,1.2,1.16,1.22,627033
2019-10-15,1.21,1.22,1.195,1.26,852704
2019-10-16,1.22,1.19,1.19,1.22,364258
2019-10-17,1.19,1.18,1.17,1.2,261667
2019-10-20,1.18,1.19,1.16,1.22,518343
2019-10-21,1.19,1.21,1.17,1.22,544970
2019-10-22,1.2,1.19,1.19,1.23,584680
2019-10-23,1.21,1.38,1.19,1.41,7057512.0
2019-10-24,1.38,1.39,1.36,1.465,2715110.0
2019-10-27,1.42,1.5,1.39,1.54,2088574.0
2019-10-28,1.5,1.42,1.4,1.5,1699066.0
2019-10-29,1.3,1.2,1.2,1.3,2302610.0
2019-10-30,1.22,1.22,1.2,1.25,1412445.0
2019-10-31,1.23,1.2,1.19,1.25,1187315.0
2019-11-03,1.21,1.13,1.12,1.2175,1908278.0
2019-11-04,1.12,1.1,1.05,1.13,2402239.0
2019-11-05,1.25,1.15,1.115,1.25,3830513.0
2019-11-06,1.15,1.155,1.14,1.18,1072550.0
2019-11-07,1.15,1.135,1.11,1.16,748205
2019-11-10,1.13,1.12,1.12,1.15,597682
2019-11-11,1.1,1.14,1.065,1.16,1292029.0
2019-11-12,1.11,1.13,1.08,1.14,1033984.0
2019-11-13,1.13,1.14,1.09,1.16,1339725.0
2019-11-14,1.14,1.15,1.12,1.16,522433
2019-11-17,1.16,1.14,1.12,1.16,1001273.0
2019-11-18,1.12,1.14,1.12,1.16,774585
2019-11-19,1.13,1.12,1.11,1.16,1030279.0
2019-11-20,1.12,1.145,1.1,1.15,950679
2019-11-21,1.15,1.145,1.12,1.17,873503
2019-11-24,1.14,1.13,1.11,1.15,1183211.0
2019-11-25,1.13,1.145,1.12,1.16,1535676.0
2019-11-26,1.15,1.305,1.12,1.38,4266174.0
2019-11-28,1.25,1.18,1.1679,1.25,1800591.0
2019-12-01,1.2,1.18,1.16,1.21,780454
2019-12-02,1.18,1.205,1.1719,1.215,639034
2019-12-03,1.18,1.2,1.17,1.22,1687874.0
2019-12-04,1.26,1.2,1.18,1.27,2443003.0
2019-12-05,1.18,1.18,1.18,1.22,1199043.0
2019-12-08,1.2,1.17,1.13,1.22,2036826.0
2019-12-09,1.16,1.135,1.1,1.17,2158148.0
2019-12-10,1.15,1.095,1.05,1.1593,2544847.0
2019-12-11,1.11,1.09,1.085,1.11,909024
2019-12-12,1.1,1.1,1.03,1.1,1366962.0
2019-12-15,1.1,0.9201,0.85,1.1055,7135085.0
2019-12-16,0.91,1,0.86,1.02,2416138.0
2019-12-17,0.95,0.925,0.912,0.9868,1378466.0
2019-12-18,0.925,0.895,0.8772,0.925,1044238.0
2019-12-19,0.9038,0.886,0.87,0.91,884981
2019-12-22,0.89,0.944,0.86,0.9699,1646746.0
2019-12-23,0.95,0.9251,0.91,0.967,796407
2019-12-25,0.94,1,0.9301,1.08,3484026.0
2019-12-26,1.06,0.9938,0.94,1.08,2074173.0
2019-12-29,0.99,1.03,0.9826,1.05,3663754.0
2019-12-30,1.05,1.04,1.01,1.0586,1691156.0
2020-01-01,1.06,1.03,0.99,1.07,2329220.0
2020-01-02,1,1.025,1,1.05,1357625.0
2020-01-05,1.02,1.01,1,1.04,866836
2020-01-06,1.03,1.025,1.02,1.04,879083
2020-01-07,1.03,1,1,1.04,1320809.0
2020-01-08,1,0.9656,0.9529,1.02,2571131.0
2020-01-09,0.9689,1.01,0.964,1.03,1185032.0
2020-01-12,1.02,1.01,0.995,1.03,907910
2020-01-13,1.03,1.01,1.01,1.04,870315
2020-01-14,1.02,0.99,0.99,1.03,877849
2020-01-15,1,0.9999,0.978,1.02,1011205.0
2020-01-16,0.9951,0.9701,0.9701,1.01,832061
2020-01-20,0.97,0.9667,0.9012,0.9998,2158843.0
2020-01-21,0.97,0.94,0.9201,0.98,667092
2020-01-22,0.935,0.9296,0.9195,0.9558,688633
2020-01-23,0.94,0.8904,0.88,0.9499,1187366.0
2020-01-26,0.88,0.84,0.82,0.8898,1404053.0
2020-01-27,0.87,0.9814,0.855,0.9879,1739761.0
2020-01-28,1,0.98,0.932,1,947899
2020-01-29,0.96,0.9361,0.9,0.98,774640
2020-01-30,0.9399,0.9499,0.9,0.96,685729
2020-02-02,0.9525,0.931,0.931,0.98,505976
2020-02-03,0.9326,0.9101,0.9012,0.9699,850326
2020-02-04,0.9495,0.943,0.93,0.9775,864613
2020-02-05,0.96,0.9661,0.93,0.9799,585826
2020-02-06,0.9562,0.9365,0.9301,0.9918,705166
2020-02-09,0.9585,0.9367,0.93,0.9585,318857
2020-02-10,0.93,0.921,0.9051,0.9512,748062
2020-02-11,0.925,0.9103,0.91,0.9397,456129
2020-02-12,0.9101,0.8911,0.89,0.9199,725571
2020-02-13,0.8965,0.871,0.85,0.8989,1261875.0
2020-02-17,0.87,0.8606,0.81,0.872,1343451.0
2020-02-18,0.86,0.8403,0.82,0.8748,878953
2020-02-19,0.84,0.85,0.8271,0.8533,483870
2020-02-20,0.8543,0.8512,0.8333,0.8688,628721
2020-02-23,0.835,0.8224,0.7852,0.84,1465057.0
2020-02-24,0.8,0.7843,0.7755,0.84,1040916.0
2020-02-25,0.8,0.7903,0.790201,0.81892,615618
2020-02-26,0.7577,0.75,0.705,0.7874,1399695.0
2020-02-27,0.7201,0.76,0.7063,0.7769,1146676.0
2020-03-01,0.78,0.7741,0.75,0.79,572965
2020-03-02,0.787,0.7889,0.761,0.82,633798
2020-03-03,0.8085,0.834,0.7902,0.84,977365
2020-03-04,0.833,0.858,0.83,0.879,771474
2020-03-05,0.85,0.8355,0.83,0.9266,1612227.0
2020-03-08,0.7717,0.7595,0.74,0.8299,1337211.0
2020-03-09,0.78,0.7591,0.72,0.83,1148127.0
2020-03-10,0.72,0.72,0.7069,0.7479,1082035.0
2020-03-11,0.65,0.63,0.56,0.68,1287893.0
2020-03-12,0.65,0.6321,0.57,0.68,1205116.0
2020-03-15,0.4601,0.455,0.45,0.53,2329310.0
2020-03-16,0.43,0.4475,0.37,0.4597,4384571.0
2020-03-17,0.4,0.3944,0.39,0.4504,2004939.0
2020-03-18,0.41,0.4525,0.3946,0.485,1623572.0
2020-03-19,0.4615,0.491,0.45,0.52,1491094.0
2020-03-22,0.5,0.5287,0.4901,0.55,533098
2020-03-23,0.53,0.578,0.53,0.58,1070039.0
2020-03-24,0.58,0.57,0.55,0.6,1001061.0
2020-03-25,0.5763,0.6149,0.5702,0.67,1555007.0
2020-03-26,0.62,0.5656,0.532,0.65,1154914.0
2020-03-29,0.54,0.5527,0.52,0.6,750222
2020-03-30,0.5554,0.5606,0.55,0.594,728707
2020-03-31,0.5574,0.5616,0.5368,0.5894,392822
2020-04-01,0.55,0.53,0.51,0.58,649400
2020-04-02,0.5402,0.519,0.5,0.55,384060
2020-04-05,0.5294,0.54,0.5085,0.55,496651
2020-04-06,0.5552,0.5296,0.51,0.565,532912
2020-04-07,0.5481,0.5423,0.525,0.5695,960555
2020-04-08,0.544,0.5428,0.522,0.55,630221
2020-04-12,0.546,0.5985,0.53,0.6,733451
2020-04-13,0.59,0.5738,0.5508,0.61,1021323.0
2020-04-14,0.55,0.5525,0.5201,0.5869,506880
2020-04-15,0.5602,0.532,0.532,0.57,287285
2020-04-16,0.5566,0.5403,0.525,0.5698,609741
2020-04-19,0.54,0.5402,0.525,0.57,821025
2020-04-20,0.55,0.5212,0.51,0.55,497590
2020-04-21,0.53,0.5432,0.5205,0.55,329998
2020-04-22,0.56,0.5399,0.525,0.56,433179
2020-04-23,0.5306,0.5401,0.53,0.55,523583
2020-04-26,0.55,0.55,0.53,0.55,520505
2020-04-27,0.54,0.5363,0.535,0.5588,399177
2020-04-28,0.53,0.55,0.53,0.56,435906
2020-04-29,0.5524,0.5498,0.535,0.56,389391
2020-04-30,0.56,0.541,0.53,0.56,981476
2020-05-03,0.56,0.6457,0.5599,0.66,2734812.0
2020-05-04,0.64,0.6455,0.6,0.67,852542
2020-05-05,0.65,0.6294,0.61,0.66,813283
2020-05-06,0.7,0.715,0.6361,0.73,2768009.0
2020-05-07,0.82,0.8074,0.76,0.945,7275953.0
2020-05-10,0.79,0.7057,0.7035,0.8,3186733.0
2020-05-11,0.74,0.7199,0.69,0.7476,1025563.0
2020-05-12,0.73,0.6922,0.67,0.73,1072857.0
2020-05-13,0.66,0.6672,0.62,0.6922,702630
2020-05-14,0.6804,0.6761,0.666,0.6918,758589
2020-05-17,0.68,0.7411,0.68,0.75,1542093.0
2020-05-18,0.7477,0.74,0.72,0.7689,897383
2020-05-19,0.7579,0.7999,0.7551,0.81,2131196.0
2020-05-20,0.8099,0.8019,0.79,0.83,1140074.0
2020-05-21,0.81,0.8079,0.7845,0.8198,997725
2020-05-25,0.83,0.8701,0.82,0.8851,1739764.0
2020-05-26,0.88,0.82,0.79,0.8888,1599101.0
2020-05-27,0.83,0.8001,0.8,0.83,518321
2020-05-28,0.8067,0.8042,0.765,0.8225,1010007.0
2020-05-31,0.8346,0.8018,0.7704,0.8458,645956
2020-06-01,0.7929,0.7698,0.7113,0.7999,1107301.0
2020-06-02,0.7605,0.755,0.73,0.7811,711423
2020-06-03,0.78,0.76,0.74,0.78,683384
2020-06-04,0.7685,0.7835,0.761,0.79,605266
2020-06-07,0.79,0.784,0.7759,0.8,1065038.0
2020-06-08,0.7605,0.79,0.7605,0.79,716331
2020-06-09,0.79,0.7794,0.7655,0.8,1250321.0
2020-06-10,0.75,0.7457,0.73,0.775,1026479.0
2020-06-11,0.7512,0.7409,0.72,0.779,681986
2020-06-14,0.705,0.7506,0.70111,0.7699,749210
2020-06-15,0.7659,0.743,0.7304,0.7786,783477
2020-06-16,0.743,0.7356,0.7151,0.7613,1208149.0
2020-06-17,0.735,0.7378,0.73,0.76,726245
2020-06-18,0.75,0.7279,0.7279,0.76,803939
2020-06-21,0.75,0.735,0.725,0.7597,332845
2020-06-22,0.755,0.73,0.7272,0.755,327218
2020-06-23,0.7219,0.72,0.710201,0.7332,476334
2020-06-24,0.7134,0.7167,0.69,0.7299,290227
2020-06-25,0.7064,0.695,0.695,0.73,730717
2020-06-28,0.71,0.7,0.69,0.7174,428959
2020-06-29,0.7,0.72,0.69,0.7241,475363
2020-06-30,0.71,0.7137,0.7,0.725,286990
2020-07-01,0.713,0.7058,0.7,0.718,319137
2020-07-05,0.72,0.7049,0.6913,0.738,680298
2020-07-06,0.7,0.7071,0.695,0.74,825878
2020-07-07,0.74,0.7133,0.705,0.74,307771
2020-07-08,0.7133,0.6952,0.6887,0.7257,466334
2020-07-09,0.6922,0.7021,0.662,0.7052,421460
2020-07-12,0.7,0.6758,0.6726,0.7,504863
2020-07-13,0.68,0.6711,0.67,0.6989,324923
2020-07-14,0.682,0.6938,0.672357,0.6955,340778
2020-07-15,0.69,0.7196,0.67,0.7241,561711
2020-07-16,0.7106,0.7452,0.7051,0.75,838361
2020-07-19,0.75,0.781,0.73,0.783,1253296.0
2020-07-20,0.8,0.7949,0.7611,0.86,1933548.0
2020-07-21,0.8,0.832,0.8,0.837,1119945.0
2020-07-22,0.84,0.9688,0.831,1.05,8429300.0
2020-07-23,0.9488,0.99,0.8654,1.03,2727091.0
2020-07-26,1.04,1.06,1,1.13,2869954.0
2020-07-27,1.08,1,0.9488,1.08,1660716.0
2020-07-28,0.9689,1,0.95,1.06,2484953.0
2020-07-29,1.04,1.01,1,1.09,2417642.0
2020-07-30,1.19,1.04,1.01,1.22,9650366.0
2020-08-02,1.09,1.06,1.02,1.09,1971658.0
2020-08-03,1.04,1.05,1.01,1.06,892744
2020-08-04,1.05,1,0.99,1.05,1451591.0
2020-08-05,1,1,0.991,1.04,1047309.0
2020-08-06,1,1,0.99,1.03,1850426.0
2020-08-09,0.9985,1.06,0.98,1.12,2489747.0
2020-08-10,1.09,1.07,1.0601,1.11,1955808.0
2020-08-11,1.1,1.02,1.02,1.1,1037482.0
2020-08-12,1.03,1.05,1.01,1.06,720302
2020-08-13,1.03,1.05,1.02,1.08,708179
2020-08-16,1.08,1.08,1.06,1.1,750202
2020-08-17,1.07,1.09,1.07,1.17,3935215.0
2020-08-18,1.09,1.1,1.06,1.115,1055224.0
2020-08-19,1.1,1.1,1.08,1.1,511577
2020-08-20,1.09,1.1,1.07,1.12,705180
2020-08-23,1.1,1.03,1.02,1.11,1460879.0
2020-08-24,1.02,0.9855,0.96,1.03,1242263.0
2020-08-25,0.96,0.9778,0.96,1.02,499919
2020-08-26,0.97,0.9627,0.95,1,766863
2020-08-27,0.98,0.97,0.9571,0.99,663529
2020-08-30,1,1.03,0.96,1.1,3528489.0
2020-08-31,1.03,1.01,0.97,1.05,1030025.0
2020-09-01,1.01,1.03,0.981661,1.05,951076
2020-09-02,1.02,0.965,0.93,1.04,1888423.0
2020-09-03,0.97,0.9994,0.91,1.01,1434401.0
2020-09-07,1,0.97,0.96,1,469409
2020-09-08,0.97,1.02,0.97,1.05,455447
2020-09-09,1.01,1.01,1,1.03,480953
2020-09-10,1.02,1,0.98,1.03,536268
2020-09-13,1.02,1.04,0.99,1.12,3156292.0
2020-09-14,1.07,1.08,1.01,1.11,2457224.0
2020-09-15,1.06,1.07,1.03,1.18,4745897.0
2020-09-16,1.09,1.13,1.08,1.15,1202281.0
2020-09-17,1.15,1.26,1.14,1.34,6994068.0
2020-09-20,1.28,1.39,1.22,1.44,10145651.0
2020-09-21,1.45,1.4,1.33,1.54,11375173.0
2020-09-22,1.4,1.29,1.25,1.425,3314809.0
2020-09-23,1.3,1.23,1.21,1.38,2016539.0
2020-09-24,1.24,1.3,1.24,1.325,1644231.0
2020-09-27,1.34,1.34,1.27,1.4,4933408.0
2020-09-28,1.38,1.36,1.3,1.43,4587314.0
2020-09-29,1.47,1.4,1.35,1.54,7202698.0
2020-09-30,1.45,1.38,1.32,1.47,5092667.0
2020-10-01,1.28,1.3,1.26,1.455,6402683.0
2020-10-04,1.33,1.27,1.26,1.34,1874478.0
2020-10-05,1.27,1.29,1.26,1.33,1675299.0
2020-10-06,1.32,1.35,1.3,1.38,2000944.0
2020-10-07,1.37,1.32,1.32,1.37,876674
2020-10-08,1.34,1.3,1.3,1.35,988474
2020-10-11,1.3,1.29,1.28,1.33,1100777.0
2020-10-12,1.29,1.24,1.1,1.31,2523186.0
2020-10-13,1.24,1.19,1.16,1.255,1707840.0
2020-10-14,1.17,1.14,1.08,1.18,2679221.0
2020-10-15,1.13,1.13,1.11,1.2,1277989.0
2020-10-18,1.12,1.12,1.1,1.17,1660635.0
2020-10-19,1.13,1.18,1.11,1.23,1463755.0
2020-10-20,1.22,1.19,1.18,1.3,2299558.0
2020-10-21,1.22,1.18,1.15,1.22,910685
2020-10-22,1.18,1.18,1.16,1.19,496893
2020-10-25,1.23,1.11,1.1,1.23,2037861.0
2020-10-26,1.1,1.11,1.03,1.11,1384229.0
2020-10-27,1.08,1.05,1.02,1.0888,1563685.0
2020-10-28,1,1.08,1,1.09,1091611.0
2020-10-29,1.07,1.02,1.01,1.08,1439977.0
2020-11-01,1,1.02,1,1.04,764756
2020-11-02,1.01,1.01,0.9634,1.02,1620309.0
2020-11-03,1.02,1.03,1,1.05,738649
2020-11-04,1.03,1.06,1.02,1.07,1323801.0
2020-11-05,1.03,1.03,1.01,1.06,914270
2020-11-08,1.03,1.11,1.01,1.14,1632695.0
2020-11-09,1.12,1.07,1.05,1.13,993419
2020-11-10,1.07,1.1,1.04,1.1,726001
2020-11-11,1.1,1.08,1.07,1.11,787489
2020-11-12,1.1,1.07,1.06,1.12,1063369.0
2020-11-15,1.08,1.09,1.075,1.1,641703
2020-11-16,1.1,1.12,1.07,1.135,1180390.0
2020-11-17,1.15,1.22,1.15,1.24,2419409.0
2020-11-18,1.24,1.15,1.15,1.25,1438426.0
2020-11-19,1.1551,1.18,1.07,1.19,1377105.0
2020-11-22,1.2,1.15,1.15,1.2,1313980.0
2020-11-23,1.14,1.14,1.11,1.16,3659846.0
2020-11-24,1.15,1.15,1.14,1.18,569585
2020-11-26,1.17,1.21,1.15,1.23,1012846.0
2020-11-29,1.23,1.24,1.2,1.32,2622853.0
2020-11-30,1.296,1.29,1.255,1.32,1596922.0
2020-12-01,1.31,1.26,1.21,1.31,1558457.0
2020-12-02,1.3,1.33,1.27,1.36,2311285.0
2020-12-03,1.35,1.53,1.35,1.55,6515292.0
2020-12-06,1.55,1.54,1.51,1.67,8218636.0
2020-12-07,1.54,1.66,1.46,1.75,5858158.0
2020-12-08,1.75,1.6,1.535,1.78,4078482.0
2020-12-09,1.6,1.66,1.55,1.69,2278986.0
2020-12-10,1.7,1.67,1.6,1.7435,2435048.0
2020-12-13,1.6375,1.69,1.6375,1.75,2035289.0
2020-12-14,1.75,1.73,1.69,1.79,2097119.0
2020-12-15,1.8,1.77,1.73,1.82,2628988.0
2020-12-16,1.81,1.72,1.69,1.81,2250001.0
2020-12-17,1.7645,1.74,1.7,1.79,3991401.0
2020-12-20,1.62,1.32,1.29,1.7,13604662.0
2020-12-21,1.28,1.26,1.15,1.31,8697336.0
2020-12-22,1.2,1.25,1.19,1.34,5550272.0
2020-12-23,1.26,1.26,1.22,1.3,2748567.0
2020-12-27,1.26,1.23,1.23,1.29,3169429.0
2020-12-28,1.25,1.25,1.16,1.26,3004816.0
2020-12-29,1.3,1.39,1.29,1.46,6258896.0
2020-12-30,1.39,1.35,1.3,1.41,3765380.0
2021-01-03,1.37,1.32,1.27,1.39,3200282.0
2021-01-04,1.28,1.3,1.23,1.31,1787040.0
2021-01-05,1.3914,1.43,1.36,1.57,8913236.0
2021-01-06,1.55,1.5,1.42,1.55,4356665.0
2021-01-07,1.55,1.49,1.45,1.59,4283895.0
2021-01-10,1.52,1.61,1.46,1.65,5108300.0
2021-01-11,1.64,1.6,1.53,1.66,3860473.0
2021-01-12,1.59,1.48,1.47,1.59,5143184.0
2021-01-13,1.5,1.55,1.42,1.56,3041669.0
2021-01-14,1.5389,1.54,1.47,1.59,2778073.0
2021-01-18,1.555,1.6,1.51,1.61,3525642.0
2021-01-19,1.74,1.63,1.56,1.8,5945758.0
2021-01-20,1.63,1.66,1.57,1.67,3204282.0
2021-01-21,1.65,1.65,1.6,1.69,2812941.0
2021-01-24,1.8,1.85,1.75,1.98,12688400.0
2021-01-25,2,1.9,1.81,2,8184394.0
2021-01-26,1.79,1.72,1.675,1.86,6851030.0
2021-01-27,1.7774,1.7,1.61,1.78,4725567.0
2021-01-28,1.68,1.71,1.62,1.75,3470428.0
2021-01-31,1.75,1.75,1.72,1.8111,3345230.0
2021-02-01,1.8,1.81,1.73,1.82,3243587.0
2021-02-02,1.81,1.99,1.81,1.99,6114792.0
2021-02-03,2.19,2.18,1.9865,2.2714,9939389.0
2021-02-04,2.299,2.27,2.04,2.3,7735680.0
2021-02-07,2.41,2.66,2.36,2.72,10921002.0
2021-02-08,2.855,2.8,2.56,2.88,12280508.0
2021-02-09,3.14,2.98,2.67,3.21,17525373.0
2021-02-10,3.04,2.83,2.72,3.05,9083909.0
2021-02-11,2.84,2.8,2.66,2.95,9290343.0
2021-02-15,3.515,3.02,2.83,3.54,36659407.0
2021-02-16,3.2097,3.19,3.02,3.24,18877862.0
2021-02-17,3.21,3.01,2.93,3.26,11503278.0
2021-02-18,3.1,3.17,3.04,3.3,10192589.0
2021-02-21,3.1,2.995,2.95,3.14,8148700.0
2021-02-22,2.825,2.77,2.44,2.84,10215676.0
2021-02-23,2.82,2.84,2.77,2.97,4488632.0
2021-02-24,2.76,2.62,2.55,2.8834,7363397.0
2021-02-25,2.61,2.72,2.49,2.8,5924417.0
2021-02-28,2.83,2.72,2.67,2.83,3838891.0
2021-03-01,2.73,2.56,2.56,2.75,5401765.0
2021-03-02,2.59,2.57,2.48,2.68,4203316.0
2021-03-03,2.51,2.44,2.28,2.5869,6229949.0
2021-03-04,2.41,2.42,2.06,2.43,5851373.0
2021-03-07,2.45,2.45,2.36,2.57,3165399.0
2021-03-08,2.48,2.7,2.46,2.7,4092010.0
2021-03-09,2.74,2.58,2.51,2.75,3419549.0
2021-03-10,2.65,2.73,2.58,2.78,3147555.0
2021-03-11,2.7,2.86,2.62,2.96,4556053.0
2021-03-14,2.77,2.84,2.69,2.9,5386100.0
2021-03-15,2.88,3.02,2.82,3.07,9236974.0
2021-03-16,2.97,3.01,2.91,3.08,5102182.0
2021-03-17,2.97,3.06,2.95,3.27,7881699.0
2021-03-18,3.08,3.24,3.03,3.33,7343305.0
2021-03-21,3.39,3.18,3.15,3.57,13119700.0
2021-03-22,3.22,2.92,2.83,3.25,12231483.0
2021-03-23,3,2.68,2.68,3.02,4767299.0
2021-03-24,2.62,2.78,2.579,2.9,6521666.0
2021-03-25,2.8,2.75,2.615,2.84,3979180.0
2021-03-28,2.71,2.57,2.55,2.72,3965534.0
2021-03-29,2.59,2.57,2.47,2.645,4742761.0
2021-03-30,2.57,2.6,2.55,2.68,3926332.0
2021-03-31,2.64,2.71,2.62,2.78,3142125.0
2021-04-04,2.75,2.76,2.7,2.9,4560009.0
2021-04-05,2.78,2.71,2.7,2.82,2185428.0
2021-04-06,2.71,2.585,2.57,2.765,3434286.0
2021-04-07,2.5564,2.6,2.53,2.66,2360338.0
2021-04-08,2.63,2.52,2.43,2.63,5698022.0
2021-04-11,2.45,2.32,2.25,2.5,7204511.0
2021-04-12,2.32,2.33,2.31,2.47,4412727.0
2021-04-13,2.33,2.38,2.32,2.51,8351980.0
2021-04-14,2.4,2.32,2.19,2.42,4367775.0
2021-04-15,2.3,2.3,2.2,2.32,3136540.0
2021-04-18,2.26,2.26,2.2,2.37,2955878.0
2021-04-19,2.23,2.18,2.08,2.31,5805206.0
2021-04-20,2.1737,2.43,2.16,2.45,4763104.0
2021-04-21,2.46,2.53,2.36,2.655,5247267.0
2021-04-22,2.54,2.68,2.51,2.715,3469199.0
2021-04-25,2.66,2.96,2.66,2.98,4867943.0
2021-04-26,2.92,2.92,2.795,2.95,3505057.0
2021-04-27,2.87,2.95,2.79,3.04,4139449.0
2021-04-28,3,2.87,2.84,3.07,4247816.0
2021-04-29,2.86,2.88,2.8,3.02,7577231.0
2021-05-02,2.91,2.79,2.61,2.92,5855522.0
2021-05-03,2.7608,2.9,2.65,2.94,7253486.0
2021-05-04,2.9266,2.775,2.71,2.99,7065314.0
2021-05-05,2.8,2.62,2.495,2.82,6725539.0
2021-05-06,2.645,2.67,2.61,2.76,9104126.0
2021-05-09,2.68,2.39,2.36,2.7,12636118.0
2021-05-10,2.27,2.49,2.22,2.51,6594876.0
2021-05-11,2.4,2.37,2.355,2.51,3808558.0
2021-05-12,2.4,2.28,2.24,2.47,3241879.0
2021-05-13,2.3,2.34,2.29,2.4,3612814.0
2021-05-16,2.34,2.54,2.32,2.555,2889853.0
2021-05-17,2.69,2.66,2.56,2.78,4719760.0
2021-05-18,2.6,2.82,2.54,2.845,5489353.0
2021-05-19,2.83,2.89,2.75,2.95,3798998.0
2021-05-20,2.95,2.96,2.825,2.99,4347195.0
2021-05-23,2.97,2.94,2.9,3.09,4703556.0
2021-05-24,2.92,2.91,2.875,3.05,5086374.0
2021-05-25,2.95,2.95,2.91,3.0299,5276671.0
2021-05-26,2.9812,3.16,2.95,3.2,6562046.0
2021-05-27,3.2,3.35,3.09,3.41,6501020.0
2021-05-31,3.47,3.87,3.32,3.885,15666959.0
2021-06-01,3.9,3.71,3.48,3.93,10803191.0
2021-06-02,3.61,3.7,3.555,3.83,4056482.0
2021-06-03,3.74,3.75,3.655,3.785,4350036.0
2021-06-06,3.81,3.96,3.76,4.11,7627121.0
2021-06-07,3.9971,4.13,3.86,4.17,7100314.0
2021-06-08,4.17,4.18,4.03,4.32,5549140.0
2021-06-09,4.19,4.18,4.03,4.295,4903881.0
2021-06-10,4.279,4.25,4.11,4.285,4066507.0
2021-06-13,4.35,4.25,4.18,4.37,5798498.0
2021-06-14,4.29,4.2,4.055,4.29,4476114.0
2021-06-15,4.16,4.26,4.135,4.29,4602901.0
2021-06-16,4.26,4.5,4.2295,4.68,12579687.0
2021-06-17,4.64,4.35,4.2,4.65,25431459.0
2021-06-20,4.3144,4.17,4.07,4.545,6632204.0
2021-06-21,4.11,4.14,4.07,4.215,5802610.0
2021-06-22,4.2,4.12,4.06,4.275,3509860.0
2021-06-23,4.16,4.19,4.12,4.25,3519491.0
2021-06-24,4.19,4.17,4.15,4.32,26832916.0
2021-06-27,4.245,4.51,4.17,4.51,8254211.0
2021-06-28,4.57,4.66,4.51,4.8,12015829.0
2021-06-29,4.7287,4.62,4.53,4.76,4491237.0
2021-06-30,4.62,4.52,4.36,4.65,4677657.0
2021-07-01,4.5,4.25,4.22,4.59,6291794.0
2021-07-05,4.3,4.1,4.03,4.35,5572908.0
2021-07-06,4.09,3.88,3.77,4.13,7093974.0
2021-07-07,3.7093,3.92,3.66,3.99,5177553.0
2021-07-08,4,4.07,3.91,4.23,5482770.0
2021-07-11,4.09,3.88,3.82,4.148,5167984.0
2021-07-12,3.87,3.84,3.83,3.96,2649971.0
2021-07-13,3.85,3.82,3.79,4.1415,5555238.0
2021-07-14,3.83,3.67,3.61,3.869,5521433.0
2021-07-15,3.7,3.77,3.7,3.83,4049633.0
2021-07-18,3.77,3.93,3.7,3.96,5947570.0
2021-07-19,3.99,3.86,3.74,4,4482157.0
2021-07-20,3.96,4.13,3.9075,4.15,5108452.0
2021-07-21,4.2,4.04,3.98,4.2,4082186.0
2021-07-22,4.04,3.86,3.81,4.1,4413590.0
2021-07-25,3.91,3.75,3.73,3.97,5386227.0
2021-07-26,3.75,3.84,3.55,3.99,7752035.0
2021-07-27,3.82,3.85,3.76,3.89,4100789.0
2021-07-28,3.82,3.75,3.66,3.855,6341558.0
2021-07-29,3.73,3.73,3.65,3.84,3423406.0
2021-08-01,3.79,3.93,3.755,3.98,5116924.0
2021-08-02,3.93,3.99,3.815,4.03,4232336.0
2021-08-03,4,3.86,3.8401,4.09,4859620.0
2021-08-04,3.95,4.17,3.9,4.2,8234183.0
2021-08-05,4.23,4.19,4.04,4.27,7167937.0
2021-08-08,4.19,3.92,3.86,4.27,12148004.0
2021-08-09,4,3.82,3.8,4.03,7450809.0
2021-08-10,3.86,4.04,3.65,4.155,8593492.0
2021-08-11,4.11,4.91,4.03,5.03,33268792.0
2021-08-12,5.22,2.11,0.7,6.04,138511810.0
2021-08-15,1.53,1.22,1.18,1.6,135331231.0
2021-08-16,1.31,1.51,1.3,1.69,160159240.0
2021-08-17,1.44,1.31,1.25,1.52,90052568.0
2021-08-18,1.17,1.11,1.1,1.25,43682985.0
2021-08-19,1.1,1,0.9218,1.1,55771092.0
2021-08-22,1,1.13,0.9901,1.19,52376332.0
2021-08-23,1.12,1.05,1.01,1.15,37210646.0
2021-08-24,1.04,1.07,1.02,1.11,31008426.0
2021-08-25,1.06,1,1,1.08,27359450.0
2021-08-26,1.02,0.9763,0.965,1.02,22284210.0
2021-08-29,0.98,0.9201,0.9201,0.988,19094395.0
2021-08-30,0.918,0.9479,0.89,1.01,20331533.0
2021-08-31,0.9714,0.9871,0.9629,1.04,17502174.0
2021-09-01,0.9901,1.07,0.99,1.09,20556103.0
2021-09-02,1.05,1.02,1.01,1.07,9651527.0
2021-09-06,1.02,1,1,1.07,9848957.0
2021-09-07,1.01,0.955,0.94,1.02,11215512.0
2021-09-08,0.9272,0.976,0.91,1.02,9200125.0
2021-09-09,0.9876,0.97,0.9601,1.02,12321327.0
2021-09-12,0.9735,0.9381,0.917,0.982,10695143.0
2021-09-13,0.9333,0.923,0.923,0.96,9985525.0
2021-09-14,0.9347,0.9356,0.9,0.9357,10032787.0
2021-09-15,0.929,0.9288,0.910201,0.9366,6284062.0
2021-09-16,0.919,0.9084,0.9084,0.9499,21494543.0
2021-09-19,0.89,0.8331,0.815,0.9,15111930.0
2021-09-20,0.8499,0.8051,0.8,0.8643,9570378.0
2021-09-21,0.8149,0.7964,0.7525,0.82,18286855.0
2021-09-22,0.8,0.8858,0.7949,0.9049,17097539.0
2021-09-23,0.865,0.8326,0.8201,0.8799,6722516.0
2021-09-26,0.8293,0.8229,0.8024,0.86,8214769.0
2021-09-27,0.825,0.78,0.778,0.8293,10562527.0
2021-09-28,0.7947,0.7656,0.761,0.815,6856748.0
2021-09-29,0.78,0.7932,0.734,0.81,8246571.0
2021-09-30,0.7858,0.7815,0.7504,0.8097,6403905.0
2021-10-03,0.7746,0.74,0.74,0.78,6717013.0
2021-10-04,0.7326,0.7757,0.7303,0.7898,7892796.0
2021-10-05,0.742,0.728,0.728,0.7678,6328169.0
2021-10-06,0.7351,0.74,0.73,0.77,6300413.0
2021-10-07,0.738,0.7343,0.7307,0.7501,3471727.0
2021-10-10,0.7393,0.7402,0.73,0.754,3528581.0
2021-10-11,0.76,0.8274,0.7501,0.86,10573502.0
2021-10-12,0.8648,1.05,0.855,1.06,27783777.0
2021-10-13,1.0601,0.8831,0.862,1.07,32431483.0
2021-10-14,0.8889,0.9578,0.87,1.01,17781410.0
2021-10-17,0.9283,0.9387,0.9202,0.988,7146223.0
2021-10-18,0.9312,1.01,0.9312,1.03,20708791.0
2021-10-19,1.17,1.27,1.15,1.47,207359627.0
2021-10-20,1.39,1.25,1.15,1.4,81059430.0
2021-10-21,1.13,1.15,1.12,1.23,26784837.0
2021-10-24,1.095,1.2,1.08,1.25,21058243.0
2021-10-25,1.23,1.2,1.13,1.25,16298168.0
2021-10-26,1.18,1.15,1.11,1.22,15944220.0
2021-10-27,1.16,1.24,1.14,1.28,19949264.0
2021-10-28,1.22,1.21,1.18,1.25,13247805.0
2021-10-31,1.22,1.21,1.14,1.23,24900008.0
2021-11-01,1.1716,1.18,1.13,1.195,12102576.0
2021-11-02,1.15,1.28,1.15,1.34,28204400.0
2021-11-03,1.28,1.27,1.24,1.38,17114420.0
2021-11-04,1.27,1.18,1.14,1.28,16235718.0
2021-11-07,1.2221,1.23,1.2,1.34,20156411.0
2021-11-08,1.24,1.22,1.18,1.24,8960776.0
2021-11-09,1.22,1.15,1.13,1.24,9012789.0
2021-11-10,1.16,1.18,1.15,1.22,6298650.0
2021-11-11,1.18,1.2,1.17,1.21,3441253.0
2021-11-14,1.2,1.2,1.19,1.2699,5921787.0
2021-11-15,1.19,1.16,1.15,1.19,5263373.0
2021-11-16,1.17,1.1,1.09,1.18,7523936.0
2021-11-17,1.132,1.03,1.02,1.14,7831073.0
2021-11-18,1.02,1.07,1.01,1.14,5582400.0
2021-11-21,1.07,1.07,1.05,1.12,4479246.0
2021-11-22,1.07,1.05,1.03,1.09,3721301.0
2021-11-23,1.06,1.09,1.04,1.1171,3163402.0
2021-11-25,1.058,1.08,1.05,1.14,2886624.0
2021-11-28,1.08,1.07,1.07,1.13,3309776.0
2021-11-29,1.06,1.05,1.03,1.1,4614615.0
2021-11-30,1.06,1.01,1,1.12,7063056.0
2021-12-01,1.02,1.01,0.9601,1.04,3888644.0
2021-12-02,1.01,0.9129,0.91,1.0178,5006397.0
2021-12-05,0.93,0.9617,0.914,1.0076,4727988.0
2021-12-06,0.995,1.09,0.9936,1.11,5606303.0
2021-12-07,1.09,1.08,1.04,1.1,3223821.0
2021-12-08,0.8433,0.8901,0.8399,0.9499,15791577.0
2021-12-09,0.9211,0.8801,0.868,0.9267,5153542.0
2021-12-12,0.88,0.8164,0.81,0.9098,5494309.0
2021-12-13,0.807,0.8293,0.8,0.8589,4407277.0
2021-12-14,0.84,0.8892,0.802,0.9,4544167.0
2021-12-15,0.8999,0.8533,0.8361,0.9183,3798031.0
2021-12-16,0.85,0.8774,0.79,0.8783,7240392.0
2021-12-19,0.85,0.8735,0.8225,0.8898,2284515.0
2021-12-20,0.8623,0.8909,0.8525,0.9008,3414255.0
2021-12-21,0.889,0.8904,0.8566,0.8998,2410018.0
2021-12-22,0.896,0.8842,0.8721,0.8999,1731014.0
2021-12-26,0.8732,0.8684,0.85,0.8796,2605981.0
2021-12-27,0.865,0.8287,0.8206,0.8684,2494190.0
2021-12-28,0.82,0.8036,0.8,0.8399,3335764.0
2021-12-29,0.8,0.8112,0.8,0.858,4513296.0
2021-12-30,0.8131,0.815,0.81,0.8399,3039869.0
2022-01-02,0.83,0.8554,0.815,0.862,2083139.0
2022-01-03,0.862,0.8453,0.8396,0.875,1824856.0
2022-01-04,0.8553,0.8202,0.8,0.87,2027469.0
2022-01-05,0.8147,0.8393,0.7951,0.8434,2585019.0
2022-01-06,0.81,0.8287,0.81,0.85,1783214.0
2022-01-09,0.8154,0.82,0.798,0.8287,2260787.0
2022-01-10,0.81,0.8193,0.81,0.8479,1485761.0
2022-01-11,0.82,0.8,0.8,0.83,2000852.0
2022-01-12,0.8,0.77,0.77,0.8029,2099589.0
2022-01-13,0.782,0.7868,0.7521,0.79,2204087.0
2022-01-17,0.7843,0.74,0.74,0.7843,2021322.0
2022-01-18,0.75,0.7104,0.71,0.75,1696349.0
2022-01-19,0.715,0.719,0.71,0.75,1779635.0
2022-01-20,0.708,0.7061,0.7,0.7296,2129238.0
2022-01-23,0.7,0.733,0.6682,0.74,3424279.0
2022-01-24,0.6983,0.7449,0.6961,0.75,1499274.0
2022-01-25,0.7509,0.723,0.713,0.7599,1889043.0
2022-01-26,0.7296,0.695,0.681,0.749999,1382408.0
2022-01-27,0.6815,0.6998,0.66,0.6998,1865583.0
2022-01-30,0.7,0.7409,0.6877,0.7487,1759632.0
2022-01-31,0.7524,0.7321,0.7157,0.755999,1059229.0
2022-02-01,0.73,0.69,0.69,0.749899,1562572.0
2022-02-02,0.691,0.6706,0.67,0.7,1120677.0
2022-02-03,0.69,0.697,0.6612,0.697,1613021.0
2022-02-06,0.7,0.7363,0.69,0.7403,1747245.0
2022-02-07,0.72,0.7243,0.7051,0.7299,1393525.0
2022-02-08,0.7305,0.7415,0.71,0.745,1505726.0
2022-02-09,0.7329,0.7025,0.7025,0.75,2583657.0
2022-02-10,0.715,0.6931,0.69,0.7298,1249265.0
2022-02-13,0.6931,0.6858,0.683,0.7056,1233715.0
2022-02-14,0.7,0.7075,0.69,0.72,1223009.0
2022-02-15,0.7,0.706,0.6903,0.72,817248
2022-02-16,0.718,0.6806,0.6756,0.7199,1588969.0
2022-02-17,0.68,0.6705,0.6612,0.692799,1659735.0
2022-02-21,0.66,0.6327,0.625,0.67,2491782.0
2022-02-22,0.64,0.6144,0.6101,0.6443,1633858.0
2022-02-23,0.59,0.6348,0.56,0.65,3112090.0
2022-02-24,0.629,0.6285,0.6101,0.64,1025934.0
2022-02-27,0.63,0.6343,0.63,0.668899,1724318.0
2022-02-28,0.67,0.6132,0.61,0.67,1769465.0
2022-03-01,0.6287,0.6152,0.6,0.6289,1363029.0
2022-03-02,0.633,0.5925,0.5811,0.633,2584853.0
2022-03-03,0.5845,0.5756,0.5618,0.5997,2130104.0
2022-03-06,0.5671,0.5974,0.5618,0.6184,2379748.0
2022-03-07,0.6,0.6182,0.595,0.64,1825552.0
2022-03-08,0.63,0.6765,0.625,0.69,2071818.0
2022-03-09,0.6764,0.6737,0.65,0.7,1249882.0
2022-03-10,0.7,0.6257,0.62,0.7,1348932.0
2022-03-13,0.63,0.598,0.58,0.649999,1362977.0
2022-03-14,0.6095,0.6125,0.5757,0.6198,1270908.0
2022-03-15,0.62,0.6352,0.6028,0.64,1316658.0
2022-03-16,0.6199,0.6821,0.6103,0.6998,1816328.0
2022-03-17,0.6712,0.7342,0.67,0.7342,2768070.0
2022-03-20,0.73,0.7025,0.6903,0.74,1514650.0
2022-03-21,0.7025,0.7079,0.7025,0.7399,1122561.0
2022-03-22,0.7,0.6802,0.6745,0.7112,1926196.0
2022-03-23,0.6868,0.7071,0.6802,0.723,1600467.0
2022-03-24,0.708,0.6963,0.6701,0.71,1880676.0
2022-03-27,0.72,0.6892,0.6601,0.72,2243085.0
2022-03-28,0.69,0.6746,0.66,0.695,2023219.0
2022-03-29,0.65,0.6087,0.6,0.66,6319690.0
2022-03-30,0.6248,0.6027,0.6,0.63,1691332.0
2022-03-31,0.6101,0.6005,0.5812,0.614374,1570765.0
2022-04-03,0.6,0.6186,0.5998,0.65,2424567.0
2022-04-04,0.61,0.6172,0.603,0.63,1590920.0
2022-04-05,0.602,0.593,0.585,0.6199,1869085.0
2022-04-06,0.5871,0.5883,0.5775,0.6,1244541.0
2022-04-07,0.6,0.5696,0.567,0.6,1399469.0
2022-04-10,0.58,0.5459,0.5413,0.58,2562462.0
2022-04-11,0.55,0.5326,0.5301,0.5525,1688078.0
2022-04-12,0.5379,0.5001,0.5,0.5379,2803479.0
2022-04-13,0.5,0.5074,0.5,0.5256,1986289.0
2022-04-17,0.5023,0.4709,0.4702,0.5145,2294440.0
2022-04-18,0.48,0.4844,0.4709,0.4969,1903274.0
2022-04-19,0.4976,0.472,0.47,0.4976,1557248.0
2022-04-20,0.4733,0.4341,0.4228,0.4799,2815826.0
2022-04-21,0.4282,0.445,0.4282,0.4487,1050953.0
2022-04-24,0.4483,0.4378,0.4212,0.4602,1080955.0
2022-04-25,0.44,0.4118,0.4051,0.4496,1655786.0
2022-04-26,0.4302,0.4031,0.4013,0.4326,1184688.0
2022-04-27,0.41,0.3856,0.37,0.4114,3077977.0
2022-04-28,0.3852,0.3801,0.3721,0.4061,2181873.0
2022-05-01,0.394,0.3944,0.365,0.3944,1575489.0
2022-05-02,0.465,0.5126,0.435,0.56,68712836.0
2022-05-03,0.4899,0.5164,0.4649,0.5258,12242735.0
2022-05-04,0.5009,0.578,0.47,0.627599,19400724.0
2022-05-05,0.5942,0.538,0.5199,0.64,11419266.0
2022-05-08,0.51,0.4662,0.4301,0.525,7055657.0
2022-05-09,0.4662,0.4818,0.4662,0.5077,5193608.0
2022-05-10,0.47,0.4101,0.41,0.48,4315441.0
2022-05-11,0.4101,0.409,0.394,0.44,3320293.0
2022-05-12,0.42,0.4331,0.42,0.44375,2316746.0
2022-05-15,0.43,0.414,0.4104,0.449,1878558.0
2022-05-16,0.439,0.4482,0.42,0.456,3340603.0
2022-05-17,0.46,0.5128,0.458101,0.54,4808480.0
2022-05-18,0.5198,0.5,0.4985,0.5455,1925171.0
2022-05-19,0.5006,0.4945,0.45,0.52,2187599.0
2022-05-22,0.5355,0.5144,0.5018,0.5428,2074306.0
2022-05-23,0.5098,0.521,0.4773,0.5379,5413567.0
2022-05-24,0.51,0.5045,0.5,0.5345,1982513.0
2022-05-25,0.51,0.5223,0.4907,0.528,2347253.0
2022-05-26,0.5227,0.5252,0.4909,0.531,2717481.0
2022-05-30,0.5282,0.6129,0.5201,0.6488,7192417.0
2022-05-31,0.63,0.5834,0.5501,0.632,4990138.0
2022-06-01,0.5719,0.5878,0.569,0.6092,3660576.0
2022-06-02,0.58,0.5672,0.5601,0.6015,2723566.0
2022-06-05,0.5812,0.6821,0.5677,0.696,11557986.0
2022-06-06,0.69,0.6802,0.62,0.6983,4184851.0
2022-06-07,0.6735,0.705,0.66,0.71,2536717.0
2022-06-08,0.71,0.8287,0.6811,0.8401,6597121.0
2022-06-09,0.82,0.7293,0.7206,0.835,3389174.0
2022-06-12,0.7,0.6452,0.58,0.7099,4387357.0
2022-06-13,0.6601,0.6182,0.6114,0.6786,2854431.0
2022-06-14,0.6347,0.6315,0.60105,0.64,2180450.0
2022-06-15,0.6315,0.5882,0.583,0.6315,3756050.0
2022-06-16,0.6209,0.76,0.6101,0.95,28499308.0
2022-06-20,0.8,0.887,0.79,0.8924,7545026.0
2022-06-21,0.7973,0.79,0.78,0.8799,5620687.0
2022-06-22,0.8324,0.8247,0.76,0.84,4348878.0
2022-06-23,0.8458,0.8177,0.8092,0.8681,24867923.0
2022-06-26,0.81,0.8141,0.7625,0.84,3868046.0
2022-06-27,0.8379,0.8187,0.7946,0.839,2326821.0
2022-06-28,0.81,0.7969,0.781,0.835,2280651.0
2022-06-29,0.8,0.8104,0.78,0.8302,2242487.0
2022-06-30,0.82,0.7989,0.7811,0.8708,4307976.0
2022-07-04,0.7898,0.8424,0.7898,0.85,2716490.0
2022-07-05,0.83,0.8443,0.8222,0.8749,1824603.0
2022-07-06,0.855,0.9327,0.85,0.936,3386570.0
2022-07-07,0.9203,0.924,0.8721,0.95,2016812.0
2022-07-10,0.9048,0.85,0.83,0.918,3526977.0
2022-07-11,0.8311,0.8699,0.7947,0.8718,1928438.0
2022-07-12,0.85,0.9291,0.8401,0.94,2864208.0
2022-07-13,0.94,0.906,0.9029,0.965,2515512.0
2022-07-14,0.91,0.9001,0.86,0.919499,1788865.0
2022-07-17,0.6601,0.6157,0.6055,0.7288,15568219.0
2022-07-18,0.62,0.6455,0.6005,0.68,5325421.0
2022-07-19,0.6474,0.6676,0.6474,0.6896,3078074.0
2022-07-20,0.675,0.6851,0.67,0.7,2057190.0
2022-07-21,0.69,0.6567,0.6521,0.69,1844657.0
2022-07-24,0.6437,0.645,0.615,0.6656,1443389.0
2022-07-25,0.65,0.6481,0.618,0.6562,1808431.0
2022-07-26,0.655,0.6927,0.64,0.6968,1835841.0
2022-07-27,0.69,0.8081,0.6866,0.86,5221478.0
2022-07-28,0.8007,0.785,0.76,0.82,1629622.0
2022-07-31,0.78,0.7767,0.76,0.8,1589361.0
2022-08-01,0.76,0.7808,0.755601,0.812199,1331532.0
2022-08-02,0.7781,0.755,0.75,0.81,1306857.0
2022-08-03,0.78,0.7301,0.73,0.7888,1269226.0
2022-08-04,0.71,0.7313,0.7002,0.7329,1780415.0
2022-08-07,0.733,0.73,0.7206,0.7498,953169
2022-08-08,0.71,0.7057,0.6606,0.7299,1877768.0
2022-08-09,0.7133,0.7032,0.6901,0.7133,1056412.0
2022-08-10,0.7013,0.704,0.692,0.7469,1184215.0
2022-08-11,0.71,0.7001,0.6932,0.72,1186305.0
2022-08-14,0.7035,0.7298,0.7,0.73,985208
2022-08-15,0.7449,0.7175,0.71,0.7449,1010487.0
2022-08-16,0.701,0.688,0.6812,0.7373,1669702.0
2022-08-17,0.69,0.6952,0.6814,0.7179,818939
2022-08-18,0.696,0.69,0.68,0.708499,726957
2022-08-21,0.6854,0.6464,0.6331,0.6854,1524077.0
2022-08-22,0.67,0.6577,0.63,0.675,1358211.0
2022-08-23,0.65,0.6566,0.62,0.669,1713594.0
2022-08-24,0.66,0.6759,0.6515,0.6867,670005
2022-08-25,0.682,0.6428,0.64,0.682,804970
2022-08-28,0.63,0.66,0.624,0.6624,859787
2022-08-29,0.66,0.68,0.635,0.689999,1310975.0
2022-08-30,0.6644,0.69,0.6644,0.705,1035637.0
2022-08-31,0.681,0.6898,0.6625,0.7,437776
2022-09-01,0.6898,0.66,0.65,0.6898,1027992.0
2022-09-05,0.69,0.6,0.5976,0.69,1526858.0
2022-09-06,0.61,0.6158,0.591,0.6411,1737246.0
2022-09-07,0.62,0.651,0.602,0.658,895350
2022-09-08,0.6456,0.653,0.621,0.6599,619895
2022-09-11,0.653,0.6552,0.64,0.68,607149
2022-09-12,0.64,0.6555,0.6326,0.66,390359
2022-09-13,0.65,0.6425,0.625,0.663599,504285
2022-09-14,0.65,0.6699,0.65,0.685,520522
2022-09-15,0.67,0.6845,0.645,0.6845,659095
2022-09-18,0.664,0.68,0.65,0.68,750229
2022-09-19,0.66,0.6692,0.6405,0.68,705658
2022-09-20,0.58,0.4501,0.401,0.6024,12314274.0
2022-09-21,0.47,0.4301,0.4213,0.474,1806042.0
2022-09-22,0.43,0.4102,0.4001,0.445,1440268.0
2022-09-25,0.42,0.3892,0.3812,0.44,1292270.0
2022-09-26,0.4,0.38,0.365,0.412,1981707.0
2022-09-27,0.39,0.391,0.38,0.3999,823042
2022-09-28,0.39,0.3893,0.38,0.397,805364
2022-09-29,0.39,0.425,0.3893,0.4268,1091931.0
2022-10-02,0.42,0.445,0.411,0.45,1445002.0
2022-10-03,0.445,0.4955,0.445,0.508999,1382109.0
2022-10-04,0.4182,0.4799,0.4182,0.4938,1193569.0
2022-10-05,0.487,0.5001,0.47,0.52,404974
2022-10-06,0.4971,0.483,0.4755,0.5137,440226
2022-10-09,0.4823,0.495,0.4823,0.4985,343572
2022-10-10,0.49,0.5089,0.4702,0.5147,1053177.0
2022-10-11,0.49,0.4997,0.49,0.5124,453795
2022-10-12,0.4782,0.5001,0.4782,0.51,623331
2022-10-13,0.4998,0.502,0.49,0.5147,628337
2022-10-16,0.4869,0.51,0.48,0.51,1449312.0
2022-10-17,0.5,0.5013,0.4905,0.5147,908652
2022-10-18,0.5,0.4697,0.45,0.51,1419718.0
2022-10-19,0.4647,0.495,0.4647,0.505,892166
2022-10-20,0.48,0.495,0.4766,0.505,559764
2022-10-23,0.4835,0.4986,0.47,0.505,1324692.0
2022-10-24,0.4932,0.5006,0.4901,0.5059,687541
2022-10-25,0.4976,0.5209,0.495,0.5384,782741
2022-10-26,0.5341,0.5225,0.5,0.539,608734
2022-10-27,0.512,0.5518,0.5055,0.56,528425
2022-10-30,0.54,0.5582,0.54,0.5687,527506
2022-10-31,0.5758,0.56,0.55,0.5794,368618
2022-11-01,0.55,0.5453,0.54,0.57,530276
2022-11-02,0.54,0.5551,0.5213,0.5575,412090
2022-11-03,0.53,0.542,0.5203,0.5551,652198
2022-11-06,0.5502,0.545,0.5005,0.57,1429705.0
2022-11-07,0.53,0.5447,0.511,0.56,1342151.0
2022-11-08,0.55,0.5447,0.52,0.5599,917503
2022-11-09,0.55,0.5525,0.533,0.56,640114
2022-11-10,0.545,0.5438,0.537,0.56,606277
2022-11-13,0.5487,0.55,0.527,0.56,543723
2022-11-14,0.54,0.5509,0.54,0.57,889982
2022-11-15,0.54,0.565,0.54,0.5658,654311
2022-11-16,0.55,0.5683,0.54,0.5775,692344
2022-11-17,0.5483,0.5671,0.54,0.58,1139852.0
2022-11-20,0.5597,0.5531,0.5401,0.5695,608499
2022-11-21,0.56,0.54,0.54,0.56346,1026398.0
2022-11-22,0.54,0.5352,0.521,0.555001,712634
2022-11-24,0.52,0.5419,0.5012,0.549,231603
2022-11-27,0.5331,0.535,0.51,0.5419,1041482.0
2022-11-28,0.51,0.56,0.51,0.5782,4633393.0
2022-11-29,0.56,0.5538,0.5262,0.58,974566
2022-11-30,0.5603,0.55,0.5361,0.5603,396663
2022-12-01,0.4627,0.539,0.4567,0.558,1227931.0
2022-12-04,0.5302,0.54,0.5211,0.55,2059275.0
2022-12-05,0.54,0.5424,0.51,0.5575,879177
2022-12-06,0.54,0.5325,0.521,0.554,479036
2022-12-07,0.52,0.5195,0.510901,0.538,469072
2022-12-08,0.52,0.53,0.52,0.5499,830533
2022-12-11,0.52,0.5384,0.52,0.55,625420
2022-12-12,0.54,0.535,0.5254,0.545,377413
2022-12-13,0.5262,0.5246,0.5102,0.5449,515945
2022-12-14,0.5102,0.5085,0.5085,0.5277,769500
2022-12-15,0.5,0.4987,0.4987,0.5888,5007167.0
2022-12-18,0.4836,0.4855,0.45,0.5147,2297296.0
2022-12-19,0.47,0.499,0.4628,0.5228,630224
2022-12-20,0.51,0.512,0.4955,0.52,732457
2022-12-21,0.5,0.5005,0.4871,0.5099,646188
2022-12-22,0.49,0.5101,0.49,0.5169,500585
2022-12-26,0.4925,0.51,0.49,0.522,693828
2022-12-27,0.49,0.5033,0.49,0.51,1134580.0
2022-12-28,0.49,0.5051,0.48,0.5198,3299258.0
2022-12-29,0.58,0.6095,0.561,0.64,5500363.0
2023-01-02,0.57,0.639,0.57,0.639,1183735.0
2023-01-03,0.63,0.6339,0.6,0.6379,755768
2023-01-04,0.6299,0.64,0.61,0.64,678711
2023-01-05,0.6314,0.6316,0.615,0.65,427391
2023-01-08,0.63,0.6221,0.6139,0.6316,548073
2023-01-09,0.6253,0.6295,0.6,0.63,428121
2023-01-10,0.62,0.6221,0.6123,0.635,506195
2023-01-11,0.62,0.6296,0.615,0.635,648645
2023-01-12,0.6287,0.6315,0.618,0.65,811825
2023-01-16,0.62,0.6493,0.62,0.6498,375986
2023-01-17,0.65,0.6322,0.615,0.65,1166548.0
2023-01-18,0.633,0.62,0.61,0.633,575712
2023-01-19,0.62,0.6261,0.6101,0.63,489050
2023-01-22,0.62,0.629,0.62,0.63,696688
2023-01-23,0.621,0.6278,0.6201,0.635,326584
2023-01-24,0.6201,0.6304,0.6201,0.638,767545
2023-01-25,0.63,0.6136,0.6046,0.6327,1306271.0
2023-01-26,0.6037,0.6306,0.6,0.64,623458
2023-01-29,0.63,0.61,0.6,0.63,1323404.0
2023-01-30,0.6101,0.6183,0.6051,0.6299,1265249.0
2023-01-31,0.6101,0.5902,0.585,0.624,1241564.0
2023-02-01,0.5902,0.5878,0.57,0.619,1425030.0
2023-02-02,0.6,0.5902,0.5851,0.61,847338
2023-02-05,0.5722,0.5805,0.5722,0.59,821674
2023-02-06,0.5779,0.6,0.5701,0.6,787590
2023-02-07,0.5701,0.5658,0.562801,0.5987,436580
2023-02-08,0.5899,0.5795,0.55,0.5899,534732
2023-02-09,0.5501,0.557,0.5476,0.5749,473417
2023-02-12,0.54,0.5383,0.525,0.5555,864301
2023-02-13,0.6005,0.6147,0.5801,0.63,2226564.0
2023-02-14,0.6288,0.6062,0.6,0.629,1346483.0
2023-02-15,0.606,0.6083,0.6047,0.628,765299
2023-02-16,0.6062,0.61,0.592,0.6199,1043864.0
2023-02-20,0.6012,0.5782,0.5752,0.615,1565485.0
2023-02-21,0.581,0.5695,0.562,0.595,580189
2023-02-22,0.569,0.5905,0.569,0.6,312724
2023-02-23,0.5971,0.585,0.581,0.599,374963
2023-02-26,0.585,0.5835,0.582,0.5999,650199
2023-02-27,0.5701,0.58,0.5701,0.5989,801465
2023-02-28,0.58,0.5907,0.58,0.5989,296377
2023-03-01,0.5989,0.5841,0.58,0.6449,4802883.0
2023-03-02,0.605,0.6168,0.5901,0.629,2224957.0
2023-03-05,0.5399,0.5861,0.53,0.5933,5768339.0
2023-03-06,0.5732,0.6288,0.57,0.6288,1866600.0
